4202,'DIM',511,,7583,77,,,2,40,,7620,77,,,2,68,,7593,77,,,2,30,,7580,77,,,2,70,,7604,77,,,2,30,,7602,77,,,2,72,,7607,77,,,2,31,,7610,77,,,2,70,,7581,77,,,2,33,,7615,77,,,2,71,,7612,77,,,2,30,,7618,77,,,2,55,,7605,77,,,2,18,,7611,77,,,2,22,,7606,77,,,2,60,,7601,77,,,2,21,,1847,77,,,2,21,,7621,77,,,2,62,,7603,77,,,2,18,,7619,77,,,2,23,,7578,77,,,2,60,,7623,77,,,2,18,,7608,77,,,2,22,,7609,77,,,2,59,,7613,77,,,2,21,,7584,77,,,2,20,,7616,77,,,2,57,,7585,77,,,2,24,,7617,77,,,2,20,,7622,77,,,2,59,,7588,77,,,2,25,,7614,77,,,2,75,,7591,77,,,2,36,,7594,77,,,2,69,,7597,77,,,2,29,,7579,77,,,2,72,,7599,77,,,2,30,,7586,77,,,2,69,,7589,77,,,2,27,,7582,77,,,2,68,,7595,77,,,2,31,,7598,77,,,2,68,,7587,77,,,2,30,,7590,77,,,2,68,,7592,77,,,2,29,,7596,77,,,2,79,,7600,77,,,2
4202,'SAM',511,,7626,77,,,2,41,,7624,77,,,2,67,,7640,77,,,2,23,,7662,77,,,2,83,,7653,77,,,2,26,,7647,77,,,2,74,,7635,77,,,2,33,,7663,77,,,2,66,,7651,77,,,2,30,,7654,77,,,2,74,,7658,77,,,2,28,,7648,77,,,2,54,,7670,77,,,2,21,,7665,77,,,2,20,,7646,77,,,2,60,,7669,77,,,2,19,,7656,77,,,2,21,,7642,77,,,2,64,,7666,77,,,2,16,,7649,77,,,2,23,,7671,77,,,2,62,,7650,77,,,2,16,,7652,77,,,2,24,,7643,77,,,2,60,,7657,77,,,2,19,,7668,77,,,2,23,,7655,77,,,2,55,,7659,77,,,2,23,,7628,77,,,2,20,,7667,77,,,2,60,,7664,77,,,2,25,,7636,77,,,2,75,,7660,77,,,2,36,,7661,77,,,2,71,,7641,77,,,2,27,,7625,77,,,2,69,,7629,77,,,2,28,,7631,77,,,2,74,,7633,77,,,2,26,,7634,77,,,2,69,,7627,77,,,2,31,,7630,77,,,2,64,,7632,77,,,2,33,,7637,77,,,2,68,,7638,77,,,2,31,,7639,77,,,2,78,,7644,77,,,2,30,,7645,77,,,2
4202,'SEM',510,,7696,77,,,2,104,,7720,77,,,2,23,,7726,77,,,2,13,,7730,77,,,2,9,,7734,77,,,2,45,,7736,77,,,2,6,,7673,77,,,2,6,,7676,77,,,2,3,,7738,19,,,2,3,,7679,77,,,2,2,,7737,19,,,2,2,,7681,77,,,2,6,,7683,77,,,2,6,,7687,77,,,2,9,,7717,77,,,2,55,,7724,77,,,2,11,,7677,77,,,2,9,,7728,77,,,2,12,,7686,77,,,2,11,,7721,77,,,2,14,,7733,77,,,2,49,,7727,77,,,2,11,,7731,77,,,2,17,,7735,77,,,2,18,,7698,77,,,2,54,,7684,77,,,2,24,,7678,77,,,2,16,,7689,77,,,2,69,,7719,77,,,2,10,,7729,77,,,2,25,,7697,77,,,2,56,,7675,77,,,2,24,,7722,77,,,2,21,,7723,77,,,2,54,,7718,77,,,2,27,,7725,77,,,2,20,,7680,77,,,2,60,,7732,77,,,2,21,,7674,77,,,2,15,,7693,77,,,2,60,,7691,77,,,2,19,,7672,77,,,2,13,,7685,77,,,2,17,,7694,77,,,2,56,,7692,77,,,2,15,,7690,77,,,2,15,,7682,77,,,2,57,,7701,77,,,2,15,,7703,77,,,2,13,,7705,77,,,2,15,,7708,77,,,2,56,,7688,77,,,2,16,,7695,77,,,2,15,,7704,77,,,2,14,,7713,77,,,2,69,,7715,77,,,2,27,,7706,77,,,2,76,,7712,77,,,2,39,,7716,77,,,2,70,,7714,77,,,2,30,,7699,77,,,2,70,,7700,77,,,2,76,,7702,77,,,2,28,,7707,77,,,2,73,,7709,77,,,2,27,,7711,77,,,2,70,,7710,77,,,2
4804,'DIM',608,,2444,58,,,1,110,,8225,58,,,1,103,,8224,58,,,1,107,,8221,58,,,1,108,,8226,58,,,1,101,,8223,58,,,1,99,,8227,58,,,1,104,,8229,58,,,1,97,,8222,58,,,1,106,,8228,58,,,1,100,,8216,58,,,1,99,,8219,58,,,1,97,,8217,58,,,1,98,,8220,58,,,1,98,,8215,58,,,1,100,,8213,58,,,1,100,,8218,58,,,1,99,,8214,58,,,1
4804,'SAM',607,,8241,58,,,1,113,,8246,58,,,1,102,,8243,58,,,1,106,,8230,58,,,1,108,,8244,58,,,1,101,,8248,58,,,1,100,,8247,58,,,1,97,,8249,58,,,1,107,,8245,58,,,1,102,,8231,58,,,1,100,,8234,58,,,1,99,,8238,58,,,1,97,,8235,58,,,1,98,,8232,58,,,1,98,,8242,58,,,1,100,,8239,58,,,1,100,,8233,58,,,1,99,,8236,58,,,1,92,,8237,58,,,1,26,,8240,58,,,1
4804,'SEM',539,,2475,58,,,1,84,,8270,58,,,1,20,,8272,58,,,1,60,,8252,58,,,1,24,,8263,58,,,1,25,,8266,58,,,1,59,,8258,58,,,1,22,,8275,58,,,1,69,,8253,58,,,1,29,,8256,58,,,1,70,,8255,58,,,1,30,,8271,58,,,1,27,,8276,58,,,1,147,,8273,58,,,1,100,,8274,58,,,1,101,,8250,58,,,1,99,,8260,58,,,1,39,,8257,58,,,1,74,,8254,58,,,1,37,,8251,58,,,1,92,,8261,58,,,1,68,,8268,58,,,1,103,,8259,58,,,1,106,,8265,58,,,1,104,,8264,58,,,1,97,,8262,58,,,1,98,,8269,58,,,1,100,,8267,58,,,1
5802,'DIM',625,,8843,56,,,2,101,,8840,56,,,2,93,,3051,56,,,2,100,,8834,56,,,2,100,,8835,56,,,2,99,,8839,56,,,2,100,,8836,56,,,2,101,,8833,56,,,2,101,,8837,56,,,2,100,,8841,56,,,2,98,,8838,56,,,2,108,,8842,56,,,2,94,,8827,56,,,2,99,,8829,56,,,2,100,,8832,56,,,2,99,,8830,56,,,2,99,,8831,56,,,2,99,,8828,56,,,2
5802,'SAM',625,,8859,56,,,2,101,,8844,56,,,2,93,,8857,56,,,2,100,,8860,56,,,2,100,,8848,56,,,2,99,,8850,56,,,2,103,,8858,56,,,2,98,,8853,56,,,2,106,,8856,56,,,2,94,,8845,56,,,2,111,,8847,56,,,2,98,,8861,56,,,2,92,,8846,56,,,2,99,,8854,56,,,2,103,,8852,56,,,2,96,,8849,56,,,2,99,,8851,56,,,2,99,,8855,56,,,2
5802,'SEM',547,,8881,56,,,2,66,,8865,56,,,2,38,,8885,56,,,2,53,,8864,56,,,2,18,,8886,48,,,2,9,,8883,56,,,2,70,,8868,56,,,2,16,,8862,56,,,2,42,,8863,56,,,2,81,,8870,56,,,2,100,,8869,56,,,2,100,,8882,56,,,2,100,,8866,56,,,2,101,,8884,56,,,2,102,,8867,56,,,2,65,,8874,56,,,2,31,,8871,56,,,2,105,,8873,56,,,2,69,,8880,56,,,2,99,,8875,56,,,2,99,,8876,56,,,2,46,,8872,56,,,2,98,,8879,56,,,2,100,,8877,56,,,2,100,,8878,56,,,2
7001,'DIM',740,,9555,76,,,1,100,,9558,76,,,1,102,,9557,76,,,1,100,,9561,76,,,1,66,,9562,76,,,1,31,,9564,76,,,1,64,,9559,76,,,1,43,,9563,76,,,1,60,,9560,76,,,1,38,,9566,76,,,1,71,,9565,76,,,1,32,,9542,76,,,1,61,,9556,76,,,1,38,,9541,76,,,1,60,,9546,76,,,1,34,,9543,76,,,1,75,,9548,76,,,1,32,,9545,76,,,1,74,,9547,76,,,1,30,,9552,76,,,1,94,,9550,76,,,1,99,,9549,76,,,1,100,,9544,76,,,1,99,,9553,76,,,1,98,,9554,76,,,1,97,,9551,76,,,1
7001,'SAM',740,,9587,76,,,1,100,,9585,76,,,1,102,,9590,76,,,1,100,,9586,76,,,1,67,,9592,76,,,1,28,,9591,76,,,1,67,,9589,76,,,1,42,,9567,76,,,1,64,,9568,76,,,1,33,,9588,76,,,1,67,,9570,76,,,1,33,,9584,76,,,1,64,,9569,76,,,1,39,,9572,76,,,1,69,,9573,76,,,1,27,,9576,76,,,1,71,,9571,76,,,1,34,,9577,76,,,1,74,,9578,76,,,1,30,,9581,76,,,1,94,,9580,76,,,1,99,,9582,76,,,1,100,,9579,76,,,1,99,,9575,76,,,1,99,,9574,76,,,1,96,,9583,76,,,1
7001,'SEM',556,,9594,76,,,1,57,,9628,76,,,1,28,,9598,76,,,1,14,,9627,76,,,1,71,,9607,76,,,1,30,,9626,76,,,1,75,,9597,76,,,1,15,,9602,76,,,1,73,,9593,76,,,1,27,,9603,76,,,1,67,,9604,76,,,1,35,,9599,76,,,1,67,,9624,76,,,1,30,,9625,76,,,1,71,,9613,76,,,1,29,,9596,76,,,1,72,,9595,76,,,1,30,,9600,76,,,1,72,,9605,76,,,1,29,,9606,76,,,1,78,,9608,76,,,1,30,,9610,76,,,1,69,,9614,76,,,1,26,,9616,76,,,1,79,,9601,76,,,1,27,,9619,76,,,1,69,,9620,76,,,1,25,,9615,76,,,1,81,,9611,76,,,1,75,,9609,76,,,1,42,,9618,76,,,1,100,,9612,76,,,1,101,,9617,76,,,1,104,,9622,76,,,1,91,,9621,76,,,1,174,,9623,76,,,1
