3903,'DIM',918,,1387,5,,,1,16,,7125,5,,,1,74,,7128,5,,,1,28,,7133,5,,,1,72,,7122,5,,,1,31,,7132,5,,,1,71,,7121,5,,,1,29,,7114,5,,,1,74,,7124,5,,,1,25,,7123,5,,,1,68,,7127,5,,,1,27,,7130,5,,,1,76,,7129,5,,,1,30,,7117,5,,,1,70,,7126,5,,,1,30,,7131,5,,,1,66,,7119,5,,,1,10,,7112,5,,,1,24,,7118,5,,,1,65,,7111,5,,,1,100,,7116,5,,,1,100,,7120,5,,,1,100,,7113,5,,,1,104,,7115,5,,,1
3903,'SAM',918,,7150,5,,,1,16,,7154,5,,,1,74,,7151,5,,,1,30,,7147,5,,,1,70,,7153,5,,,1,31,,7155,5,,,1,68,,7146,5,,,1,32,,7145,5,,,1,73,,7148,5,,,1,27,,7135,5,,,1,71,,7136,5,,,1,25,,7152,5,,,1,74,,7139,5,,,1,30,,7156,5,,,1,70,,7140,5,,,1,30,,7142,5,,,1,66,,7149,5,,,1,11,,7143,5,,,1,23,,7157,5,,,1,65,,7141,5,,,1,102,,7144,5,,,1,98,,7137,5,,,1,100,,1409,5,,,1,104,,7138,5,,,1
3903,'SEM',713,,7163,5,,,1,101,,7169,5,,,1,101,,7168,5,,,1,31,,7164,5,,,1,68,,7183,5,,,1,30,,7162,5,,,1,70,,7186,5,,,1,30,,7184,5,,,1,70,,7185,5,,,1,30,,7161,5,,,1,70,,7167,5,,,1,33,,7159,5,,,1,71,,7165,5,,,1,16,,7172,5,,,1,24,,7173,5,,,1,56,,7174,5,,,1,24,,7179,5,,,1,16,,7160,5,,,1,66,,7166,5,,,1,30,,7181,5,,,1,74,,7171,5,,,1,35,,7170,5,,,1,80,,7178,5,,,1,100,,7180,5,,,1,105,,7176,5,,,1,100,,7175,5,,,1,100,,7177,5,,,1,78,,7182,5,,,1
5001,'DIM',522,,8284,5,,,1,100,,8297,5,,,1,100,,8291,5,,,1,100,,8296,5,,,1,100,,8299,5,,,1,25,,8290,5,,,1,72,,8292,5,,,1,27,,8303,5,,,1,78,,8295,5,,,1,28,,8293,5,,,1,77,,8302,5,,,1,24,,8289,5,,,1,75,,8294,5,,,1,22,,8278,5,,,1,73,,8280,5,,,1,30,,8277,5,,,1,74,,8300,5,,,1,26,,8298,5,,,1,76,,8285,5,,,1,81,,8301,5,,,1,21,,8287,5,,,1,97,,8288,5,,,1,102,,8279,5,,,1,100,,8282,5,,,1,100,,8281,5,,,1,100,,8283,5,,,1,100,,8286,5,,,1
5001,'SAM',522,,8311,5,,,1,100,,8304,5,,,1,100,,8321,5,,,1,102,,8325,5,,,1,101,,8317,5,,,1,22,,8327,5,,,1,75,,8330,5,,,1,27,,8319,5,,,1,75,,8326,5,,,1,26,,8328,5,,,1,74,,8320,5,,,1,28,,8322,5,,,1,74,,8329,5,,,1,31,,8307,5,,,1,72,,8323,5,,,1,22,,8306,5,,,1,72,,8324,5,,,1,30,,8312,5,,,1,76,,8314,5,,,1,81,,8305,5,,,1,21,,8313,5,,,1,100,,8315,5,,,1,99,,8308,5,,,1,101,,8309,5,,,1,100,,8316,5,,,1,99,,8310,5,,,1,100,,8318,5,,,1
5001,'SEM',512,,8356,5,,,1,98,,8358,5,,,1,37,,8340,5,,,1,60,,8362,5,,,1,39,,8333,5,,,1,69,,8342,5,,,1,28,,8337,5,,,1,70,,8359,5,,,1,30,,8360,5,,,1,70,,8343,5,,,1,30,,8338,5,,,1,70,,8336,5,,,1,30,,8361,5,,,1,70,,8357,5,,,1,30,,8332,5,,,1,70,,8347,5,,,1,30,,8334,5,,,1,70,,8331,5,,,1,43,,8339,5,,,1,69,,8344,5,,,1,30,,8341,5,,,1,70,,8335,5,,,1,30,,8350,5,,,1,72,,8345,5,,,1,31,,8348,5,,,1,68,,8346,5,,,1,80,,8352,5,,,1,104,,8354,5,,,1,104,,8349,5,,,1,105,,8351,5,,,1,105,,8353,5,,,1,105,,8355,5,,,1
6001,'DIM',803,,8888,32,,,1,102,,8896,32,,,1,100,,8895,32,,,1,102,,8899,32,,,1,104,,8897,32,,,1,107,,8901,32,,,1,100,,8898,32,,,1,101,,8900,32,,,1,100,,8902,32,,,1,98,,8887,32,,,1,96,,8903,32,,,1,95,,8894,32,,,1,97,,8890,32,,,1,97,,8889,32,,,1,98,,8892,32,,,1,100,,8891,32,,,1,100,,8893,32,,,1
6001,'SAM',700,,8907,32,,,1,103,,8917,32,,,1,102,,8916,32,,,1,54,,8919,32,,,1,148,,8915,32,,,1,104,,8913,32,,,1,107,,8921,32,,,1,100,,8920,32,,,1,107,,8914,32,,,1,94,,8918,32,,,1,98,,8905,32,,,1,96,,8909,32,,,1,95,,8910,32,,,1,97,,8904,32,,,1,97,,8908,32,,,1,98,,8906,32,,,1,100,,8912,32,,,1,100,,8911,32,,,1
6001,'SEM',540,,8938,32,,,1,102,,8922,32,,,1,94,,8923,32,,,1,72,,8925,32,,,1,45,,8928,32,,,1,92,,8939,32,,,1,103,,8940,32,,,1,99,,8924,32,,,1,100,,8926,32,,,1,101,,8941,32,,,1,100,,8930,32,,,1,99,,8927,32,,,1,108,,8933,32,,,1,101,,8929,32,,,1,93,,8936,32,,,1,98,,8932,32,,,1,89,,8935,32,,,1,100,,8937,32,,,1,95,,8931,32,,,1,100,,8934,32,,,1
6304,'DIM',749,,9201,46,,,1,100,,9207,46,,,1,102,,9202,46,,,1,102,,9204,46,,,1,95,,9203,46,,,1,107,,9208,46,,,1,95,,9205,46,,,1,103,,9206,46,,,1,100,,9195,46,,,1,102,,9209,46,,,1,102,,9193,46,,,1,97,,9200,46,,,1,99,,9194,46,,,1,99,,9196,46,,,1,100,,9198,46,,,1,100,,9197,46,,,1,100,,9199,46,,,1
6304,'SAM',644,,9224,46,,,1,102,,9220,46,,,1,103,,9216,46,,,1,102,,9223,46,,,1,102,,9222,46,,,1,103,,9225,46,,,1,99,,9227,46,,,1,96,,9221,46,,,1,104,,9228,46,,,1,146,,9212,46,,,1,55,,9226,46,,,1,101,,9210,46,,,1,98,,9213,46,,,1,102,,9211,46,,,1,95,,9214,46,,,1,100,,9217,46,,,1,100,,9215,46,,,1,99,,9218,46,,,1,95,,9219,46,,,1
6304,'SEM',506,,9260,46,,,1,112,,9258,46,,,1,22,,9261,46,,,1,80,,9238,46,,,1,9,,9241,46,,,1,75,,9245,46,,,1,26,,9229,46,,,1,18,,9263,46,,,1,67,,9234,46,,,1,29,,9243,46,,,1,70,,9244,46,,,1,30,,9231,46,,,1,64,,9230,46,,,1,30,,9259,46,,,1,71,,9236,46,,,1,31,,9237,46,,,1,72,,9242,46,,,1,30,,9262,46,,,1,70,,9232,46,,,1,31,,9233,46,,,1,72,,9235,46,,,1,38,,9239,46,,,1,6,,9249,46,,,1,71,,9240,46,,,1,22,,9246,46,,,1,74,,9252,46,,,1,14,,9251,46,,,1,68,,9255,46,,,1,32,,9257,46,,,1,77,,9250,46,,,1,94,,9254,46,,,1,39,,9256,46,,,1,90,,9247,46,,,1,99,,9248,46,,,1,93,,9253,46,,,1
6504,'DIM',722,,9360,62,,,2,102,,9359,62,,,2,101,,9363,62,,,2,101,,9364,62,,,2,97,,9358,62,,,2,108,,9365,62,,,2,102,,9350,62,,,2,100,,9362,62,,,2,94,,9351,62,,,2,105,,9361,62,,,2,97,,9352,62,,,2,102,,9357,62,,,2,98,,9366,62,,,2,100,,9353,62,,,2,100,,9355,62,,,2,97,,9354,62,,,2,98,,9356,62,,,2
6504,'SAM',722,,9377,62,,,2,102,,9375,62,,,2,101,,9376,62,,,2,101,,9381,62,,,2,98,,9380,62,,,2,106,,9383,62,,,2,102,,9379,62,,,2,101,,9378,62,,,2,100,,9368,62,,,2,99,,9382,62,,,2,97,,9367,62,,,2,99,,9384,62,,,2,101,,9372,62,,,2,100,,9370,62,,,2,100,,9374,62,,,2,97,,9369,62,,,2,98,,9371,62,,,2,99,,9373,62,,,2
6504,'SEM',538,,9402,62,,,2,90,,9416,62,,,2,16,,9428,62,,,2,56,,9386,62,,,2,5,,9430,47,,,2,11,,9413,62,,,2,5,,9431,47,,,2,4,,9419,62,,,2,4,,9432,47,,,2,4,,9391,62,,,2,3,,9433,47,,,2,7,,9421,62,,,2,8,,9429,62,,,2,8,,9418,62,,,2,54,,9387,62,,,2,21,,9390,62,,,2,10,,9420,62,,,2,13,,9425,62,,,2,56,,9394,62,,,2,24,,9417,62,,,2,69,,9395,62,,,2,31,,9426,62,,,2,69,,9388,62,,,2,30,,9424,62,,,2,73,,9423,62,,,2,26,,9408,62,,,2,79,,9422,62,,,2,21,,9385,62,,,2,71,,9427,62,,,2,30,,9392,62,,,2,70,,9393,62,,,2,38,,9396,62,,,2,67,,9403,62,,,2,31,,9405,62,,,2,16,,9406,62,,,2,70,,9412,62,,,2,16,,9400,62,,,2,67,,9389,62,,,2,35,,9407,62,,,2,72,,9415,62,,,2,27,,9398,62,,,2,71,,9410,62,,,2,84,,9397,62,,,2,30,,9399,62,,,2,70,,9401,62,,,2,21,,9404,62,,,2,36,,9411,62,,,2,100,,9409,62,,,2,100,,9414,62,,,2
7601,'DIM',509,,10027,37,,,2,100,,10004,82,,,2,25,,10015,82,,,2,104,,10001,82,,,2,100,,10017,82,,,2,100,,10009,82,,,2,70,,10022,82,,,2,30,,10020,82,,,2,71,,10025,82,,,2,30,,10018,82,,,2,70,,10023,82,,,2,29,,10005,82,,,2,71,,10010,82,,,2,32,,10008,82,,,2,70,,10021,82,,,2,30,,9997,82,,,2,70,,10011,82,,,2,29,,10016,82,,,2,70,,10002,82,,,2,30,,10006,82,,,2,70,,10024,82,,,2,31,,10026,82,,,2,70,,10003,82,,,2,35,,10019,82,,,2,96,,9999,82,,,2,100,,9998,82,,,2,100,,10000,82,,,2,98,,10014,82,,,2,100,,10007,82,,,2,100,,10012,82,,,2,95,,10013,82,,,2
7601,'SAM',509,,10058,37,,,2,106,,10032,82,,,2,19,,10040,82,,,2,104,,10046,82,,,2,100,,10043,82,,,2,102,,10051,82,,,2,68,,10053,82,,,2,30,,10044,82,,,2,71,,10037,82,,,2,30,,10048,82,,,2,70,,10054,82,,,2,27,,10052,82,,,2,73,,10045,82,,,2,26,,10031,82,,,2,76,,10041,82,,,2,30,,10049,82,,,2,70,,10050,82,,,2,29,,10056,82,,,2,71,,10042,82,,,2,27,,10047,82,,,2,72,,10028,82,,,2,31,,10055,82,,,2,76,,10057,82,,,2,27,,10033,82,,,2,98,,10035,82,,,2,100,,10039,82,,,2,99,,10036,82,,,2,99,,10029,82,,,2,100,,10030,82,,,2,102,,10034,82,,,2,93,,10038,82,,,2
7601,'SEM',530,,10063,82,,,2,89,,10089,82,,,2,20,,10087,82,,,2,63,,10096,82,,,2,12,,10093,82,,,2,9,,10059,82,,,2,14,,10079,82,,,2,19,,10068,82,,,2,52,,10090,82,,,2,18,,10088,82,,,2,24,,10097,82,,,2,58,,10073,82,,,2,19,,10064,82,,,2,20,,10070,82,,,2,75,,10061,82,,,2,26,,10067,82,,,2,70,,10091,82,,,2,30,,10072,82,,,2,70,,10095,82,,,2,30,,10086,82,,,2,70,,10092,82,,,2,30,,10094,82,,,2,70,,10066,82,,,2,35,,10071,82,,,2,69,,10060,82,,,2,29,,10069,82,,,2,65,,10065,82,,,2,33,,10077,82,,,2,61,,10080,82,,,2,29,,10062,82,,,2,66,,10083,82,,,2,27,,10084,82,,,2,70,,10078,82,,,2,33,,10082,82,,,2,77,,10074,82,,,2,98,,10075,82,,,2,99,,10076,82,,,2,100,,10081,82,,,2,103,,10085,82,,,2
90301,'DIM',853,,10880,55,,,2,105,,10884,55,,,2,100,,10882,55,,,2,97,,10883,55,,,2,101,,10885,55,,,2,146,,10886,55,,,2,55,,10881,55,,,2,146,,10879,55,,,2,100,,10878,55,,,2,103,,10887,55,,,2
90301,'SAM',655,,10889,55,,,2,101,,10891,55,,,2,97,,10894,55,,,2,105,,10893,55,,,2,100,,10898,55,,,2,101,,10895,55,,,2,97,,10892,55,,,2,102,,10890,55,,,2,145,,10888,55,,,2,100,,10896,55,,,2,100,,10897,55,,,2,99,,10899,55,,,2
90301,'SEM',542,,10903,55,,,2,75,,10911,55,,,2,27,,10906,55,,,2,13,,10919,55,,,2,48,,10920,55,,,2,16,,10916,55,,,2,12,,10902,55,,,2,16,,10913,55,,,2,59,,10915,55,,,2,22,,10914,55,,,2,73,,10912,55,,,2,97,,10900,55,,,2,58,,10904,55,,,2,100,,10917,55,,,2,100,,10910,55,,,2,100,,10918,55,,,2,101,,10905,55,,,2,86,,10901,55,,,2,109,,10907,55,,,2,99,,10908,55,,,2,101,,10909,55,,,2
