1704,'DIM',504,,5896,28,,,1,50,,5899,28,,,1,146,,5902,28,,,1,56,,5895,28,,,1,100,,5889,28,,,1,101,,5894,28,,,1,100,,5897,28,,,1,100,,5901,28,,,1,143,,5898,28,,,1,100,,5903,28,,,1,102,,5905,28,,,1,99,,5893,28,,,1,101,,5900,28,,,1,100,,5885,28,,,1,98,,5904,28,,,1,59,,5888,28,,,1,99,,5886,28,,,1,100,,5887,28,,,1,99,,5890,28,,,1,99,,5892,28,,,1,96,,5891,28,,,1
1704,'SAM',505,,5917,28,,,1,49,,5914,28,,,1,146,,5909,28,,,1,56,,5916,28,,,1,100,,5922,28,,,1,102,,5919,28,,,1,99,,5920,28,,,1,100,,5918,28,,,1,102,,5924,28,,,1,100,,5915,28,,,1,141,,5921,28,,,1,101,,5925,28,,,1,102,,5923,28,,,1,99,,5926,28,,,1,98,,5906,28,,,1,59,,5907,28,,,1,99,,5908,28,,,1,100,,5913,28,,,1,99,,5911,28,,,1,99,,5912,28,,,1,96,,5910,28,,,1
1704,'SEM',516,,5938,28,,,1,102,,5948,28,,,1,20,,5928,28,,,1,21,,5932,28,,,1,56,,5934,28,,,1,25,,5949,28,,,1,74,,5927,28,,,1,102,,5931,28,,,1,84,,5936,28,,,1,59,,5930,28,,,1,141,,5939,28,,,1,100,,5935,28,,,1,100,,5929,28,,,1,102,,5933,28,,,1,103,,5937,28,,,1,98,,5944,28,,,1,101,,5942,28,,,1,99,,5940,28,,,1,98,,5946,28,,,1,100,,5941,28,,,1,99,,5943,28,,,1,100,,5947,28,,,1,59,,5945,28,,,1
3104,'DIM',624,,1107,38,,,1,102,,6844,38,,,1,100,,6843,38,,,1,101,,6848,38,,,1,102,,6851,38,,,1,100,,6852,38,,,1,101,,6849,38,,,1,101,,6845,38,,,1,102,,6847,38,,,1,102,,6835,38,,,1,96,,6846,38,,,1,101,,6850,38,,,1,98,,6838,38,,,1,100,,6837,38,,,1,99,,6839,38,,,1,100,,6836,38,,,1,99,,6842,38,,,1,98,,6841,38,,,1,101,,6840,38,,,1
3104,'SAM',523,,6869,38,,,1,99,,6863,38,,,1,104,,6865,38,,,1,101,,6868,38,,,1,100,,6866,38,,,1,101,,6870,38,,,1,99,,6872,38,,,1,101,,6853,38,,,1,103,,6862,38,,,1,101,,6867,38,,,1,101,,6864,38,,,1,102,,6871,38,,,1,97,,6856,38,,,1,100,,6857,38,,,1,98,,6859,38,,,1,99,,6854,38,,,1,100,,6860,38,,,1,99,,6861,38,,,1,98,,6855,38,,,1,101,,6858,38,,,1
3104,'SEM',454,,6889,38,,,1,70,,1143,38,,,1,85,,6890,38,,,1,22,,6892,38,,,1,23,,6875,38,,,1,73,,6877,38,,,1,32,,6888,38,,,1,70,,6874,38,,,1,30,,6876,38,,,1,71,,6893,38,,,1,100,,6895,38,,,1,100,,6894,38,,,1,100,,6873,38,,,1,100,,6891,38,,,1,100,,6878,38,,,1,104,,6879,38,,,1,102,,6882,38,,,1,101,,6880,38,,,1,97,,6887,38,,,1,98,,6884,38,,,1,101,,6885,38,,,1,100,,6881,38,,,1,99,,6883,38,,,1,105,,6886,38,,,1
7304,'DIM',539,,4008,56,,,1,70,,3997,56,,,1,101,,9816,56,,,1,101,,9822,56,,,1,100,,9817,56,,,1,102,,9819,56,,,1,101,,9815,56,,,1,100,,9818,56,,,1,101,,9820,56,,,1,101,,9809,56,,,1,101,,9814,56,,,1,101,,9821,56,,,1,100,,9823,56,,,1,99,,9807,56,,,1,98,,9808,56,,,1,99,,9805,56,,,1,100,,9810,56,,,1,99,,9812,56,,,1,98,,9806,56,,,1,101,,9811,56,,,1,99,,9813,56,,,1
7304,'SAM',539,,9846,56,,,1,70,,9834,56,,,1,103,,9838,56,,,1,99,,9826,56,,,1,100,,9842,56,,,1,102,,9840,56,,,1,102,,9827,56,,,1,101,,9839,56,,,1,99,,9843,56,,,1,101,,9841,56,,,1,101,,9824,56,,,1,102,,9844,56,,,1,99,,9845,56,,,1,99,,9830,56,,,1,98,,9825,56,,,1,99,,9832,56,,,1,100,,9831,56,,,1,99,,9828,56,,,1,98,,9829,56,,,1,101,,9833,56,,,1,99,,9835,56,,,1,100,,9837,56,,,1,99,,9836,56,,,1
7304,'SEM',502,,9876,56,,,1,44,,9874,56,,,1,80,,9885,56,,,1,18,,9887,56,,,1,65,,9886,56,,,1,12,,9853,56,,,1,12,,9882,56,,,1,13,,9859,56,,,1,61,,9862,56,,,1,16,,9883,56,,,1,15,,9854,56,,,1,66,,9851,56,,,1,30,,9857,56,,,1,82,,9866,56,,,1,29,,9852,56,,,1,70,,9849,56,,,1,30,,9888,56,,,1,70,,9861,56,,,1,35,,9855,56,,,1,66,,9884,56,,,1,30,,9856,56,,,1,70,,9863,56,,,1,30,,9889,56,,,1,72,,9850,56,,,1,82,,9864,56,,,1,13,,9848,56,,,1,19,,9847,56,,,1,75,,9858,56,,,1,15,,9871,56,,,1,25,,9870,56,,,1,73,,9860,56,,,1,35,,9877,56,,,1,63,,9875,56,,,1,32,,9867,56,,,1,66,,9873,56,,,1,31,,9879,56,,,1,71,,9865,56,,,1,28,,9868,56,,,1,70,,9880,56,,,1,29,,9869,56,,,1,70,,9872,56,,,1,100,,9878,56,,,1,94,,9881,56,,,1
7402,'DIM',639,,9951,69,,,2,102,,9955,69,,,2,100,,9954,69,,,2,101,,9956,69,,,2,102,,9958,69,,,2,101,,9947,69,,,2,99,,9952,69,,,2,101,,9953,69,,,2,102,,9957,69,,,2,99,,9959,69,,,2,99,,9960,69,,,2,102,,9944,69,,,2,98,,9946,69,,,2,99,,9948,69,,,2,99,,9950,69,,,2,100,,9949,69,,,2,99,,9945,69,,,2
7402,'SAM',639,,9971,69,,,2,102,,9974,69,,,2,98,,9962,69,,,2,101,,9976,69,,,2,104,,9975,69,,,2,101,,9970,69,,,2,98,,9973,69,,,2,101,,9972,69,,,2,103,,9961,69,,,2,99,,9977,69,,,2,100,,9964,69,,,2,99,,9965,69,,,2,98,,9966,69,,,2,101,,9969,69,,,2,98,,9963,69,,,2,100,,9967,69,,,2,99,,9968,69,,,2
7402,'SEM',601,,9995,69,,,2,48,,9996,69,,,2,55,,9981,69,,,2,47,,9985,69,,,2,96,,9980,69,,,2,98,,9983,69,,,2,98,,9992,69,,,2,100,,9984,69,,,2,100,,9993,69,,,2,100,,9978,69,,,2,100,,9982,69,,,2,105,,9979,69,,,2,100,,9987,69,,,2,101,,9991,69,,,2,96,,9986,69,,,2,99,,9990,69,,,2,99,,9994,69,,,2,100,,9989,69,,,2,100,,9988,69,,,2
