4503,'DIM',639,,7889,6,,,1,100,,2117,6,,,1,101,,2115,6,,,1,98,,7888,6,,,1,101,,7890,6,,,1,98,,7887,6,,,1,106,,7893,6,,,1,99,,7879,6,,,1,96,,7892,6,,,1,106,,7878,6,,,1,90,,7891,6,,,1,100,,7881,6,,,1,100,,7885,6,,,1,100,,7880,6,,,1,100,,7886,6,,,1,100,,7884,6,,,1,100,,7883,6,,,1,109,,7882,6,,,1
4503,'SAM',639,,7903,6,,,1,100,,7906,6,,,1,101,,7908,6,,,1,98,,7909,6,,,1,101,,7894,6,,,1,100,,7907,6,,,1,104,,7904,6,,,1,101,,7905,6,,,1,99,,7911,6,,,1,96,,7899,6,,,1,95,,7910,6,,,1,100,,7896,6,,,1,100,,7897,6,,,1,100,,7895,6,,,1,100,,7901,6,,,1,100,,7898,6,,,1,102,,7902,6,,,1,107,,7900,6,,,1
4503,'SEM',625,,7922,6,,,1,20,,7934,6,,,1,74,,7912,6,,,1,25,,7916,6,,,1,64,,7914,6,,,1,44,,7938,6,,,1,72,,7920,6,,,1,101,,7936,6,,,1,100,,7935,6,,,1,95,,7937,6,,,1,100,,7923,6,,,1,38,,7917,6,,,1,82,,7919,6,,,1,17,,7918,6,,,1,64,,7927,6,,,1,26,,7921,6,,,1,57,,7913,6,,,1,33,,7915,6,,,1,19,,7925,6,,,1,54,,7932,6,,,1,40,,7933,6,,,1,78,,7930,6,,,1,101,,7929,6,,,1,100,,7924,6,,,1,102,,7926,6,,,1,98,,7928,6,,,1,94,,7931,6,,,1
5001,'DIM',530,,8284,16,,,1,100,,8297,16,,,1,100,,8291,16,,,1,101,,8296,16,,,1,101,,8299,16,,,1,26,,8290,16,,,1,72,,8292,16,,,1,27,,8303,16,,,1,78,,8295,16,,,1,68,,8293,16,,,1,37,,8302,16,,,1,64,,8289,16,,,1,35,,8294,16,,,1,62,,8278,16,,,1,33,,8280,16,,,1,70,,8277,16,,,1,34,,8300,16,,,1,66,,8298,16,,,1,36,,8285,16,,,1,81,,8301,16,,,1,21,,8287,16,,,1,97,,8288,16,,,1,102,,8279,16,,,1,99,,8282,16,,,1,100,,8281,16,,,1,99,,8283,16,,,1,100,,8286,16,,,1
5001,'SAM',530,,8311,16,,,1,100,,8304,16,,,1,100,,8321,16,,,1,103,,8325,16,,,1,102,,8317,16,,,1,23,,8327,16,,,1,75,,8330,16,,,1,67,,8319,16,,,1,35,,8326,16,,,1,66,,8328,16,,,1,34,,8320,16,,,1,68,,8322,16,,,1,34,,8329,16,,,1,71,,8307,16,,,1,32,,8323,16,,,1,62,,8306,16,,,1,32,,8324,16,,,1,70,,8312,16,,,1,36,,8314,16,,,1,81,,8305,16,,,1,21,,8313,16,,,1,100,,8315,16,,,1,99,,8308,16,,,1,100,,8309,16,,,1,100,,8316,16,,,1,98,,8310,16,,,1,100,,8318,16,,,1
5001,'SEM',523,,8356,16,,,1,98,,8358,16,,,1,38,,8340,16,,,1,60,,8362,16,,,1,40,,8333,16,,,1,68,,8342,16,,,1,27,,8337,16,,,1,70,,8359,16,,,1,30,,8360,16,,,1,70,,8343,16,,,1,30,,8338,16,,,1,70,,8336,16,,,1,30,,8361,16,,,1,71,,8357,16,,,1,30,,8332,16,,,1,70,,8347,16,,,1,30,,8334,16,,,1,71,,8331,16,,,1,87,,8339,16,,,1,27,,8344,16,,,1,70,,8341,16,,,1,30,,8335,16,,,1,70,,8350,16,,,1,32,,8345,16,,,1,70,,8348,16,,,1,25,,8346,16,,,1,79,,8352,16,,,1,104,,8354,16,,,1,104,,8349,16,,,1,104,,8351,16,,,1,105,,8353,16,,,1,105,,8355,16,,,1,91,,8363,6,,,1
6001,'DIM',807,,8888,40,,,1,103,,8896,40,,,1,101,,8895,40,,,1,103,,8899,40,,,1,104,,8897,40,,,1,107,,8901,40,,,1,100,,8898,40,,,1,101,,8900,40,,,1,100,,8902,40,,,1,98,,8887,40,,,1,95,,8903,40,,,1,95,,8894,40,,,1,97,,8890,40,,,1,97,,8889,40,,,1,97,,8892,40,,,1,100,,8891,40,,,1,100,,8893,40,,,1
6001,'SAM',704,,8907,40,,,1,103,,8917,40,,,1,103,,8916,40,,,1,95,,8919,40,,,1,109,,8915,40,,,1,104,,8913,40,,,1,107,,8921,40,,,1,100,,8920,40,,,1,107,,8914,40,,,1,94,,8918,40,,,1,98,,8905,40,,,1,95,,8909,40,,,1,95,,8910,40,,,1,97,,8904,40,,,1,97,,8908,40,,,1,97,,8906,40,,,1,100,,8912,40,,,1,100,,8911,40,,,1
6001,'SEM',544,,8938,40,,,1,104,,8922,40,,,1,95,,8923,40,,,1,72,,8925,40,,,1,85,,8928,40,,,1,52,,8939,40,,,1,103,,8940,40,,,1,99,,8924,40,,,1,101,,8926,40,,,1,101,,8941,40,,,1,100,,8930,40,,,1,99,,8927,40,,,1,148,,8933,40,,,1,101,,8929,40,,,1,52,,8936,40,,,1,97,,8932,40,,,1,89,,8935,40,,,1,99,,8937,40,,,1,95,,8931,40,,,1,100,,8934,40,,,1
34503,'SEM',445,,10851,25,,,1,100,,10852,25,,,1
