4201,'DIM',523,,7411,29,,,2,102,,7437,29,,,2,30,,7440,29,,,2,70,,7443,29,,,2,28,,7412,29,,,2,73,,7448,29,,,2,30,,7445,29,,,2,70,,7452,29,,,2,33,,7444,29,,,2,61,,7439,29,,,2,20,,7436,29,,,2,61,,7449,29,,,2,20,,7455,29,,,2,23,,7438,29,,,2,58,,7453,29,,,2,22,,7409,29,,,2,20,,7457,29,,,2,58,,7441,29,,,2,22,,7442,29,,,2,19,,7446,29,,,2,61,,7414,29,,,2,20,,7450,29,,,2,15,,7415,29,,,2,64,,7451,29,,,2,21,,7456,29,,,2,19,,7418,29,,,2,61,,7447,29,,,2,17,,7421,29,,,2,22,,7422,29,,,2,61,,7424,29,,,2,15,,7425,29,,,2,18,,7428,29,,,2,12,,7429,29,,,2,54,,7454,29,,,2,16,,7410,29,,,2,33,,7433,29,,,2,70,,7416,29,,,2,29,,7419,29,,,2,69,,7413,29,,,2,29,,7426,29,,,2,72,,7430,29,,,2,28,,7417,29,,,2,70,,7420,29,,,2,32,,7423,29,,,2,70,,7427,29,,,2,34,,7434,29,,,2,68,,7431,29,,,2,34,,7432,29,,,2,75,,7435,29,,,2
4201,'SAM',520,,7498,29,,,2,105,,7484,29,,,2,34,,7468,29,,,2,72,,7499,29,,,2,24,,7488,29,,,2,70,,7490,29,,,2,32,,7494,29,,,2,69,,7485,29,,,2,33,,7501,29,,,2,61,,7483,29,,,2,20,,7506,29,,,2,19,,7492,29,,,2,61,,7476,29,,,2,24,,7502,29,,,2,56,,7486,29,,,2,22,,7507,29,,,2,22,,7487,29,,,2,56,,7489,29,,,2,24,,7478,29,,,2,20,,7493,29,,,2,59,,7504,29,,,2,23,,7491,29,,,2,13,,7495,29,,,2,63,,7461,29,,,2,21,,7503,29,,,2,20,,7500,29,,,2,62,,7469,29,,,2,18,,7496,29,,,2,21,,7471,29,,,2,62,,7497,29,,,2,14,,7505,29,,,2,15,,7474,29,,,2,16,,7475,29,,,2,52,,7458,29,,,2,16,,7459,29,,,2,30,,7462,29,,,2,68,,7464,29,,,2,34,,7466,29,,,2,69,,7467,29,,,2,29,,7460,29,,,2,71,,7463,29,,,2,24,,7465,29,,,2,74,,7470,29,,,2,31,,7472,29,,,2,73,,7473,29,,,2,78,,7480,29,,,2,23,,7482,29,,,2,35,,7477,29,,,2,71,,7479,29,,,2,72,,7481,29,,,2
4201,'SEM',626,,7570,15,,,2,13,,7513,29,,,2,11,,7576,15,,,2,51,,7521,29,,,2,8,,7560,29,,,2,6,,7530,29,,,2,11,,7577,15,,,2,8,,7564,29,,,2,14,,7566,29,,,2,57,,7569,29,,,2,15,,7510,29,,,2,17,,7518,29,,,2,64,,7514,29,,,2,16,,7523,29,,,2,29,,7558,29,,,2,9,,7565,29,,,2,65,,7556,29,,,2,16,,7511,29,,,2,23,,7561,29,,,2,61,,7562,29,,,2,14,,7557,29,,,2,66,,7563,29,,,2,20,,7559,29,,,2,20,,7567,29,,,2,60,,7512,29,,,2,15,,7529,29,,,2,20,,7527,29,,,2,15,,7509,29,,,2,56,,7520,29,,,2,15,,7531,29,,,2,16,,7528,29,,,2,16,,7526,29,,,2,54,,7516,29,,,2,15,,7525,29,,,2,2,,7535,29,,,2,7,,7568,29,,,2,8,,7538,29,,,2,8,,7542,29,,,2,8,,7545,29,,,2,48,,7548,29,,,2,6,,7517,29,,,2,9,,7571,15,,,2,5,,7508,29,,,2,7,,7572,15,,,2,8,,7522,29,,,2,10,,7540,29,,,2,8,,7515,29,,,2,51,,7551,29,,,2,10,,7519,29,,,2,10,,7524,29,,,2,10,,7544,29,,,2,9,,7532,29,,,2,10,,7541,29,,,2,51,,7546,29,,,2,8,,7536,29,,,2,13,,7539,29,,,2,15,,7550,29,,,2,15,,7543,29,,,2,70,,7555,29,,,2,31,,7553,29,,,2,70,,7533,29,,,2,30,,7534,29,,,2,80,,7537,29,,,2,69,,7547,29,,,2,33,,7573,15,,,2,70,,7549,29,,,2,30,,7574,15,,,2,72,,7552,29,,,2,30,,7575,15,,,2,90,,7554,29,,,2
4803,'DIM',704,,8156,9,,,1,103,,8152,9,,,1,102,,8157,9,,,1,100,,8155,9,,,1,99,,8158,9,,,1,102,,8161,9,,,1,96,,8153,9,,,1,104,,8159,9,,,1,100,,8154,9,,,1,99,,8160,9,,,1,102,,8149,9,,,1,100,,8162,9,,,1,100,,8146,9,,,1,100,,8144,9,,,1,99,,8150,9,,,1,100,,8145,9,,,1,100,,8148,9,,,1,30,,8147,9,,,1,161,,8151,9,,,1
4803,'SAM',606,,8179,9,,,1,99,,8175,9,,,1,102,,8163,9,,,1,102,,8176,9,,,1,100,,8181,9,,,1,100,,8180,9,,,1,95,,8182,9,,,1,106,,8177,9,,,1,100,,8178,9,,,1,100,,8174,9,,,1,99,,8164,9,,,1,102,,8167,9,,,1,100,,8165,9,,,1,100,,8172,9,,,1,100,,8170,9,,,1,99,,8166,9,,,1,100,,8168,9,,,1,100,,8169,9,,,1,30,,8171,9,,,1,161,,8173,9,,,1
4803,'SEM',532,,8185,9,,,1,68,,8199,9,,,1,20,,8203,9,,,1,38,,8209,9,,,1,73,,8186,9,,,1,70,,8189,9,,,1,21,,8188,9,,,1,33,,8198,9,,,1,75,,8212,9,,,1,105,,8207,9,,,1,100,,8208,9,,,1,100,,8211,9,,,1,93,,8210,9,,,1,80,,8193,9,,,1,30,,8187,9,,,1,75,,8184,9,,,1,31,,8191,9,,,1,65,,8194,9,,,1,29,,8190,9,,,1,72,,8183,9,,,1,29,,8192,9,,,1,71,,8195,9,,,1,49,,8201,9,,,1,145,,8200,9,,,1,100,,8197,9,,,1,99,,8196,9,,,1,100,,8205,9,,,1,54,,8202,9,,,1,91,,8204,9,,,1,79,,8206,9,,,1
5801,'DIM',525,,8777,9,,,2,100,,8769,9,,,2,90,,2987,9,,,2,101,,8767,9,,,2,100,,8768,9,,,2,99,,8773,9,,,2,100,,8770,9,,,2,101,,8766,9,,,2,100,,8771,9,,,2,100,,8775,9,,,2,98,,8772,9,,,2,109,,8776,9,,,2,94,,8760,9,,,2,102,,8774,9,,,2,97,,8765,9,,,2,100,,8762,9,,,2,100,,8764,9,,,2,100,,8761,9,,,2,99,,8759,9,,,2,109,,8763,9,,,2
5801,'SAM',530,,8794,9,,,2,95,,8790,9,,,2,93,,8792,9,,,2,98,,8795,9,,,2,100,,8780,9,,,2,99,,8782,9,,,2,103,,8793,9,,,2,98,,8785,9,,,2,105,,8791,9,,,2,94,,8778,9,,,2,111,,8779,9,,,2,99,,8797,9,,,2,100,,8796,9,,,2,88,,8787,9,,,2,107,,8784,9,,,2,96,,8781,9,,,2,100,,8783,9,,,2,100,,8788,9,,,2,99,,8789,9,,,2,109,,8786,9,,,2
5801,'SEM',512,,8802,9,,,2,28,,8824,9,,,2,82,,8822,9,,,2,78,,8798,9,,,2,52,,8799,9,,,2,84,,8808,9,,,2,100,,8807,9,,,2,100,,8821,9,,,2,100,,8803,9,,,2,100,,8823,9,,,2,100,,8805,9,,,2,80,,8804,9,,,2,87,,8825,9,,,2,31,,8811,9,,,2,71,,8809,9,,,2,20,,8806,9,,,2,19,,8801,9,,,2,60,,8812,9,,,2,20,,8816,9,,,2,15,,8800,9,,,2,65,,8819,9,,,2,19,,8813,9,,,2,30,,8810,9,,,2,100,,8818,9,,,2,100,,8814,9,,,2,102,,8817,9,,,2,145,,8815,9,,,2,59,,8820,9,,,2
7002,'DIM',659,,3827,9,,,1,141,,9644,9,,,1,100,,9645,9,,,1,100,,9642,9,,,1,27,,9640,9,,,1,73,,9631,9,,,1,32,,9652,9,,,1,69,,9641,9,,,1,27,,9637,9,,,1,73,,9639,9,,,1,30,,9648,9,,,1,70,,9646,9,,,1,30,,9647,9,,,1,70,,9635,9,,,1,31,,9643,9,,,1,24,,9649,9,,,1,78,,9632,9,,,1,74,,9651,9,,,1,34,,9630,9,,,1,74,,9650,9,,,1,95,,9653,9,,,1,95,,9633,9,,,1,95,,9629,9,,,1,100,,9636,9,,,1,99,,9634,9,,,1,103,,9638,9,,,1
7002,'SAM',659,,9673,9,,,1,97,,9671,9,,,1,99,,9676,9,,,1,99,,9675,9,,,1,75,,9669,9,,,1,71,,9672,9,,,1,32,,9668,9,,,1,69,,9661,9,,,1,32,,9674,9,,,1,67,,9666,9,,,1,35,,9679,9,,,1,66,,9657,9,,,1,36,,9667,9,,,1,69,,9678,9,,,1,23,,9670,9,,,1,72,,9681,9,,,1,29,,9680,9,,,1,72,,9677,9,,,1,42,,9656,9,,,1,72,,9663,9,,,1,95,,9665,9,,,1,90,,9664,9,,,1,58,,9658,9,,,1,141,,9659,9,,,1,100,,9660,9,,,1,101,,9662,9,,,1
7002,'SEM',532,,9703,9,,,1,97,,9688,9,,,1,25,,9709,9,,,1,71,,9715,9,,,1,33,,9687,9,,,1,72,,9689,9,,,1,71,,9713,9,,,1,30,,9712,9,,,1,70,,9685,9,,,1,30,,9702,9,,,1,70,,9710,9,,,1,30,,9684,9,,,1,70,,9711,9,,,1,31,,9704,9,,,1,70,,9714,9,,,1,40,,9686,9,,,1,60,,9683,9,,,1,27,,9691,9,,,1,71,,9695,9,,,1,30,,9690,9,,,1,71,,9697,9,,,1,31,,9692,9,,,1,69,,9693,9,,,1,33,,9696,9,,,1,75,,9694,9,,,1,31,,9700,9,,,1,81,,9701,9,,,1,87,,9707,9,,,1,100,,9698,9,,,1,104,,9699,9,,,1,105,,9705,9,,,1,102,,9708,9,,,1,104,,9706,9,,,1
