1704,'DIM',510,,5896,41,,,1,90,,5899,41,,,1,106,,5902,41,,,1,97,,5895,41,,,1,100,,5889,41,,,1,102,,5894,41,,,1,100,,5897,41,,,1,100,,5901,41,,,1,103,,5898,41,,,1,100,,5903,41,,,1,102,,5905,41,,,1,99,,5893,41,,,1,101,,5900,41,,,1,99,,5885,41,,,1,98,,5904,41,,,1,99,,5888,41,,,1,99,,5886,41,,,1,99,,5887,41,,,1,99,,5890,41,,,1,99,,5892,41,,,1,56,,5891,41,,,1
1704,'SAM',511,,5917,41,,,1,89,,5914,41,,,1,106,,5909,41,,,1,97,,5916,41,,,1,100,,5922,41,,,1,103,,5919,41,,,1,99,,5920,41,,,1,100,,5918,41,,,1,102,,5924,41,,,1,100,,5915,41,,,1,101,,5921,41,,,1,101,,5925,41,,,1,102,,5923,41,,,1,98,,5926,41,,,1,98,,5906,41,,,1,99,,5907,41,,,1,99,,5908,41,,,1,99,,5913,41,,,1,99,,5911,41,,,1,99,,5912,41,,,1,56,,5910,41,,,1
1704,'SEM',523,,5938,41,,,1,103,,5948,41,,,1,20,,5928,41,,,1,63,,5932,41,,,1,16,,5934,41,,,1,25,,5949,41,,,1,74,,5927,41,,,1,101,,5931,41,,,1,84,,5936,41,,,1,99,,5930,41,,,1,101,,5939,41,,,1,100,,5935,41,,,1,100,,5929,41,,,1,102,,5933,41,,,1,103,,5937,41,,,1,98,,5944,41,,,1,101,,5942,41,,,1,97,,5940,41,,,1,98,,5946,41,,,1,100,,5941,41,,,1,98,,5943,41,,,1,100,,5947,41,,,1,99,,5945,41,,,1
2704,'DIM',757,,6730,46,,,2,101,,6731,46,,,2,100,,6733,46,,,2,99,,6728,46,,,2,95,,6729,46,,,2,105,,6732,46,,,2,102,,6727,46,,,2,100,,6726,46,,,2,95,,6720,46,,,2,101,,6721,46,,,2,145,,6725,46,,,2,59,,6719,46,,,2,100,,6718,46,,,2,98,,6724,46,,,2,100,,6722,46,,,2,100,,6723,46,,,2
2704,'SAM',656,,6749,46,,,2,101,,6746,46,,,2,100,,6744,46,,,2,96,,6748,46,,,2,104,,6750,46,,,2,95,,6743,46,,,2,105,,6734,46,,,2,96,,6745,46,,,2,106,,6747,46,,,2,146,,6739,46,,,2,95,,6741,46,,,2,100,,6742,46,,,2,59,,6737,46,,,2,100,,6740,46,,,2,98,,6736,46,,,2,100,,6738,46,,,2,99,,6735,46,,,2
2704,'SEM',621,,6770,46,,,2,29,,6754,46,,,2,75,,6752,46,,,2,24,,6757,46,,,2,64,,6772,46,,,2,29,,6769,46,,,2,79,,6751,46,,,2,79,,6756,46,,,2,56,,6773,46,,,2,150,,6771,46,,,2,95,,6753,46,,,2,50,,6774,46,,,2,101,,6760,46,,,2,106,,6755,46,,,2,79,,6759,46,,,2,79,,6758,46,,,2,16,,6767,46,,,2,27,,6763,46,,,2,73,,6765,46,,,2,73,,6764,46,,,2,100,,6762,46,,,2,45,,6768,46,,,2,99,,6761,46,,,2,100,,6766,46,,,2
3104,'DIM',630,,1107,51,,,1,103,,6844,51,,,1,100,,6843,51,,,1,102,,6848,51,,,1,102,,6851,51,,,1,100,,6852,51,,,1,101,,6849,51,,,1,101,,6845,51,,,1,102,,6847,51,,,1,102,,6835,51,,,1,96,,6846,51,,,1,101,,6850,51,,,1,97,,6838,51,,,1,100,,6837,51,,,1,99,,6839,51,,,1,99,,6836,51,,,1,99,,6842,51,,,1,98,,6841,51,,,1,101,,6840,51,,,1
3104,'SAM',529,,6869,51,,,1,99,,6863,51,,,1,105,,6865,51,,,1,101,,6868,51,,,1,101,,6866,51,,,1,101,,6870,51,,,1,99,,6872,51,,,1,101,,6853,51,,,1,103,,6862,51,,,1,101,,6867,51,,,1,101,,6864,51,,,1,102,,6871,51,,,1,97,,6856,51,,,1,99,,6857,51,,,1,98,,6859,51,,,1,99,,6854,51,,,1,99,,6860,51,,,1,99,,6861,51,,,1,98,,6855,51,,,1,101,,6858,51,,,1
3104,'SEM',500,,6889,51,,,1,31,,1143,51,,,1,85,,6890,51,,,1,22,,6892,51,,,1,64,,6875,51,,,1,34,,6877,51,,,1,72,,6888,51,,,1,30,,6874,51,,,1,69,,6876,51,,,1,31,,6893,51,,,1,100,,6895,51,,,1,100,,6894,51,,,1,100,,6873,51,,,1,100,,6891,51,,,1,101,,6878,51,,,1,104,,6879,51,,,1,102,,6882,51,,,1,101,,6880,51,,,1,96,,6887,51,,,1,97,,6884,51,,,1,101,,6885,51,,,1,99,,6881,51,,,1,99,,6883,51,,,1,105,,6886,51,,,1
4304,'DIM',507,,2049,26,,,1,102,,2043,26,,,1,101,,7817,26,,,1,102,,7818,26,,,1,101,,7819,26,,,1,100,,7812,26,,,1,106,,7813,26,,,1,102,,7820,26,,,1,99,,7823,26,,,1,102,,7821,26,,,1,98,,7824,26,,,1,102,,7822,26,,,1,100,,7807,26,,,1,105,,7811,26,,,1,95,,7816,26,,,1,100,,7815,26,,,1,100,,7809,26,,,1,99,,7808,26,,,1,99,,7810,26,,,1,91,,7814,26,,,1
4304,'SAM',507,,2068,26,,,1,102,,7835,26,,,1,101,,7831,26,,,1,102,,7832,26,,,1,101,,7836,26,,,1,104,,7839,26,,,1,103,,7842,26,,,1,101,,7840,26,,,1,100,,7825,26,,,1,104,,7841,26,,,1,98,,7838,26,,,1,98,,7837,26,,,1,101,,7844,26,,,1,100,,7843,26,,,1,102,,7826,26,,,1,98,,7828,26,,,1,100,,7827,26,,,1,99,,7833,26,,,1,99,,7830,26,,,1,91,,7829,26,,,1,100,,7834,26,,,1
4304,'SEM',527,,7870,26,,,1,32,,7873,26,,,1,76,,7846,26,,,1,20,,7850,26,,,1,60,,7853,26,,,1,22,,7860,26,,,1,63,,7874,26,,,1,27,,7866,26,,,1,73,,7849,26,,,1,29,,7852,26,,,1,73,,7857,26,,,1,28,,7848,26,,,1,70,,7845,26,,,1,30,,7877,26,,,1,70,,7861,26,,,1,30,,7851,26,,,1,70,,7875,26,,,1,30,,7876,26,,,1,70,,7856,26,,,1,32,,7858,26,,,1,71,,7855,26,,,1,31,,7847,26,,,1,72,,7859,26,,,1,26,,7854,26,,,1,70,,7864,26,,,1,56,,7863,26,,,1,95,,7862,26,,,1,99,,7872,26,,,1,100,,7868,26,,,1,99,,7869,26,,,1,100,,7865,26,,,1,150,,7867,26,,,1,22,,7871,26,,,1
6001,'DIM',813,,8888,50,,,1,103,,8896,50,,,1,101,,8895,50,,,1,103,,8899,50,,,1,104,,8897,50,,,1,107,,8901,50,,,1,100,,8898,50,,,1,101,,8900,50,,,1,100,,8902,50,,,1,98,,8887,50,,,1,95,,8903,50,,,1,95,,8894,50,,,1,97,,8890,50,,,1,97,,8889,50,,,1,97,,8892,50,,,1,100,,8891,50,,,1,100,,8893,50,,,1
6001,'SAM',709,,8907,50,,,1,104,,8917,50,,,1,103,,8916,50,,,1,95,,8919,50,,,1,109,,8915,50,,,1,104,,8913,50,,,1,107,,8921,50,,,1,100,,8920,50,,,1,107,,8914,50,,,1,94,,8918,50,,,1,98,,8905,50,,,1,95,,8909,50,,,1,95,,8910,50,,,1,97,,8904,50,,,1,97,,8908,50,,,1,97,,8906,50,,,1,100,,8912,50,,,1,100,,8911,50,,,1
6001,'SEM',550,,8938,50,,,1,105,,8922,50,,,1,95,,8923,50,,,1,72,,8925,50,,,1,85,,8928,50,,,1,52,,8939,50,,,1,143,,8940,50,,,1,99,,8924,50,,,1,101,,8926,50,,,1,102,,8941,50,,,1,100,,8930,50,,,1,101,,8927,50,,,1,108,,8933,50,,,1,97,,8929,50,,,1,92,,8936,50,,,1,57,,8932,50,,,1,89,,8935,50,,,1,99,,8937,50,,,1,95,,8931,50,,,1,100,,8934,50,,,1
7304,'DIM',545,,4008,69,,,1,70,,3997,69,,,1,102,,9816,69,,,1,101,,9822,69,,,1,101,,9817,69,,,1,102,,9819,69,,,1,101,,9815,69,,,1,100,,9818,69,,,1,101,,9820,69,,,1,101,,9809,69,,,1,101,,9814,69,,,1,101,,9821,69,,,1,100,,9823,69,,,1,98,,9807,69,,,1,98,,9808,69,,,1,99,,9805,69,,,1,99,,9810,69,,,1,99,,9812,69,,,1,98,,9806,69,,,1,101,,9811,69,,,1,99,,9813,69,,,1
7304,'SAM',545,,9846,69,,,1,70,,9834,69,,,1,104,,9838,69,,,1,99,,9826,69,,,1,101,,9842,69,,,1,102,,9840,69,,,1,102,,9827,69,,,1,101,,9839,69,,,1,99,,9843,69,,,1,101,,9841,69,,,1,101,,9824,69,,,1,102,,9844,69,,,1,99,,9845,69,,,1,98,,9830,69,,,1,98,,9825,69,,,1,99,,9832,69,,,1,99,,9831,69,,,1,99,,9828,69,,,1,98,,9829,69,,,1,101,,9833,69,,,1,99,,9835,69,,,1,100,,9837,69,,,1,99,,9836,69,,,1
7304,'SEM',509,,9876,69,,,1,44,,9874,69,,,1,81,,9885,69,,,1,18,,9887,69,,,1,67,,9886,69,,,1,12,,9853,69,,,1,12,,9882,69,,,1,13,,9859,69,,,1,61,,9862,69,,,1,16,,9883,69,,,1,15,,9854,69,,,1,66,,9851,69,,,1,29,,9857,69,,,1,82,,9866,69,,,1,29,,9852,69,,,1,70,,9849,69,,,1,30,,9888,69,,,1,70,,9861,69,,,1,35,,9855,69,,,1,66,,9884,69,,,1,30,,9856,69,,,1,70,,9863,69,,,1,30,,9889,69,,,1,72,,9850,69,,,1,82,,9864,69,,,1,13,,9848,69,,,1,19,,9847,69,,,1,75,,9858,69,,,1,15,,9871,69,,,1,25,,9870,69,,,1,73,,9860,69,,,1,73,,9877,69,,,1,23,,9875,69,,,1,32,,9867,69,,,1,66,,9873,69,,,1,31,,9879,69,,,1,71,,9865,69,,,1,27,,9868,69,,,1,70,,9880,69,,,1,29,,9869,69,,,1,70,,9872,69,,,1,100,,9878,69,,,1,94,,9881,69,,,1
7402,'DIM',645,,9951,82,,,2,102,,9955,82,,,2,102,,9954,82,,,2,101,,9956,82,,,2,102,,9958,82,,,2,101,,9947,82,,,2,100,,9952,82,,,2,101,,9953,82,,,2,102,,9957,82,,,2,99,,9959,82,,,2,99,,9960,82,,,2,100,,9944,82,,,2,98,,9946,82,,,2,98,,9948,82,,,2,99,,9950,82,,,2,100,,9949,82,,,2,99,,9945,82,,,2
7402,'SAM',645,,9971,82,,,2,102,,9974,82,,,2,100,,9962,82,,,2,101,,9976,82,,,2,104,,9975,82,,,2,101,,9970,82,,,2,99,,9973,82,,,2,101,,9972,82,,,2,103,,9961,82,,,2,99,,9977,82,,,2,100,,9964,82,,,2,97,,9965,82,,,2,98,,9966,82,,,2,100,,9969,82,,,2,98,,9963,82,,,2,100,,9967,82,,,2,99,,9968,82,,,2
7402,'SEM',608,,9995,82,,,2,49,,9996,82,,,2,56,,9981,82,,,2,87,,9985,82,,,2,56,,9980,82,,,2,98,,9983,82,,,2,98,,9992,82,,,2,100,,9984,82,,,2,100,,9993,82,,,2,100,,9978,82,,,2,100,,9982,82,,,2,106,,9979,82,,,2,99,,9987,82,,,2,100,,9991,82,,,2,96,,9986,82,,,2,98,,9990,82,,,2,99,,9994,82,,,2,99,,9989,82,,,2,100,,9988,82,,,2
