2402,'DIM',731,,532,46,,,1,106,,6267,46,,,1,100,,6263,46,,,1,99,,6269,46,,,1,71,,6266,46,,,1,29,,540,46,,,1,71,,6272,46,,,1,26,,6276,46,,,1,77,,6277,46,,,1,30,,6270,46,,,1,71,,6273,46,,,1,23,,6278,46,,,1,74,,6268,46,,,1,27,,6255,46,,,1,75,,6275,46,,,1,35,,6258,46,,,1,65,,6279,46,,,1,35,,6271,46,,,1,65,,6256,46,,,1,35,,6274,46,,,1,95,,6259,46,,,1,99,,6257,46,,,1,98,,6265,46,,,1,99,,6260,46,,,1,93,,6261,46,,,1,100,,6264,46,,,1,105,,6262,46,,,1
2402,'SAM',634,,6307,46,,,1,97,,6296,46,,,1,107,,6292,46,,,1,99,,6305,46,,,1,99,,6297,46,,,1,70,,6306,46,,,1,30,,6300,46,,,1,71,,6281,46,,,1,29,,6293,46,,,1,74,,6295,46,,,1,32,,6280,46,,,1,67,,6294,46,,,1,35,,6298,46,,,1,71,,6302,46,,,1,20,,6299,46,,,1,73,,6301,46,,,1,32,,6303,46,,,1,70,,6285,46,,,1,36,,6283,46,,,1,64,,6304,46,,,1,30,,6286,46,,,1,100,,6284,46,,,1,100,,6289,46,,,1,97,,6282,46,,,1,99,,6287,46,,,1,95,,6288,46,,,1,102,,6291,46,,,1,101,,6290,46,,,1
2402,'SEM',559,,6319,46,,,1,84,,6331,46,,,1,79,,6309,46,,,1,20,,6312,46,,,1,69,,6318,46,,,1,25,,6314,46,,,1,71,,6315,46,,,1,29,,6336,46,,,1,69,,6320,46,,,1,30,,6316,46,,,1,70,,6342,46,,,1,30,,6345,46,,,1,70,,6308,46,,,1,30,,6341,46,,,1,70,,6343,46,,,1,30,,6313,46,,,1,71,,6344,46,,,1,30,,6317,46,,,1,72,,6310,46,,,1,32,,6321,46,,,1,67,,6327,46,,,1,20,,6311,46,,,1,22,,6334,46,,,1,56,,6326,46,,,1,17,,6322,46,,,1,12,,6330,46,,,1,16,,6325,46,,,1,59,,6335,46,,,1,19,,6323,46,,,1,19,,6324,46,,,1,58,,6340,46,,,1,54,,6333,46,,,1,99,,6329,46,,,1,142,,6328,46,,,1,56,,6332,46,,,1,144,,6337,46,,,1,58,,6339,46,,,1,90,,6338,46,,,1
2602,'DIM',557,,6542,7,,,2,82,,767,32,,,2,63,,6529,32,,,2,27,,782,32,,,2,30,,6534,32,,,2,71,,6530,32,,,2,71,,6527,32,,,2,30,,6537,32,,,2,70,,6531,32,,,2,25,,6533,32,,,2,25,,6536,32,,,2,60,,6541,32,,,2,20,,6526,32,,,2,20,,6498,32,,,2,60,,6535,32,,,2,20,,6502,32,,,2,20,,6538,32,,,2,60,,6524,32,,,2,23,,6525,32,,,2,18,,6528,32,,,2,60,,6503,32,,,2,18,,6532,32,,,2,22,,6504,32,,,2,60,,6506,32,,,2,20,,6507,32,,,2,20,,6509,32,,,2,62,,6540,32,,,2,17,,6513,32,,,2,21,,6515,32,,,2,63,,6519,32,,,2,42,,6539,32,,,2,70,,6516,32,,,2,30,,6508,32,,,2,69,,6501,32,,,2,30,,6499,32,,,2,70,,6505,32,,,2,29,,6514,32,,,2,70,,6500,32,,,2,29,,6512,32,,,2,70,,6510,32,,,2,30,,6522,32,,,2,69,,6520,32,,,2,30,,6511,32,,,2,69,,6517,32,,,2,30,,6518,32,,,2,85,,6521,32,,,2,78,,6523,32,,,2
2602,'SAM',557,,6588,7,,,2,82,,6573,32,,,2,63,,6576,32,,,2,27,,834,32,,,2,72,,6579,32,,,2,29,,6581,32,,,2,71,,6569,32,,,2,30,,6580,32,,,2,70,,6574,32,,,2,24,,6571,32,,,2,24,,6583,32,,,2,62,,6586,32,,,2,20,,6544,32,,,2,20,,6575,32,,,2,60,,6543,32,,,2,20,,6577,32,,,2,20,,6587,32,,,2,62,,6570,32,,,2,19,,6572,32,,,2,20,,6585,32,,,2,59,,6578,32,,,2,20,,6584,32,,,2,21,,6545,32,,,2,60,,6546,32,,,2,20,,6549,32,,,2,19,,6550,32,,,2,62,,6547,32,,,2,19,,6556,32,,,2,22,,6557,32,,,2,60,,6553,32,,,2,43,,6582,32,,,2,70,,6558,32,,,2,30,,6559,32,,,2,72,,6561,32,,,2,25,,6567,32,,,2,73,,6551,32,,,2,28,,6560,32,,,2,72,,6562,32,,,2,28,,6554,32,,,2,69,,6548,32,,,2,29,,6563,32,,,2,70,,6555,32,,,2,25,,6552,32,,,2,74,,6564,32,,,2,28,,6565,32,,,2,87,,6568,32,,,2,79,,6566,32,,,2
2602,'SEM',516,,6622,32,,,2,32,,6589,32,,,2,56,,6656,7,,,2,10,,6650,32,,,2,25,,6648,32,,,2,14,,6647,32,,,2,60,,6646,32,,,2,25,,6653,32,,,2,19,,6611,32,,,2,53,,6606,32,,,2,13,,6595,32,,,2,15,,6612,32,,,2,14,,6614,32,,,2,55,,6609,32,,,2,22,,6654,32,,,2,18,,6600,32,,,2,57,,6605,32,,,2,23,,6613,32,,,2,20,,6616,32,,,2,60,,6645,32,,,2,20,,6596,32,,,2,20,,6590,32,,,2,60,,6619,32,,,2,21,,6644,32,,,2,20,,6649,32,,,2,60,,6604,32,,,2,20,,6603,32,,,2,20,,6652,32,,,2,60,,6655,32,,,2,20,,6618,32,,,2,19,,6597,32,,,2,60,,6651,32,,,2,18,,6594,32,,,2,6,,6591,32,,,2,4,,6592,32,,,2,6,,6615,32,,,2,16,,6601,32,,,2,56,,6607,32,,,2,16,,6598,32,,,2,17,,6599,32,,,2,8,,6632,32,,,2,48,,6624,32,,,2,8,,6634,32,,,2,8,,6626,32,,,2,8,,6593,32,,,2,8,,6610,32,,,2,6,,6602,32,,,2,9,,6623,32,,,2,52,,6608,32,,,2,9,,6617,32,,,2,20,,6637,32,,,2,18,,6625,32,,,2,60,,6639,32,,,2,19,,6628,32,,,2,19,,6620,32,,,2,60,,6638,32,,,2,20,,6621,32,,,2,20,,6641,32,,,2,60,,6627,32,,,2,20,,6631,32,,,2,30,,6630,32,,,2,75,,6633,32,,,2,79,,6635,32,,,2,29,,6640,32,,,2,64,,6629,32,,,2,35,,6643,32,,,2,65,,6636,32,,,2,40,,6642,32,,,2
6602,'DIM',723,,9495,42,,,1,105,,3688,42,,,1,102,,9503,42,,,1,101,,3696,42,,,1,103,,9491,42,,,1,99,,9504,42,,,1,101,,9501,42,,,1,173,,9493,42,,,1,94,,9502,42,,,1,36,,9492,42,,,1,70,,9498,42,,,1,30,,9490,42,,,1,70,,9505,42,,,1,28,,9496,42,,,1,98,,9499,42,,,1,100,,9497,42,,,1,98,,9494,42,,,1,99,,9500,42,,,1
6602,'SAM',723,,9515,42,,,1,102,,9517,42,,,1,99,,9519,42,,,1,107,,9522,42,,,1,103,,9518,42,,,1,99,,9520,42,,,1,101,,9506,42,,,1,173,,9508,42,,,1,100,,9511,42,,,1,30,,9523,42,,,1,70,,9514,42,,,1,30,,9510,42,,,1,70,,9521,42,,,1,28,,9512,42,,,1,99,,9516,42,,,1,99,,9513,42,,,1,98,,9507,42,,,1,99,,9509,42,,,1
6602,'SEM',704,,9539,42,,,1,103,,9540,42,,,1,101,,9530,42,,,1,105,,9533,42,,,1,100,,9532,42,,,1,106,,9525,42,,,1,100,,9528,42,,,1,100,,9524,42,,,1,32,,9526,42,,,1,92,,9527,42,,,1,96,,9531,42,,,1,104,,9529,42,,,1,98,,9536,42,,,1,98,,9534,42,,,1,99,,9535,42,,,1,98,,9537,42,,,1,71,,9538,42,,,1
22602,'SEM',1549,,10721,32,,,2,57,,10725,32,,,2,15,,10722,32,,,2,17,,10719,32,,,2,182,,10720,32,,,2,19,,10723,32,,,2,20,,10724,32,,,2
