201,'SAM',2559,,5743,19,,,1,81,,3,19,,,1,85,,5744,19,,,1
201,'SEM',2518,,5745,19,,,1,27,,5746,19,,,1,80,,5747,19,,,1,80,,5748,19,,,1
202,'SAM',2617,,5749,3,,,1,41,,9,3,,,1
202,'SEM',519,,5750,3,,,1,25,,5754,3,,,1,56,,10,3,,,1,2000,,5751,3,,,1,40,,5752,3,,,1,80,,5753,3,,,1
1703,'DIM',616,,5836,1,,,1,84,,94,1,,,1,59,,5826,1,,,1,98,,5831,1,,,1,99,,5832,1,,,1,101,,5835,1,,,1,101,,5833,1,,,1,100,,5837,1,,,1,100,,5839,1,,,1,99,,5830,1,,,1,102,,5834,1,,,1,96,,5822,1,,,1,100,,5838,1,,,1,100,,5825,1,,,1,102,,5823,1,,,1,100,,5824,1,,,1,101,,5827,1,,,1,100,,89,1,,,1,142,,5829,1,,,1,120,,5828,1,,,1
1703,'SAM',533,,5851,1,,,1,83,,5843,1,,,1,84,,5850,1,,,1,58,,5856,1,,,1,99,,5853,1,,,1,100,,5854,1,,,1,102,,5852,1,,,1,99,,5858,1,,,1,100,,5849,1,,,1,100,,5855,1,,,1,99,,5859,1,,,1,102,,5857,1,,,1,97,,5860,1,,,1,99,,5840,1,,,1,99,,5841,1,,,1,101,,5842,1,,,1,100,,5848,1,,,1,103,,5846,1,,,1,100,,5847,1,,,1,143,,5844,1,,,1,121,,5845,1,,,1
1703,'SEM',547,,5881,1,,,1,112,,5863,1,,,1,141,,5869,1,,,1,56,,5868,1,,,1,99,,5884,1,,,1,100,,5871,1,,,1,100,,5867,1,,,1,100,,5864,1,,,1,99,,5865,1,,,1,96,,5870,1,,,1,77,,5872,1,,,1,22,,5866,1,,,1,75,,5861,1,,,1,27,,5877,1,,,1,75,,5862,1,,,1,77,,5874,1,,,1,29,,5873,1,,,1,69,,5879,1,,,1,100,,5875,1,,,1,100,,5876,1,,,1,100,,5880,1,,,1,100,,5878,1,,,1,52,,5883,1,,,1,150,,5882,1,,,1
3103,'DIM',630,,6784,3,,,1,99,,6783,3,,,1,98,,6788,3,,,1,99,,6791,3,,,1,99,,6792,3,,,1,101,,6789,3,,,1,100,,6785,3,,,1,101,,6787,3,,,1,101,,6775,3,,,1,96,,6786,3,,,1,101,,6790,3,,,1,102,,6779,3,,,1,98,,6777,3,,,1,100,,6778,3,,,1,102,,6776,3,,,1,101,,6782,3,,,1,100,,6781,3,,,1,100,,6780,3,,,1
3103,'SAM',630,,6805,3,,,1,100,,6808,3,,,1,97,,6806,3,,,1,98,,6809,3,,,1,98,,6811,3,,,1,101,,6793,3,,,1,102,,6803,3,,,1,100,,6807,3,,,1,100,,6804,3,,,1,102,,6810,3,,,1,97,,6796,3,,,1,102,,6797,3,,,1,99,,6800,3,,,1,99,,6794,3,,,1,100,,6801,3,,,1,103,,6802,3,,,1,102,,6795,3,,,1,97,,6799,3,,,1,98,,6798,3,,,1
3103,'SEM',625,,6834,3,,,1,100,,6813,3,,,1,100,,6831,3,,,1,100,,6833,3,,,1,100,,6832,3,,,1,100,,6812,3,,,1,99,,6830,3,,,1,100,,6815,3,,,1,100,,6816,3,,,1,96,,6820,3,,,1,23,,6822,3,,,1,74,,6817,3,,,1,20,,6814,3,,,1,82,,6827,3,,,1,30,,6829,3,,,1,71,,6823,3,,,1,33,,6819,3,,,1,77,,6825,3,,,1,102,,6818,3,,,1,100,,6821,3,,,1,102,,6826,3,,,1,97,,6824,3,,,1,110,,6828,3,,,1
34503,'SEM',432,,10851,3,,,1,99,,10852,3,,,1
34504,'SEM',2531,,10854,42,,,1,117,,10853,42,,,1
