4604,'DIM',543,,2298,57,,,1,100,,2304,57,,,1,101,,8085,57,,,1,100,,8086,57,,,1,101,,8083,57,,,1,103,,8088,57,,,1,103,,8090,57,,,1,99,,8091,57,,,1,96,,8084,57,,,1,102,,8075,57,,,1,107,,8087,57,,,1,96,,8078,57,,,1,102,,8079,57,,,1,98,,8089,57,,,1,99,,8081,57,,,1,99,,8076,57,,,1,100,,8080,57,,,1,99,,8082,57,,,1,100,,8077,57,,,1
4604,'SAM',543,,8093,57,,,1,100,,2327,57,,,1,101,,8104,57,,,1,100,,8105,57,,,1,101,,8109,57,,,1,103,,8107,57,,,1,103,,8106,57,,,1,101,,8110,57,,,1,97,,8092,57,,,1,102,,8103,57,,,1,105,,8102,57,,,1,97,,8108,57,,,1,99,,8095,57,,,1,99,,8098,57,,,1,99,,8101,57,,,1,99,,8096,57,,,1,100,,8099,57,,,1,95,,8094,57,,,1,100,,8097,57,,,1,103,,8100,57,,,1
4604,'SEM',505,,8142,57,,,1,48,,8137,57,,,1,69,,8139,57,,,1,27,,8111,57,,,1,63,,8117,57,,,1,12,,8119,57,,,1,11,,8122,57,,,1,68,,8112,57,,,1,33,,8125,57,,,1,65,,8120,57,,,1,31,,8126,57,,,1,25,,8121,57,,,1,70,,8114,57,,,1,30,,8123,57,,,1,70,,8131,57,,,1,30,,8140,57,,,1,70,,8141,57,,,1,30,,8143,57,,,1,70,,8138,57,,,1,76,,8113,57,,,1,24,,8116,57,,,1,32,,8115,57,,,1,73,,8129,57,,,1,84,,8118,57,,,1,34,,8132,57,,,1,61,,8124,57,,,1,94,,8127,57,,,1,51,,8135,57,,,1,95,,8128,57,,,1,99,,8136,57,,,1,98,,8130,57,,,1,100,,8133,57,,,1,99,,8134,57,,,1
6002,'DIM',726,,8943,48,,,1,102,,8952,48,,,1,101,,8951,48,,,1,102,,8955,48,,,1,103,,8953,48,,,1,104,,8957,48,,,1,100,,8954,48,,,1,100,,8956,48,,,1,100,,8958,48,,,1,99,,8942,48,,,1,99,,8959,48,,,1,97,,8949,48,,,1,96,,8945,48,,,1,100,,8944,48,,,1,99,,8947,48,,,1,100,,8946,48,,,1,99,,8948,48,,,1,97,,8950,48,,,1
6002,'SAM',726,,8973,48,,,1,102,,8972,48,,,1,95,,8975,48,,,1,108,,8971,48,,,1,103,,8969,48,,,1,104,,8977,48,,,1,100,,8976,48,,,1,97,,8970,48,,,1,103,,8974,48,,,1,99,,8961,48,,,1,99,,8965,48,,,1,97,,8966,48,,,1,96,,8960,48,,,1,100,,8964,48,,,1,99,,8962,48,,,1,100,,8968,48,,,1,99,,8967,48,,,1,97,,8963,48,,,1
6002,'SEM',703,,8978,48,,,1,124,,8994,48,,,1,82,,8993,48,,,1,102,,8981,48,,,1,96,,8980,48,,,1,102,,8982,48,,,1,100,,8996,48,,,1,100,,8995,48,,,1,97,,8983,48,,,1,106,,8979,48,,,1,102,,8984,48,,,1,98,,8990,48,,,1,95,,8986,48,,,1,96,,8989,48,,,1,97,,8992,48,,,1,59,,8985,48,,,1,98,,8988,48,,,1,89,,8987,48,,,1,100,,8991,48,,,1
15104,'DIM',622,,10512,42,,,2,31,,10534,42,,,2,70,,10536,42,,,2,22,,10531,42,,,2,74,,10529,42,,,2,28,,10515,42,,,2,80,,10537,42,,,2,25,,10532,42,,,2,75,,10530,42,,,2,75,,10527,42,,,2,37,,10538,42,,,2,67,,10543,42,,,2,37,,10535,42,,,2,75,,10528,42,,,2,37,,10539,42,,,2,69,,10533,42,,,2,77,,10541,42,,,2,35,,10516,42,,,2,77,,10540,42,,,2,29,,10544,42,,,2,77,,10542,42,,,2,33,,10517,42,,,2,77,,10523,42,,,2,27,,10525,42,,,2,73,,10513,42,,,2,71,,10519,42,,,2,34,,10524,42,,,2,67,,10526,42,,,2,29,,10514,42,,,2,71,,10518,42,,,2,58,,10520,42,,,2,141,,10521,42,,,2,20,,10522,42,,,2
15104,'SAM',622,,10564,42,,,2,31,,10567,42,,,2,70,,10570,42,,,2,23,,10568,42,,,2,73,,10562,42,,,2,28,,10565,42,,,2,80,,10571,42,,,2,25,,10569,42,,,2,75,,10563,42,,,2,31,,10566,42,,,2,81,,10572,42,,,2,67,,10576,42,,,2,37,,10560,42,,,2,74,,10574,42,,,2,38,,10573,42,,,2,69,,10577,42,,,2,79,,10561,42,,,2,32,,10545,42,,,2,78,,10575,42,,,2,29,,10549,42,,,2,77,,10547,42,,,2,32,,10546,42,,,2,78,,10553,42,,,2,27,,10557,42,,,2,73,,10548,42,,,2,71,,10555,42,,,2,34,,10554,42,,,2,67,,10558,42,,,2,32,,10559,42,,,2,68,,10556,42,,,2,58,,10550,42,,,2,141,,10551,42,,,2,20,,10552,42,,,2
15104,'SEM',456,,10628,42,,,2,72,,10595,42,,,2,14,,10625,42,,,2,64,,10632,42,,,2,26,,10635,42,,,2,12,,10639,42,,,2,13,,10582,42,,,2,46,,10583,42,,,2,4,,10586,42,,,2,5,,10588,42,,,2,4,,10590,42,,,2,9,,10578,42,,,2,11,,10634,42,,,2,8,,10596,42,,,2,13,,10626,42,,,2,56,,10633,42,,,2,18,,10579,42,,,2,10,,10591,42,,,2,15,,10580,42,,,2,46,,10598,42,,,2,14,,10587,42,,,2,27,,10594,42,,,2,62,,10597,42,,,2,20,,10593,42,,,2,19,,10627,42,,,2,57,,10620,42,,,2,21,,10630,42,,,2,31,,10629,42,,,2,60,,10631,42,,,2,19,,10636,42,,,2,19,,10637,42,,,2,59,,10581,42,,,2,21,,10589,42,,,2,72,,10638,42,,,2,21,,10640,42,,,2,21,,10602,42,,,2,62,,10592,42,,,2,21,,10605,42,,,2,28,,10607,42,,,2,59,,10585,42,,,2,21,,10584,42,,,2,64,,10600,42,,,2,17,,10603,42,,,2,16,,10599,42,,,2,18,,10608,42,,,2,58,,10609,42,,,2,14,,10614,42,,,2,14,,10611,42,,,2,14,,10612,42,,,2,59,,10601,42,,,2,20,,10621,42,,,2,19,,10624,42,,,2,66,,10619,42,,,2,30,,10623,42,,,2,72,,10604,42,,,2,29,,10606,42,,,2,70,,10610,42,,,2,30,,10613,42,,,2,70,,10615,42,,,2,22,,10616,42,,,2,63,,10618,42,,,2,36,,10617,42,,,2,80,,10622,42,,,2
25104,'SEM',722,,10734,26,,,1,7,,10735,26,,,1,11,,10736,26,,,1,14,,10737,26,,,1,52,,10738,26,,,1,18,,10733,26,,,1
