1704,'DIM',511,,5896,42,,,1,90,,5899,42,,,1,106,,5902,42,,,1,97,,5895,42,,,1,100,,5889,42,,,1,102,,5894,42,,,1,100,,5897,42,,,1,100,,5901,42,,,1,103,,5898,42,,,1,100,,5903,42,,,1,102,,5905,42,,,1,99,,5893,42,,,1,101,,5900,42,,,1,99,,5885,42,,,1,98,,5904,42,,,1,99,,5888,42,,,1,99,,5886,42,,,1,99,,5887,42,,,1,99,,5890,42,,,1,99,,5892,42,,,1,56,,5891,42,,,1
1704,'SAM',512,,5917,42,,,1,89,,5914,42,,,1,106,,5909,42,,,1,97,,5916,42,,,1,100,,5922,42,,,1,103,,5919,42,,,1,99,,5920,42,,,1,100,,5918,42,,,1,102,,5924,42,,,1,100,,5915,42,,,1,101,,5921,42,,,1,101,,5925,42,,,1,102,,5923,42,,,1,98,,5926,42,,,1,98,,5906,42,,,1,99,,5907,42,,,1,99,,5908,42,,,1,99,,5913,42,,,1,99,,5911,42,,,1,99,,5912,42,,,1,56,,5910,42,,,1
1704,'SEM',524,,5938,42,,,1,103,,5948,42,,,1,20,,5928,42,,,1,63,,5932,42,,,1,16,,5934,42,,,1,25,,5949,42,,,1,74,,5927,42,,,1,101,,5931,42,,,1,84,,5936,42,,,1,99,,5930,42,,,1,101,,5939,42,,,1,100,,5935,42,,,1,100,,5929,42,,,1,102,,5933,42,,,1,103,,5937,42,,,1,98,,5944,42,,,1,101,,5942,42,,,1,97,,5940,42,,,1,98,,5946,42,,,1,100,,5941,42,,,1,98,,5943,42,,,1,100,,5947,42,,,1,99,,5945,42,,,1
2704,'DIM',758,,6730,47,,,2,101,,6731,47,,,2,100,,6733,47,,,2,99,,6728,47,,,2,95,,6729,47,,,2,105,,6732,47,,,2,142,,6727,47,,,2,100,,6726,47,,,2,55,,6720,47,,,2,101,,6721,47,,,2,145,,6725,47,,,2,99,,6719,47,,,2,100,,6718,47,,,2,58,,6724,47,,,2,100,,6722,47,,,2,100,,6723,47,,,2
2704,'SAM',657,,6749,47,,,2,101,,6746,47,,,2,100,,6744,47,,,2,96,,6748,47,,,2,104,,6750,47,,,2,95,,6743,47,,,2,105,,6734,47,,,2,96,,6745,47,,,2,146,,6747,47,,,2,106,,6739,47,,,2,95,,6741,47,,,2,100,,6742,47,,,2,99,,6737,47,,,2,100,,6740,47,,,2,58,,6736,47,,,2,100,,6738,47,,,2,99,,6735,47,,,2
2704,'SEM',622,,6770,47,,,2,29,,6754,47,,,2,75,,6752,47,,,2,24,,6757,47,,,2,64,,6772,47,,,2,29,,6769,47,,,2,79,,6751,47,,,2,79,,6756,47,,,2,56,,6773,47,,,2,150,,6771,47,,,2,95,,6753,47,,,2,50,,6774,47,,,2,101,,6760,47,,,2,106,,6755,47,,,2,79,,6759,47,,,2,79,,6758,47,,,2,16,,6767,47,,,2,67,,6763,47,,,2,33,,6765,47,,,2,73,,6764,47,,,2,100,,6762,47,,,2,45,,6768,47,,,2,99,,6761,47,,,2,100,,6766,47,,,2
3104,'DIM',631,,1107,52,,,1,103,,6844,52,,,1,100,,6843,52,,,1,102,,6848,52,,,1,102,,6851,52,,,1,100,,6852,52,,,1,101,,6849,52,,,1,101,,6845,52,,,1,102,,6847,52,,,1,102,,6835,52,,,1,96,,6846,52,,,1,101,,6850,52,,,1,97,,6838,52,,,1,100,,6837,52,,,1,99,,6839,52,,,1,99,,6836,52,,,1,99,,6842,52,,,1,98,,6841,52,,,1,101,,6840,52,,,1
3104,'SAM',530,,6869,52,,,1,99,,6863,52,,,1,105,,6865,52,,,1,101,,6868,52,,,1,101,,6866,52,,,1,101,,6870,52,,,1,99,,6872,52,,,1,101,,6853,52,,,1,103,,6862,52,,,1,101,,6867,52,,,1,101,,6864,52,,,1,102,,6871,52,,,1,97,,6856,52,,,1,99,,6857,52,,,1,98,,6859,52,,,1,99,,6854,52,,,1,99,,6860,52,,,1,99,,6861,52,,,1,98,,6855,52,,,1,101,,6858,52,,,1
3104,'SEM',501,,6889,52,,,1,31,,1143,52,,,1,85,,6890,52,,,1,22,,6892,52,,,1,64,,6875,52,,,1,34,,6877,52,,,1,72,,6888,52,,,1,30,,6874,52,,,1,69,,6876,52,,,1,31,,6893,52,,,1,100,,6895,52,,,1,100,,6894,52,,,1,100,,6873,52,,,1,100,,6891,52,,,1,101,,6878,52,,,1,104,,6879,52,,,1,102,,6882,52,,,1,101,,6880,52,,,1,96,,6887,52,,,1,97,,6884,52,,,1,101,,6885,52,,,1,99,,6881,52,,,1,99,,6883,52,,,1,105,,6886,52,,,1
4304,'DIM',507,,2049,27,,,1,103,,2043,27,,,1,101,,7817,27,,,1,102,,7818,27,,,1,101,,7819,27,,,1,100,,7812,27,,,1,106,,7813,27,,,1,102,,7820,27,,,1,99,,7823,27,,,1,102,,7821,27,,,1,98,,7824,27,,,1,102,,7822,27,,,1,100,,7807,27,,,1,105,,7811,27,,,1,95,,7816,27,,,1,100,,7815,27,,,1,100,,7809,27,,,1,99,,7808,27,,,1,99,,7810,27,,,1,91,,7814,27,,,1
4304,'SAM',507,,2068,27,,,1,103,,7835,27,,,1,101,,7831,27,,,1,102,,7832,27,,,1,101,,7836,27,,,1,104,,7839,27,,,1,103,,7842,27,,,1,101,,7840,27,,,1,100,,7825,27,,,1,104,,7841,27,,,1,98,,7838,27,,,1,98,,7837,27,,,1,101,,7844,27,,,1,100,,7843,27,,,1,102,,7826,27,,,1,98,,7828,27,,,1,100,,7827,27,,,1,99,,7833,27,,,1,99,,7830,27,,,1,91,,7829,27,,,1,100,,7834,27,,,1
4304,'SEM',528,,7870,27,,,1,72,,7873,27,,,1,36,,7846,27,,,1,20,,7850,27,,,1,60,,7853,27,,,1,22,,7860,27,,,1,63,,7874,27,,,1,27,,7866,27,,,1,73,,7849,27,,,1,29,,7852,27,,,1,73,,7857,27,,,1,28,,7848,27,,,1,70,,7845,27,,,1,30,,7877,27,,,1,70,,7861,27,,,1,30,,7851,27,,,1,70,,7875,27,,,1,30,,7876,27,,,1,70,,7856,27,,,1,32,,7858,27,,,1,71,,7855,27,,,1,31,,7847,27,,,1,72,,7859,27,,,1,26,,7854,27,,,1,70,,7864,27,,,1,56,,7863,27,,,1,95,,7862,27,,,1,99,,7872,27,,,1,100,,7868,27,,,1,99,,7869,27,,,1,100,,7865,27,,,1,150,,7867,27,,,1,22,,7871,27,,,1
6001,'DIM',814,,8888,51,,,1,103,,8896,51,,,1,101,,8895,51,,,1,103,,8899,51,,,1,104,,8897,51,,,1,107,,8901,51,,,1,100,,8898,51,,,1,101,,8900,51,,,1,100,,8902,51,,,1,98,,8887,51,,,1,95,,8903,51,,,1,95,,8894,51,,,1,97,,8890,51,,,1,97,,8889,51,,,1,97,,8892,51,,,1,100,,8891,51,,,1,100,,8893,51,,,1
6001,'SAM',710,,8907,51,,,1,104,,8917,51,,,1,103,,8916,51,,,1,95,,8919,51,,,1,109,,8915,51,,,1,104,,8913,51,,,1,107,,8921,51,,,1,100,,8920,51,,,1,107,,8914,51,,,1,94,,8918,51,,,1,98,,8905,51,,,1,95,,8909,51,,,1,95,,8910,51,,,1,97,,8904,51,,,1,97,,8908,51,,,1,97,,8906,51,,,1,100,,8912,51,,,1,100,,8911,51,,,1
6001,'SEM',551,,8938,51,,,1,105,,8922,51,,,1,95,,8923,51,,,1,72,,8925,51,,,1,85,,8928,51,,,1,92,,8939,51,,,1,103,,8940,51,,,1,99,,8924,51,,,1,101,,8926,51,,,1,102,,8941,51,,,1,100,,8930,51,,,1,101,,8927,51,,,1,108,,8933,51,,,1,97,,8929,51,,,1,92,,8936,51,,,1,97,,8932,51,,,1,49,,8935,51,,,1,99,,8937,51,,,1,95,,8931,51,,,1,100,,8934,51,,,1
7304,'DIM',546,,4008,70,,,1,70,,3997,70,,,1,102,,9816,70,,,1,101,,9822,70,,,1,101,,9817,70,,,1,102,,9819,70,,,1,101,,9815,70,,,1,100,,9818,70,,,1,101,,9820,70,,,1,101,,9809,70,,,1,101,,9814,70,,,1,101,,9821,70,,,1,100,,9823,70,,,1,98,,9807,70,,,1,98,,9808,70,,,1,99,,9805,70,,,1,99,,9810,70,,,1,99,,9812,70,,,1,98,,9806,70,,,1,101,,9811,70,,,1,99,,9813,70,,,1
7304,'SAM',546,,9846,70,,,1,70,,9834,70,,,1,104,,9838,70,,,1,99,,9826,70,,,1,101,,9842,70,,,1,102,,9840,70,,,1,102,,9827,70,,,1,101,,9839,70,,,1,99,,9843,70,,,1,101,,9841,70,,,1,101,,9824,70,,,1,102,,9844,70,,,1,99,,9845,70,,,1,98,,9830,70,,,1,98,,9825,70,,,1,99,,9832,70,,,1,99,,9831,70,,,1,99,,9828,70,,,1,98,,9829,70,,,1,101,,9833,70,,,1,99,,9835,70,,,1,100,,9837,70,,,1,99,,9836,70,,,1
7304,'SEM',510,,9876,70,,,1,44,,9874,70,,,1,81,,9885,70,,,1,18,,9887,70,,,1,67,,9886,70,,,1,12,,9853,70,,,1,12,,9882,70,,,1,13,,9859,70,,,1,61,,9862,70,,,1,16,,9883,70,,,1,15,,9854,70,,,1,66,,9851,70,,,1,29,,9857,70,,,1,82,,9866,70,,,1,29,,9852,70,,,1,70,,9849,70,,,1,30,,9888,70,,,1,70,,9861,70,,,1,75,,9855,70,,,1,26,,9884,70,,,1,30,,9856,70,,,1,70,,9863,70,,,1,30,,9889,70,,,1,72,,9850,70,,,1,82,,9864,70,,,1,13,,9848,70,,,1,19,,9847,70,,,1,75,,9858,70,,,1,15,,9871,70,,,1,25,,9870,70,,,1,73,,9860,70,,,1,73,,9877,70,,,1,23,,9875,70,,,1,32,,9867,70,,,1,66,,9873,70,,,1,31,,9879,70,,,1,71,,9865,70,,,1,27,,9868,70,,,1,70,,9880,70,,,1,29,,9869,70,,,1,70,,9872,70,,,1,100,,9878,70,,,1,93,,9881,70,,,1
7402,'DIM',646,,9951,83,,,2,102,,9955,83,,,2,102,,9954,83,,,2,101,,9956,83,,,2,102,,9958,83,,,2,101,,9947,83,,,2,100,,9952,83,,,2,101,,9953,83,,,2,102,,9957,83,,,2,99,,9959,83,,,2,99,,9960,83,,,2,100,,9944,83,,,2,98,,9946,83,,,2,98,,9948,83,,,2,99,,9950,83,,,2,100,,9949,83,,,2,99,,9945,83,,,2
7402,'SAM',646,,9971,83,,,2,102,,9974,83,,,2,100,,9962,83,,,2,101,,9976,83,,,2,104,,9975,83,,,2,101,,9970,83,,,2,99,,9973,83,,,2,101,,9972,83,,,2,103,,9961,83,,,2,99,,9977,83,,,2,100,,9964,83,,,2,97,,9965,83,,,2,98,,9966,83,,,2,100,,9969,83,,,2,98,,9963,83,,,2,100,,9967,83,,,2,99,,9968,83,,,2
7402,'SEM',609,,9995,83,,,2,49,,9996,83,,,2,56,,9981,83,,,2,87,,9985,83,,,2,56,,9980,83,,,2,98,,9983,83,,,2,98,,9992,83,,,2,100,,9984,83,,,2,100,,9993,83,,,2,100,,9978,83,,,2,100,,9982,83,,,2,106,,9979,83,,,2,99,,9987,83,,,2,100,,9991,83,,,2,96,,9986,83,,,2,98,,9990,83,,,2,99,,9994,83,,,2,99,,9989,83,,,2,100,,9988,83,,,2
