1704,'DIM',503,,5896,25,,,1,50,,5899,25,,,1,106,,5902,25,,,1,96,,5895,25,,,1,99,,5889,25,,,1,101,,5894,25,,,1,100,,5897,25,,,1,100,,5901,25,,,1,103,,5898,25,,,1,100,,5903,25,,,1,142,,5905,25,,,1,59,,5893,25,,,1,141,,5900,25,,,1,100,,5885,25,,,1,58,,5904,25,,,1,99,,5888,25,,,1,99,,5886,25,,,1,101,,5887,25,,,1,99,,5890,25,,,1,99,,5892,25,,,1,96,,5891,25,,,1
1704,'SAM',504,,5917,25,,,1,49,,5914,25,,,1,106,,5909,25,,,1,96,,5916,25,,,1,99,,5922,25,,,1,102,,5919,25,,,1,99,,5920,25,,,1,100,,5918,25,,,1,102,,5924,25,,,1,100,,5915,25,,,1,101,,5921,25,,,1,101,,5925,25,,,1,142,,5923,25,,,1,99,,5926,25,,,1,58,,5906,25,,,1,99,,5907,25,,,1,99,,5908,25,,,1,101,,5913,25,,,1,99,,5911,25,,,1,99,,5912,25,,,1,96,,5910,25,,,1
1704,'SEM',515,,5938,25,,,1,102,,5948,25,,,1,20,,5928,25,,,1,20,,5932,25,,,1,56,,5934,25,,,1,25,,5949,25,,,1,74,,5927,25,,,1,102,,5931,25,,,1,44,,5936,25,,,1,99,,5930,25,,,1,101,,5939,25,,,1,100,,5935,25,,,1,100,,5929,25,,,1,142,,5933,25,,,1,103,,5937,25,,,1,98,,5944,25,,,1,101,,5942,25,,,1,99,,5940,25,,,1,99,,5946,25,,,1,100,,5941,25,,,1,59,,5943,25,,,1,100,,5947,25,,,1,99,,5945,25,,,1
3104,'DIM',623,,1107,35,,,1,102,,6844,35,,,1,100,,6843,35,,,1,100,,6848,35,,,1,102,,6851,35,,,1,100,,6852,35,,,1,101,,6849,35,,,1,101,,6845,35,,,1,102,,6847,35,,,1,102,,6835,35,,,1,96,,6846,35,,,1,101,,6850,35,,,1,98,,6838,35,,,1,100,,6837,35,,,1,99,,6839,35,,,1,101,,6836,35,,,1,99,,6842,35,,,1,98,,6841,35,,,1,101,,6840,35,,,1
3104,'SAM',522,,6869,35,,,1,99,,6863,35,,,1,104,,6865,35,,,1,101,,6868,35,,,1,99,,6866,35,,,1,101,,6870,35,,,1,99,,6872,35,,,1,101,,6853,35,,,1,103,,6862,35,,,1,101,,6867,35,,,1,101,,6864,35,,,1,102,,6871,35,,,1,97,,6856,35,,,1,100,,6857,35,,,1,98,,6859,35,,,1,99,,6854,35,,,1,101,,6860,35,,,1,99,,6861,35,,,1,98,,6855,35,,,1,101,,6858,35,,,1
3104,'SEM',453,,6889,35,,,1,70,,1143,35,,,1,85,,6890,35,,,1,21,,6892,35,,,1,23,,6875,35,,,1,73,,6877,35,,,1,32,,6888,35,,,1,70,,6874,35,,,1,30,,6876,35,,,1,71,,6893,35,,,1,100,,6895,35,,,1,100,,6894,35,,,1,100,,6873,35,,,1,100,,6891,35,,,1,100,,6878,35,,,1,104,,6879,35,,,1,102,,6882,35,,,1,101,,6880,35,,,1,97,,6887,35,,,1,98,,6884,35,,,1,101,,6885,35,,,1,101,,6881,35,,,1,99,,6883,35,,,1,105,,6886,35,,,1
4804,'DIM',537,,2444,6,,,1,109,,8225,6,,,1,102,,8224,6,,,1,105,,8221,6,,,1,105,,8226,6,,,1,99,,8223,6,,,1,99,,8227,6,,,1,103,,8229,6,,,1,96,,8222,6,,,1,146,,8228,6,,,1,100,,8216,6,,,1,100,,8219,6,,,1,99,,8217,6,,,1,100,,8220,6,,,1,100,,8215,6,,,1,100,,8213,6,,,1,100,,8218,6,,,1,100,,8214,6,,,1
4804,'SAM',536,,8241,6,,,1,112,,8246,6,,,1,101,,8243,6,,,1,104,,8230,6,,,1,105,,8244,6,,,1,99,,8248,6,,,1,100,,8247,6,,,1,96,,8249,6,,,1,106,,8245,6,,,1,142,,8231,6,,,1,100,,8234,6,,,1,100,,8238,6,,,1,99,,8235,6,,,1,100,,8232,6,,,1,100,,8242,6,,,1,100,,8239,6,,,1,100,,8233,6,,,1,100,,8236,6,,,1,54,,8237,6,,,1,69,,8240,6,,,1
4804,'SEM',505,,2475,6,,,1,42,,8270,6,,,1,59,,8272,6,,,1,20,,8252,6,,,1,19,,8263,6,,,1,64,,8266,6,,,1,19,,8258,6,,,1,24,,8275,6,,,1,70,,8253,6,,,1,30,,8256,6,,,1,70,,8255,6,,,1,30,,8271,6,,,1,67,,8276,6,,,1,106,,8273,6,,,1,100,,8274,6,,,1,100,,8250,6,,,1,99,,8260,6,,,1,79,,8257,6,,,1,33,,8254,6,,,1,76,,8251,6,,,1,94,,8261,6,,,1,30,,8268,6,,,1,106,,8259,6,,,1,107,,8265,6,,,1,104,,8264,6,,,1,99,,8262,6,,,1,100,,8269,6,,,1,100,,8267,6,,,1
7304,'DIM',538,,4008,53,,,1,70,,3997,53,,,1,101,,9816,53,,,1,101,,9822,53,,,1,100,,9817,53,,,1,101,,9819,53,,,1,101,,9815,53,,,1,100,,9818,53,,,1,101,,9820,53,,,1,101,,9809,53,,,1,101,,9814,53,,,1,101,,9821,53,,,1,100,,9823,53,,,1,99,,9807,53,,,1,98,,9808,53,,,1,100,,9805,53,,,1,100,,9810,53,,,1,99,,9812,53,,,1,98,,9806,53,,,1,101,,9811,53,,,1,99,,9813,53,,,1
7304,'SAM',538,,9846,53,,,1,70,,9834,53,,,1,103,,9838,53,,,1,99,,9826,53,,,1,100,,9842,53,,,1,101,,9840,53,,,1,102,,9827,53,,,1,101,,9839,53,,,1,99,,9843,53,,,1,101,,9841,53,,,1,101,,9824,53,,,1,102,,9844,53,,,1,99,,9845,53,,,1,99,,9830,53,,,1,98,,9825,53,,,1,100,,9832,53,,,1,100,,9831,53,,,1,99,,9828,53,,,1,98,,9829,53,,,1,101,,9833,53,,,1,99,,9835,53,,,1,100,,9837,53,,,1,99,,9836,53,,,1
7304,'SEM',501,,9876,53,,,1,44,,9874,53,,,1,80,,9885,53,,,1,18,,9887,53,,,1,64,,9886,53,,,1,12,,9853,53,,,1,12,,9882,53,,,1,13,,9859,53,,,1,61,,9862,53,,,1,16,,9883,53,,,1,15,,9854,53,,,1,66,,9851,53,,,1,30,,9857,53,,,1,82,,9866,53,,,1,29,,9852,53,,,1,70,,9849,53,,,1,30,,9888,53,,,1,70,,9861,53,,,1,35,,9855,53,,,1,66,,9884,53,,,1,30,,9856,53,,,1,70,,9863,53,,,1,30,,9889,53,,,1,72,,9850,53,,,1,42,,9864,53,,,1,53,,9848,53,,,1,19,,9847,53,,,1,75,,9858,53,,,1,15,,9871,53,,,1,25,,9870,53,,,1,73,,9860,53,,,1,35,,9877,53,,,1,63,,9875,53,,,1,33,,9867,53,,,1,66,,9873,53,,,1,31,,9879,53,,,1,71,,9865,53,,,1,28,,9868,53,,,1,70,,9880,53,,,1,29,,9869,53,,,1,70,,9872,53,,,1,100,,9878,53,,,1,94,,9881,53,,,1
7402,'DIM',637,,9951,66,,,2,102,,9955,66,,,2,100,,9954,66,,,2,101,,9956,66,,,2,102,,9958,66,,,2,101,,9947,66,,,2,99,,9952,66,,,2,101,,9953,66,,,2,102,,9957,66,,,2,99,,9959,66,,,2,99,,9960,66,,,2,102,,9944,66,,,2,98,,9946,66,,,2,99,,9948,66,,,2,100,,9950,66,,,2,100,,9949,66,,,2,99,,9945,66,,,2
7402,'SAM',637,,9971,66,,,2,102,,9974,66,,,2,98,,9962,66,,,2,101,,9976,66,,,2,104,,9975,66,,,2,101,,9970,66,,,2,98,,9973,66,,,2,101,,9972,66,,,2,103,,9961,66,,,2,99,,9977,66,,,2,100,,9964,66,,,2,99,,9965,66,,,2,98,,9966,66,,,2,101,,9969,66,,,2,99,,9963,66,,,2,100,,9967,66,,,2,99,,9968,66,,,2
7402,'SEM',559,,9995,66,,,2,88,,9996,66,,,2,55,,9981,66,,,2,47,,9985,66,,,2,96,,9980,66,,,2,98,,9983,66,,,2,98,,9992,66,,,2,100,,9984,66,,,2,100,,9993,66,,,2,100,,9978,66,,,2,100,,9982,66,,,2,105,,9979,66,,,2,100,,9987,66,,,2,101,,9991,66,,,2,96,,9986,66,,,2,99,,9990,66,,,2,100,,9994,66,,,2,100,,9989,66,,,2,100,,9988,66,,,2
