1704,'DIM',454,,5896,4,,,1,89,,5899,4,,,1,105,,5902,4,,,1,96,,5895,4,,,1,97,,5889,4,,,1,100,,5894,4,,,1,100,,5897,4,,,1,100,,5901,4,,,1,103,,5898,4,,,1,100,,5903,4,,,1,102,,5905,4,,,1,100,,5893,4,,,1,101,,5900,4,,,1,102,,5885,4,,,1,98,,5904,4,,,1,99,,5888,4,,,1,99,,5886,4,,,1,102,,5887,4,,,1,99,,5890,4,,,1,100,,5892,4,,,1,96,,5891,4,,,1
1704,'SAM',455,,5917,4,,,1,88,,5914,4,,,1,105,,5909,4,,,1,96,,5916,4,,,1,97,,5922,4,,,1,101,,5919,4,,,1,99,,5920,4,,,1,100,,5918,4,,,1,102,,5924,4,,,1,100,,5915,4,,,1,101,,5921,4,,,1,102,,5925,4,,,1,102,,5923,4,,,1,101,,5926,4,,,1,98,,5906,4,,,1,99,,5907,4,,,1,99,,5908,4,,,1,102,,5913,4,,,1,99,,5911,4,,,1,100,,5912,4,,,1,96,,5910,4,,,1
1704,'SEM',503,,5938,4,,,1,102,,5948,4,,,1,19,,5928,4,,,1,20,,5932,4,,,1,15,,5934,4,,,1,65,,5949,4,,,1,33,,5927,4,,,1,143,,5931,4,,,1,45,,5936,4,,,1,100,,5930,4,,,1,101,,5939,4,,,1,100,,5935,4,,,1,100,,5929,4,,,1,100,,5933,4,,,1,103,,5937,4,,,1,98,,5944,4,,,1,103,,5942,4,,,1,100,,5940,4,,,1,99,,5946,4,,,1,100,,5941,4,,,1,100,,5943,4,,,1,101,,5947,4,,,1,99,,5945,4,,,1
3904,'DIM',814,,1465,4,,,1,99,,7195,4,,,1,95,,7201,4,,,1,14,,7199,4,,,1,34,,7203,4,,,1,68,,7208,4,,,1,34,,7196,4,,,1,70,,7207,4,,,1,31,,7194,4,,,1,69,,7189,4,,,1,76,,7198,4,,,1,25,,7197,4,,,1,28,,7202,4,,,1,67,,7205,4,,,1,77,,7204,4,,,1,30,,7191,4,,,1,70,,7200,4,,,1,30,,7206,4,,,1,80,,7192,4,,,1,45,,7187,4,,,1,100,,7190,4,,,1,97,,7193,4,,,1,100,,7188,4,,,1
3904,'SAM',814,,7223,4,,,1,101,,7222,4,,,1,93,,7224,4,,,1,14,,7228,4,,,1,36,,7225,4,,,1,70,,7220,4,,,1,30,,7227,4,,,1,70,,7229,4,,,1,30,,7219,4,,,1,70,,7218,4,,,1,75,,7221,4,,,1,29,,7209,4,,,1,69,,7210,4,,,1,25,,7226,4,,,1,75,,7213,4,,,1,30,,7230,4,,,1,70,,7214,4,,,1,30,,7216,4,,,1,80,,7211,4,,,1,45,,7215,4,,,1,100,,7217,4,,,1,97,,7212,4,,,1,100,,1475,4,,,1
3904,'SEM',603,,7253,4,,,1,37,,7234,4,,,1,12,,7241,4,,,1,50,,7243,4,,,1,33,,7235,4,,,1,69,,7233,4,,,1,35,,7244,4,,,1,68,,7242,4,,,1,30,,7256,4,,,1,70,,7240,4,,,1,30,,7252,4,,,1,70,,7250,4,,,1,30,,7232,4,,,1,70,,7255,4,,,1,30,,7251,4,,,1,70,,7254,4,,,1,35,,7239,4,,,1,70,,7237,4,,,1,30,,7231,4,,,1,73,,7236,4,,,1,105,,7245,4,,,1,107,,7238,4,,,1,105,,7249,4,,,1,102,,7247,4,,,1,100,,7248,4,,,1,99,,7246,4,,,1
4504,'DIM',611,,2173,4,,,1,100,,7949,4,,,1,99,,2174,4,,,1,101,,7951,4,,,1,99,,7948,4,,,1,101,,7950,4,,,1,98,,7947,4,,,1,106,,7954,4,,,1,100,,7941,4,,,1,96,,7953,4,,,1,106,,7939,4,,,1,90,,7952,4,,,1,100,,7940,4,,,1,100,,7945,4,,,1,100,,7942,4,,,1,100,,7946,4,,,1,100,,7944,4,,,1,100,,7943,4,,,1
4504,'SAM',605,,7965,4,,,1,106,,7963,4,,,1,99,,7967,4,,,1,101,,7969,4,,,1,99,,7970,4,,,1,101,,7955,4,,,1,100,,7968,4,,,1,104,,7964,4,,,1,102,,7966,4,,,1,99,,7972,4,,,1,96,,7959,4,,,1,95,,7971,4,,,1,100,,7960,4,,,1,100,,7957,4,,,1,100,,7956,4,,,1,100,,7961,4,,,1,100,,7958,4,,,1,100,,7962,4,,,1
4504,'SEM',524,,7996,4,,,1,18,,8000,4,,,1,77,,7995,4,,,1,25,,7976,4,,,1,10,,7980,4,,,1,53,,7984,4,,,1,14,,7985,4,,,1,26,,7973,4,,,1,12,,7983,4,,,1,87,,7974,4,,,1,154,,7981,4,,,1,108,,7997,4,,,1,96,,7998,4,,,1,54,,7999,4,,,1,101,,7986,4,,,1,84,,7977,4,,,1,78,,7979,4,,,1,18,,7978,4,,,1,68,,7988,4,,,1,38,,7982,4,,,1,83,,7975,4,,,1,73,,7994,4,,,1,109,,7992,4,,,1,102,,7991,4,,,1,103,,7987,4,,,1,94,,7989,4,,,1,95,,7990,4,,,1,55,,7993,4,,,1
7402,'DIM',625,,9951,43,,,2,102,,9955,43,,,2,100,,9954,43,,,2,100,,9956,43,,,2,101,,9958,43,,,2,100,,9947,43,,,2,99,,9952,43,,,2,101,,9953,43,,,2,102,,9957,43,,,2,99,,9959,43,,,2,99,,9960,43,,,2,104,,9944,43,,,2,98,,9946,43,,,2,100,,9948,43,,,2,100,,9950,43,,,2,100,,9949,43,,,2,99,,9945,43,,,2
7402,'SAM',625,,9971,43,,,2,102,,9974,43,,,2,98,,9962,43,,,2,100,,9976,43,,,2,103,,9975,43,,,2,100,,9970,43,,,2,98,,9973,43,,,2,101,,9972,43,,,2,103,,9961,43,,,2,99,,9977,43,,,2,100,,9964,43,,,2,101,,9965,43,,,2,98,,9966,43,,,2,102,,9969,43,,,2,99,,9963,43,,,2,100,,9967,43,,,2,99,,9968,43,,,2
7402,'SEM',546,,9995,43,,,2,87,,9996,43,,,2,15,,9981,43,,,2,87,,9985,43,,,2,96,,9980,43,,,2,99,,9983,43,,,2,98,,9992,43,,,2,100,,9984,43,,,2,100,,9993,43,,,2,100,,9978,43,,,2,100,,9982,43,,,2,103,,9979,43,,,2,100,,9987,43,,,2,102,,9991,43,,,2,97,,9986,43,,,2,100,,9990,43,,,2,100,,9994,43,,,2,100,,9989,43,,,2,100,,9988,43,,,2
