1704,'DIM',505,,5896,29,,,1,50,,5899,29,,,1,146,,5902,29,,,1,56,,5895,29,,,1,100,,5889,29,,,1,101,,5894,29,,,1,100,,5897,29,,,1,100,,5901,29,,,1,143,,5898,29,,,1,100,,5903,29,,,1,102,,5905,29,,,1,99,,5893,29,,,1,101,,5900,29,,,1,100,,5885,29,,,1,98,,5904,29,,,1,99,,5888,29,,,1,59,,5886,29,,,1,100,,5887,29,,,1,99,,5890,29,,,1,99,,5892,29,,,1,96,,5891,29,,,1
1704,'SAM',506,,5917,29,,,1,49,,5914,29,,,1,146,,5909,29,,,1,56,,5916,29,,,1,100,,5922,29,,,1,102,,5919,29,,,1,99,,5920,29,,,1,100,,5918,29,,,1,142,,5924,29,,,1,100,,5915,29,,,1,101,,5921,29,,,1,101,,5925,29,,,1,102,,5923,29,,,1,99,,5926,29,,,1,98,,5906,29,,,1,99,,5907,29,,,1,59,,5908,29,,,1,100,,5913,29,,,1,99,,5911,29,,,1,99,,5912,29,,,1,96,,5910,29,,,1
1704,'SEM',517,,5938,29,,,1,102,,5948,29,,,1,20,,5928,29,,,1,61,,5932,29,,,1,16,,5934,29,,,1,25,,5949,29,,,1,74,,5927,29,,,1,102,,5931,29,,,1,84,,5936,29,,,1,99,,5930,29,,,1,101,,5939,29,,,1,100,,5935,29,,,1,100,,5929,29,,,1,102,,5933,29,,,1,103,,5937,29,,,1,98,,5944,29,,,1,101,,5942,29,,,1,99,,5940,29,,,1,98,,5946,29,,,1,100,,5941,29,,,1,99,,5943,29,,,1,100,,5947,29,,,1,99,,5945,29,,,1
3104,'DIM',625,,1107,39,,,1,102,,6844,39,,,1,100,,6843,39,,,1,101,,6848,39,,,1,102,,6851,39,,,1,100,,6852,39,,,1,101,,6849,39,,,1,101,,6845,39,,,1,102,,6847,39,,,1,102,,6835,39,,,1,96,,6846,39,,,1,101,,6850,39,,,1,98,,6838,39,,,1,100,,6837,39,,,1,99,,6839,39,,,1,100,,6836,39,,,1,99,,6842,39,,,1,98,,6841,39,,,1,101,,6840,39,,,1
3104,'SAM',524,,6869,39,,,1,99,,6863,39,,,1,104,,6865,39,,,1,101,,6868,39,,,1,100,,6866,39,,,1,101,,6870,39,,,1,99,,6872,39,,,1,101,,6853,39,,,1,103,,6862,39,,,1,101,,6867,39,,,1,101,,6864,39,,,1,102,,6871,39,,,1,97,,6856,39,,,1,100,,6857,39,,,1,98,,6859,39,,,1,99,,6854,39,,,1,100,,6860,39,,,1,99,,6861,39,,,1,98,,6855,39,,,1,101,,6858,39,,,1
3104,'SEM',455,,6889,39,,,1,70,,1143,39,,,1,85,,6890,39,,,1,22,,6892,39,,,1,23,,6875,39,,,1,73,,6877,39,,,1,72,,6888,39,,,1,30,,6874,39,,,1,70,,6876,39,,,1,31,,6893,39,,,1,100,,6895,39,,,1,100,,6894,39,,,1,100,,6873,39,,,1,100,,6891,39,,,1,100,,6878,39,,,1,104,,6879,39,,,1,102,,6882,39,,,1,101,,6880,39,,,1,97,,6887,39,,,1,98,,6884,39,,,1,101,,6885,39,,,1,100,,6881,39,,,1,99,,6883,39,,,1,105,,6886,39,,,1
7304,'DIM',540,,4008,57,,,1,70,,3997,57,,,1,101,,9816,57,,,1,101,,9822,57,,,1,100,,9817,57,,,1,102,,9819,57,,,1,101,,9815,57,,,1,100,,9818,57,,,1,101,,9820,57,,,1,101,,9809,57,,,1,101,,9814,57,,,1,101,,9821,57,,,1,100,,9823,57,,,1,99,,9807,57,,,1,98,,9808,57,,,1,99,,9805,57,,,1,100,,9810,57,,,1,99,,9812,57,,,1,98,,9806,57,,,1,101,,9811,57,,,1,99,,9813,57,,,1
7304,'SAM',540,,9846,57,,,1,70,,9834,57,,,1,103,,9838,57,,,1,99,,9826,57,,,1,100,,9842,57,,,1,102,,9840,57,,,1,102,,9827,57,,,1,101,,9839,57,,,1,99,,9843,57,,,1,101,,9841,57,,,1,101,,9824,57,,,1,102,,9844,57,,,1,99,,9845,57,,,1,99,,9830,57,,,1,98,,9825,57,,,1,99,,9832,57,,,1,100,,9831,57,,,1,99,,9828,57,,,1,98,,9829,57,,,1,101,,9833,57,,,1,99,,9835,57,,,1,100,,9837,57,,,1,99,,9836,57,,,1
7304,'SEM',503,,9876,57,,,1,44,,9874,57,,,1,80,,9885,57,,,1,18,,9887,57,,,1,65,,9886,57,,,1,12,,9853,57,,,1,12,,9882,57,,,1,13,,9859,57,,,1,61,,9862,57,,,1,16,,9883,57,,,1,15,,9854,57,,,1,66,,9851,57,,,1,30,,9857,57,,,1,82,,9866,57,,,1,29,,9852,57,,,1,70,,9849,57,,,1,30,,9888,57,,,1,70,,9861,57,,,1,35,,9855,57,,,1,66,,9884,57,,,1,30,,9856,57,,,1,70,,9863,57,,,1,30,,9889,57,,,1,72,,9850,57,,,1,82,,9864,57,,,1,13,,9848,57,,,1,19,,9847,57,,,1,75,,9858,57,,,1,15,,9871,57,,,1,25,,9870,57,,,1,73,,9860,57,,,1,35,,9877,57,,,1,63,,9875,57,,,1,32,,9867,57,,,1,66,,9873,57,,,1,31,,9879,57,,,1,71,,9865,57,,,1,28,,9868,57,,,1,70,,9880,57,,,1,29,,9869,57,,,1,70,,9872,57,,,1,100,,9878,57,,,1,94,,9881,57,,,1
7402,'DIM',640,,9951,70,,,2,102,,9955,70,,,2,100,,9954,70,,,2,101,,9956,70,,,2,102,,9958,70,,,2,101,,9947,70,,,2,99,,9952,70,,,2,101,,9953,70,,,2,102,,9957,70,,,2,99,,9959,70,,,2,99,,9960,70,,,2,102,,9944,70,,,2,98,,9946,70,,,2,99,,9948,70,,,2,99,,9950,70,,,2,100,,9949,70,,,2,99,,9945,70,,,2
7402,'SAM',640,,9971,70,,,2,102,,9974,70,,,2,98,,9962,70,,,2,101,,9976,70,,,2,104,,9975,70,,,2,101,,9970,70,,,2,98,,9973,70,,,2,101,,9972,70,,,2,103,,9961,70,,,2,99,,9977,70,,,2,100,,9964,70,,,2,99,,9965,70,,,2,98,,9966,70,,,2,101,,9969,70,,,2,98,,9963,70,,,2,100,,9967,70,,,2,99,,9968,70,,,2
7402,'SEM',602,,9995,70,,,2,48,,9996,70,,,2,55,,9981,70,,,2,47,,9985,70,,,2,96,,9980,70,,,2,98,,9983,70,,,2,98,,9992,70,,,2,100,,9984,70,,,2,100,,9993,70,,,2,100,,9978,70,,,2,100,,9982,70,,,2,105,,9979,70,,,2,100,,9987,70,,,2,101,,9991,70,,,2,96,,9986,70,,,2,99,,9990,70,,,2,99,,9994,70,,,2,100,,9989,70,,,2,100,,9988,70,,,2
