4504,'DIM',632,,2173,46,,,1,100,,7949,46,,,1,100,,2174,46,,,1,101,,7951,46,,,1,100,,7948,46,,,1,101,,7950,46,,,1,98,,7947,46,,,1,106,,7954,46,,,1,100,,7941,46,,,1,96,,7953,46,,,1,106,,7939,46,,,1,90,,7952,46,,,1,100,,7940,46,,,1,99,,7945,46,,,1,99,,7942,46,,,1,100,,7946,46,,,1,100,,7944,46,,,1,99,,7943,46,,,1
4504,'SAM',626,,7965,46,,,1,106,,7963,46,,,1,100,,7967,46,,,1,101,,7969,46,,,1,100,,7970,46,,,1,101,,7955,46,,,1,100,,7968,46,,,1,104,,7964,46,,,1,102,,7966,46,,,1,99,,7972,46,,,1,96,,7959,46,,,1,95,,7971,46,,,1,100,,7960,46,,,1,99,,7957,46,,,1,99,,7956,46,,,1,100,,7961,46,,,1,100,,7958,46,,,1,99,,7962,46,,,1
4504,'SEM',548,,7996,46,,,1,58,,8000,46,,,1,41,,7995,46,,,1,67,,7976,46,,,1,11,,7980,46,,,1,13,,7984,46,,,1,14,,7985,46,,,1,65,,7973,46,,,1,12,,7983,46,,,1,85,,7974,46,,,1,112,,7981,46,,,1,108,,7997,46,,,1,96,,7998,46,,,1,94,,7999,46,,,1,101,,7986,46,,,1,85,,7977,46,,,1,40,,7979,46,,,1,57,,7978,46,,,1,28,,7988,46,,,1,78,,7982,46,,,1,40,,7975,46,,,1,73,,7994,46,,,1,107,,7992,46,,,1,102,,7991,46,,,1,102,,7987,46,,,1,93,,7989,46,,,1,95,,7990,46,,,1,95,,7993,46,,,1
5002,'DIM',621,,8370,37,,,1,100,,8382,37,,,1,101,,8377,37,,,1,101,,8383,37,,,1,101,,8386,37,,,1,24,,8376,37,,,1,72,,8378,37,,,1,28,,8389,37,,,1,79,,8381,37,,,1,28,,8379,37,,,1,77,,8388,37,,,1,24,,8375,37,,,1,76,,8380,37,,,1,21,,8384,37,,,1,74,,8366,37,,,1,31,,8364,37,,,1,74,,8387,37,,,1,26,,8385,37,,,1,76,,8371,37,,,1,101,,8373,37,,,1,99,,8374,37,,,1,99,,8365,37,,,1,100,,8368,37,,,1,100,,8367,37,,,1,96,,8369,37,,,1,100,,8372,37,,,1
5002,'SAM',616,,8395,37,,,1,105,,8403,37,,,1,101,,8406,37,,,1,101,,8410,37,,,1,102,,8401,37,,,1,23,,8412,37,,,1,76,,8415,37,,,1,27,,8404,37,,,1,76,,8411,37,,,1,26,,8413,37,,,1,74,,8405,37,,,1,28,,8407,37,,,1,75,,8414,37,,,1,71,,8391,37,,,1,32,,8408,37,,,1,23,,8390,37,,,1,72,,8409,37,,,1,30,,8396,37,,,1,76,,8398,37,,,1,101,,8397,37,,,1,99,,8399,37,,,1,99,,8392,37,,,1,100,,8393,37,,,1,99,,8400,37,,,1,97,,8394,37,,,1,100,,8402,37,,,1
5002,'SEM',512,,8422,37,,,1,35,,8445,37,,,1,69,,2661,37,,,1,30,,8418,37,,,1,71,,8446,37,,,1,13,,8430,37,,,1,75,,8417,37,,,1,17,,8427,37,,,1,32,,8416,37,,,1,69,,8431,37,,,1,27,,8424,37,,,1,70,,8447,37,,,1,30,,8448,37,,,1,70,,8432,37,,,1,30,,8425,37,,,1,69,,8423,37,,,1,30,,8449,37,,,1,71,,8444,37,,,1,30,,8419,37,,,1,70,,8435,37,,,1,39,,8420,37,,,1,81,,8436,37,,,1,75,,8428,37,,,1,27,,8433,37,,,1,67,,8429,37,,,1,30,,8421,37,,,1,69,,8426,37,,,1,29,,8434,37,,,1,71,,8441,37,,,1,104,,8439,37,,,1,105,,8442,37,,,1,100,,8437,37,,,1,111,,8438,37,,,1,99,,8440,37,,,1,96,,8443,37,,,1
5602,'DIM',806,,8696,6,,,2,30,,8697,6,,,2,70,,8698,6,,,2,30,,8682,6,,,2,70,,8701,6,,,2,29,,8684,6,,,2,70,,8695,6,,,2,30,,8700,6,,,2,69,,8699,6,,,2,30,,8694,6,,,2,71,,8693,6,,,2,29,,8678,6,,,2,70,,8702,6,,,2,30,,8691,6,,,2,70,,8679,6,,,2,27,,8692,6,,,2,73,,8683,6,,,2,30,,8686,6,,,2,72,,8689,6,,,2,99,,8687,6,,,2,100,,8690,6,,,2,100,,8685,6,,,2,101,,8680,6,,,2,100,,8681,6,,,2,99,,8688,6,,,2
5602,'SAM',707,,8713,6,,,2,99,,8711,6,,,2,30,,8714,6,,,2,70,,8716,6,,,2,30,,8721,6,,,2,70,,8727,6,,,2,26,,8717,6,,,2,74,,8722,6,,,2,32,,8712,6,,,2,66,,8718,6,,,2,30,,8723,6,,,2,71,,8720,6,,,2,27,,8725,6,,,2,73,,8719,6,,,2,29,,8724,6,,,2,70,,8726,6,,,2,30,,8715,6,,,2,70,,8728,6,,,2,30,,8703,6,,,2,72,,8706,6,,,2,99,,8709,6,,,2,100,,8704,6,,,2,100,,8707,6,,,2,101,,8710,6,,,2,100,,8708,6,,,2,99,,8705,6,,,2
5602,'SEM',627,,8730,6,,,2,107,,8732,6,,,2,69,,8734,6,,,2,35,,8731,6,,,2,67,,8756,6,,,2,31,,8735,6,,,2,69,,8746,6,,,2,31,,8754,6,,,2,69,,8752,6,,,2,30,,8757,6,,,2,71,,8741,6,,,2,30,,8753,6,,,2,70,,8755,6,,,2,30,,8729,6,,,2,70,,8758,6,,,2,30,,8737,6,,,2,78,,8739,6,,,2,28,,8740,6,,,2,65,,8742,6,,,2,19,,8733,6,,,2,22,,8736,6,,,2,69,,8743,6,,,2,31,,8747,6,,,2,70,,8751,6,,,2,30,,8749,6,,,2,89,,8745,6,,,2,90,,8750,6,,,2,90,,8748,6,,,2,105,,8738,6,,,2,99,,8744,6,,,2
6002,'DIM',702,,8943,19,,,1,100,,8952,19,,,1,100,,8951,19,,,1,101,,8955,19,,,1,100,,8953,19,,,1,101,,8957,19,,,1,100,,8954,19,,,1,100,,8956,19,,,1,100,,8958,19,,,1,99,,8942,19,,,1,100,,8959,19,,,1,100,,8949,19,,,1,99,,8945,19,,,1,101,,8944,19,,,1,100,,8947,19,,,1,100,,8946,19,,,1,100,,8948,19,,,1,98,,8950,19,,,1
6002,'SAM',702,,8973,19,,,1,100,,8972,19,,,1,54,,8975,19,,,1,147,,8971,19,,,1,100,,8969,19,,,1,101,,8977,19,,,1,100,,8976,19,,,1,97,,8970,19,,,1,103,,8974,19,,,1,99,,8961,19,,,1,100,,8965,19,,,1,100,,8966,19,,,1,99,,8960,19,,,1,101,,8964,19,,,1,100,,8962,19,,,1,100,,8968,19,,,1,100,,8967,19,,,1,98,,8963,19,,,1
6002,'SEM',638,,8978,19,,,1,118,,8994,19,,,1,82,,8993,19,,,1,102,,8981,19,,,1,96,,8980,19,,,1,100,,8982,19,,,1,100,,8996,19,,,1,100,,8995,19,,,1,97,,8983,19,,,1,104,,8979,19,,,1,101,,8984,19,,,1,99,,8990,19,,,1,100,,8986,19,,,1,98,,8989,19,,,1,99,,8992,19,,,1,99,,8985,19,,,1,100,,8988,19,,,1,89,,8987,19,,,1,100,,8991,19,,,1
34504,'SEM',2516,,10854,16,,,1,117,,10853,16,,,1
