202,'SAM',2619,,5749,7,,,1,81,,9,7,,,1
202,'SEM',521,,5750,7,,,1,26,,5754,7,,,1,56,,10,7,,,1,1999,,5751,7,,,1,40,,5752,7,,,1,80,,5753,7,,,1
1703,'DIM',619,,5836,5,,,1,84,,94,5,,,1,99,,5826,5,,,1,99,,5831,5,,,1,99,,5832,5,,,1,101,,5835,5,,,1,101,,5833,5,,,1,100,,5837,5,,,1,100,,5839,5,,,1,99,,5830,5,,,1,102,,5834,5,,,1,56,,5822,5,,,1,100,,5838,5,,,1,100,,5825,5,,,1,142,,5823,5,,,1,99,,5824,5,,,1,101,,5827,5,,,1,100,,89,5,,,1,102,,5829,5,,,1,120,,5828,5,,,1
1703,'SAM',536,,5851,5,,,1,83,,5843,5,,,1,84,,5850,5,,,1,98,,5856,5,,,1,100,,5853,5,,,1,100,,5854,5,,,1,102,,5852,5,,,1,99,,5858,5,,,1,100,,5849,5,,,1,100,,5855,5,,,1,99,,5859,5,,,1,102,,5857,5,,,1,97,,5860,5,,,1,59,,5840,5,,,1,99,,5841,5,,,1,101,,5842,5,,,1,99,,5848,5,,,1,143,,5846,5,,,1,100,,5847,5,,,1,103,,5844,5,,,1,121,,5845,5,,,1
1703,'SEM',550,,5881,5,,,1,152,,5863,5,,,1,102,,5869,5,,,1,96,,5868,5,,,1,59,,5884,5,,,1,100,,5871,5,,,1,100,,5867,5,,,1,100,,5864,5,,,1,99,,5865,5,,,1,96,,5870,5,,,1,77,,5872,5,,,1,22,,5866,5,,,1,75,,5861,5,,,1,27,,5877,5,,,1,75,,5862,5,,,1,77,,5874,5,,,1,29,,5873,5,,,1,68,,5879,5,,,1,100,,5875,5,,,1,100,,5876,5,,,1,100,,5880,5,,,1,100,,5878,5,,,1,52,,5883,5,,,1,150,,5882,5,,,1
2703,'DIM',857,,6673,5,,,2,100,,6668,5,,,2,95,,6669,5,,,2,104,,6671,5,,,2,101,,6667,5,,,2,100,,6665,5,,,2,96,,6666,5,,,2,148,,6670,5,,,2,58,,6672,5,,,2,100,,6658,5,,,2,100,,6657,5,,,2,98,,6663,5,,,2,100,,6661,5,,,2,100,,6662,5,,,2,102,,6659,5,,,2,100,,6660,5,,,2,100,,6664,5,,,2
2703,'SAM',657,,6687,5,,,2,100,,6684,5,,,2,96,,6689,5,,,2,104,,6691,5,,,2,95,,6683,5,,,2,104,,6674,5,,,2,96,,6685,5,,,2,105,,6688,5,,,2,147,,6686,5,,,2,55,,6690,5,,,2,100,,6692,5,,,2,100,,6677,5,,,2,100,,6680,5,,,2,98,,6676,5,,,2,100,,6678,5,,,2,99,,6675,5,,,2,103,,6681,5,,,2,100,,6679,5,,,2,100,,6682,5,,,2
2703,'SEM',814,,6693,5,,,2,41,,6696,5,,,2,98,,6713,5,,,2,100,,6712,5,,,2,98,,6698,5,,,2,94,,6705,5,,,2,100,,6701,5,,,2,101,,6695,5,,,2,80,,6697,5,,,2,80,,6700,5,,,2,15,,6703,5,,,2,30,,6706,5,,,2,70,,6694,5,,,2,24,,6699,5,,,2,104,,6708,5,,,2,91,,6711,5,,,2,108,,6704,5,,,2,100,,6702,5,,,2,99,,6707,5,,,2,101,,6709,5,,,2,95,,6710,5,,,2
3103,'DIM',633,,6784,7,,,1,99,,6783,7,,,1,99,,6788,7,,,1,99,,6791,7,,,1,99,,6792,7,,,1,101,,6789,7,,,1,100,,6785,7,,,1,101,,6787,7,,,1,101,,6775,7,,,1,96,,6786,7,,,1,101,,6790,7,,,1,102,,6779,7,,,1,98,,6777,7,,,1,100,,6778,7,,,1,102,,6776,7,,,1,100,,6782,7,,,1,100,,6781,7,,,1,100,,6780,7,,,1
3103,'SAM',633,,6805,7,,,1,100,,6808,7,,,1,98,,6806,7,,,1,98,,6809,7,,,1,98,,6811,7,,,1,101,,6793,7,,,1,102,,6803,7,,,1,100,,6807,7,,,1,100,,6804,7,,,1,102,,6810,7,,,1,97,,6796,7,,,1,102,,6797,7,,,1,99,,6800,7,,,1,99,,6794,7,,,1,100,,6801,7,,,1,102,,6802,7,,,1,102,,6795,7,,,1,97,,6799,7,,,1,98,,6798,7,,,1
3103,'SEM',628,,6834,7,,,1,100,,6813,7,,,1,101,,6831,7,,,1,100,,6833,7,,,1,100,,6832,7,,,1,100,,6812,7,,,1,99,,6830,7,,,1,100,,6815,7,,,1,100,,6816,7,,,1,96,,6820,7,,,1,23,,6822,7,,,1,74,,6817,7,,,1,20,,6814,7,,,1,82,,6827,7,,,1,30,,6829,7,,,1,71,,6823,7,,,1,33,,6819,7,,,1,77,,6825,7,,,1,102,,6818,7,,,1,99,,6821,7,,,1,102,,6826,7,,,1,97,,6824,7,,,1,110,,6828,7,,,1
4303,'DIM',633,,7751,5,,,1,100,,7752,5,,,1,100,,7753,5,,,1,100,,7744,5,,,1,106,,7745,5,,,1,103,,7754,5,,,1,99,,7757,5,,,1,101,,7755,5,,,1,97,,7758,5,,,1,100,,7756,5,,,1,102,,7739,5,,,1,105,,7743,5,,,1,94,,7750,5,,,1,100,,7747,5,,,1,100,,7741,5,,,1,99,,7740,5,,,1,100,,7742,5,,,1,94,,7746,5,,,1,100,,7749,5,,,1,100,,7748,5,,,1
4303,'SAM',633,,7765,5,,,1,100,,7766,5,,,1,100,,7770,5,,,1,105,,7773,5,,,1,103,,7776,5,,,1,101,,7774,5,,,1,100,,7759,5,,,1,103,,7775,5,,,1,97,,7772,5,,,1,97,,7771,5,,,1,101,,7778,5,,,1,100,,7777,5,,,1,104,,7760,5,,,1,96,,7762,5,,,1,100,,7761,5,,,1,99,,7768,5,,,1,100,,7764,5,,,1,94,,7763,5,,,1,100,,7769,5,,,1,100,,7767,5,,,1
4303,'SEM',634,,7784,5,,,1,100,,7798,5,,,1,82,,7782,5,,,1,103,,7789,5,,,1,30,,7781,5,,,1,70,,7779,5,,,1,29,,7806,5,,,1,70,,7793,5,,,1,30,,7783,5,,,1,70,,7804,5,,,1,30,,7805,5,,,1,70,,7787,5,,,1,30,,7790,5,,,1,71,,7786,5,,,1,30,,7780,5,,,1,70,,7791,5,,,1,25,,7785,5,,,1,70,,7796,5,,,1,25,,7792,5,,,1,70,,7795,5,,,1,30,,7788,5,,,1,70,,7794,5,,,1,99,,7803,5,,,1,100,,7799,5,,,1,105,,7801,5,,,1,100,,7797,5,,,1,108,,7802,5,,,1,110,,7800,5,,,1
4803,'DIM',702,,8156,5,,,1,103,,8152,5,,,1,102,,8157,5,,,1,100,,8155,5,,,1,99,,8158,5,,,1,102,,8161,5,,,1,96,,8153,5,,,1,104,,8159,5,,,1,100,,8154,5,,,1,99,,8160,5,,,1,102,,8149,5,,,1,100,,8162,5,,,1,100,,8146,5,,,1,100,,8144,5,,,1,99,,8150,5,,,1,100,,8145,5,,,1,100,,8148,5,,,1,30,,8147,5,,,1,121,,8151,5,,,1
4803,'SAM',604,,8179,5,,,1,99,,8175,5,,,1,102,,8163,5,,,1,102,,8176,5,,,1,100,,8181,5,,,1,100,,8180,5,,,1,95,,8182,5,,,1,106,,8177,5,,,1,100,,8178,5,,,1,100,,8174,5,,,1,99,,8164,5,,,1,102,,8167,5,,,1,100,,8165,5,,,1,100,,8172,5,,,1,100,,8170,5,,,1,99,,8166,5,,,1,100,,8168,5,,,1,100,,8169,5,,,1,30,,8171,5,,,1,121,,8173,5,,,1
4803,'SEM',530,,8185,5,,,1,28,,8199,5,,,1,60,,8203,5,,,1,38,,8209,5,,,1,73,,8186,5,,,1,30,,8189,5,,,1,61,,8188,5,,,1,33,,8198,5,,,1,75,,8212,5,,,1,105,,8207,5,,,1,100,,8208,5,,,1,100,,8211,5,,,1,93,,8210,5,,,1,80,,8193,5,,,1,30,,8187,5,,,1,75,,8184,5,,,1,31,,8191,5,,,1,65,,8194,5,,,1,29,,8190,5,,,1,72,,8183,5,,,1,29,,8192,5,,,1,71,,8195,5,,,1,49,,8201,5,,,1,145,,8200,5,,,1,100,,8197,5,,,1,99,,8196,5,,,1,100,,8205,5,,,1,54,,8202,5,,,1,91,,8204,5,,,1,79,,8206,5,,,1
5801,'DIM',523,,8777,5,,,2,100,,8769,5,,,2,90,,2987,5,,,2,101,,8767,5,,,2,100,,8768,5,,,2,99,,8773,5,,,2,100,,8770,5,,,2,101,,8766,5,,,2,100,,8771,5,,,2,100,,8775,5,,,2,98,,8772,5,,,2,109,,8776,5,,,2,94,,8760,5,,,2,102,,8774,5,,,2,97,,8765,5,,,2,100,,8762,5,,,2,100,,8764,5,,,2,100,,8761,5,,,2,99,,8759,5,,,2,109,,8763,5,,,2
5801,'SAM',528,,8794,5,,,2,95,,8790,5,,,2,93,,8792,5,,,2,98,,8795,5,,,2,100,,8780,5,,,2,99,,8782,5,,,2,103,,8793,5,,,2,98,,8785,5,,,2,105,,8791,5,,,2,94,,8778,5,,,2,111,,8779,5,,,2,99,,8797,5,,,2,100,,8796,5,,,2,88,,8787,5,,,2,107,,8784,5,,,2,96,,8781,5,,,2,100,,8783,5,,,2,100,,8788,5,,,2,99,,8789,5,,,2,109,,8786,5,,,2
5801,'SEM',510,,8802,5,,,2,28,,8824,5,,,2,82,,8822,5,,,2,38,,8798,5,,,2,92,,8799,5,,,2,84,,8808,5,,,2,100,,8807,5,,,2,100,,8821,5,,,2,100,,8803,5,,,2,100,,8823,5,,,2,100,,8805,5,,,2,80,,8804,5,,,2,87,,8825,5,,,2,31,,8811,5,,,2,71,,8809,5,,,2,20,,8806,5,,,2,19,,8801,5,,,2,60,,8812,5,,,2,20,,8816,5,,,2,15,,8800,5,,,2,65,,8819,5,,,2,19,,8813,5,,,2,30,,8810,5,,,2,100,,8818,5,,,2,100,,8814,5,,,2,102,,8817,5,,,2,105,,8815,5,,,2,99,,8820,5,,,2
6002,'DIM',653,,8943,5,,,1,99,,8952,5,,,1,100,,8951,5,,,1,101,,8955,5,,,1,100,,8953,5,,,1,100,,8957,5,,,1,100,,8954,5,,,1,100,,8956,5,,,1,100,,8958,5,,,1,99,,8942,5,,,1,100,,8959,5,,,1,100,,8949,5,,,1,100,,8945,5,,,1,101,,8944,5,,,1,100,,8947,5,,,1,100,,8946,5,,,1,100,,8948,5,,,1,99,,8950,5,,,1
6002,'SAM',653,,8973,5,,,1,99,,8972,5,,,1,94,,8975,5,,,1,107,,8971,5,,,1,100,,8969,5,,,1,100,,8977,5,,,1,100,,8976,5,,,1,97,,8970,5,,,1,103,,8974,5,,,1,99,,8961,5,,,1,100,,8965,5,,,1,100,,8966,5,,,1,100,,8960,5,,,1,101,,8964,5,,,1,100,,8962,5,,,1,100,,8968,5,,,1,100,,8967,5,,,1,99,,8963,5,,,1
6002,'SEM',628,,8978,5,,,1,116,,8994,5,,,1,82,,8993,5,,,1,102,,8981,5,,,1,96,,8980,5,,,1,100,,8982,5,,,1,100,,8996,5,,,1,100,,8995,5,,,1,96,,8983,5,,,1,104,,8979,5,,,1,101,,8984,5,,,1,100,,8990,5,,,1,101,,8986,5,,,1,98,,8989,5,,,1,100,,8992,5,,,1,99,,8985,5,,,1,100,,8988,5,,,1,90,,8987,5,,,1,100,,8991,5,,,1
7002,'DIM',657,,3827,5,,,1,101,,9644,5,,,1,100,,9645,5,,,1,100,,9642,5,,,1,67,,9640,5,,,1,33,,9631,5,,,1,72,,9652,5,,,1,29,,9641,5,,,1,67,,9637,5,,,1,33,,9639,5,,,1,70,,9648,5,,,1,30,,9646,5,,,1,70,,9647,5,,,1,30,,9635,5,,,1,71,,9643,5,,,1,24,,9649,5,,,1,78,,9632,5,,,1,74,,9651,5,,,1,34,,9630,5,,,1,74,,9650,5,,,1,95,,9653,5,,,1,95,,9633,5,,,1,55,,9629,5,,,1,100,,9636,5,,,1,99,,9634,5,,,1,143,,9638,5,,,1
7002,'SAM',657,,9673,5,,,1,97,,9671,5,,,1,99,,9676,5,,,1,99,,9675,5,,,1,75,,9669,5,,,1,31,,9672,5,,,1,72,,9668,5,,,1,29,,9661,5,,,1,72,,9674,5,,,1,27,,9666,5,,,1,75,,9679,5,,,1,26,,9657,5,,,1,76,,9667,5,,,1,69,,9678,5,,,1,23,,9670,5,,,1,32,,9681,5,,,1,69,,9680,5,,,1,72,,9677,5,,,1,42,,9656,5,,,1,72,,9663,5,,,1,95,,9665,5,,,1,50,,9664,5,,,1,98,,9658,5,,,1,101,,9659,5,,,1,100,,9660,5,,,1,101,,9662,5,,,1
7002,'SEM',530,,9703,5,,,1,97,,9688,5,,,1,25,,9709,5,,,1,71,,9715,5,,,1,33,,9687,5,,,1,72,,9689,5,,,1,31,,9713,5,,,1,70,,9712,5,,,1,30,,9685,5,,,1,70,,9702,5,,,1,30,,9710,5,,,1,70,,9684,5,,,1,30,,9711,5,,,1,71,,9704,5,,,1,70,,9714,5,,,1,40,,9686,5,,,1,60,,9683,5,,,1,27,,9691,5,,,1,31,,9695,5,,,1,70,,9690,5,,,1,31,,9697,5,,,1,71,,9692,5,,,1,29,,9693,5,,,1,73,,9696,5,,,1,75,,9694,5,,,1,31,,9700,5,,,1,81,,9701,5,,,1,87,,9707,5,,,1,100,,9698,5,,,1,104,,9699,5,,,1,105,,9705,5,,,1,102,,9708,5,,,1,104,,9706,5,,,1
7303,'DIM',648,,9733,5,,,1,99,,9728,5,,,1,99,,9730,5,,,1,99,,9727,5,,,1,101,,9729,5,,,1,99,,9731,5,,,1,102,,9720,5,,,1,98,,9726,5,,,1,100,,9732,5,,,1,100,,9734,5,,,1,101,,9718,5,,,1,100,,9719,5,,,1,98,,9716,5,,,1,102,,9721,5,,,1,100,,9724,5,,,1,100,,9717,5,,,1,100,,9722,5,,,1,101,,9725,5,,,1,106,,9723,5,,,1
7303,'SAM',553,,9749,5,,,1,95,,9736,5,,,1,99,,9753,5,,,1,99,,9751,5,,,1,99,,9738,5,,,1,101,,9750,5,,,1,100,,9754,5,,,1,100,,9752,5,,,1,100,,9735,5,,,1,100,,9755,5,,,1,100,,9756,5,,,1,100,,9741,5,,,1,100,,9737,5,,,1,99,,9743,5,,,1,101,,9742,5,,,1,100,,9739,5,,,1,100,,9740,5,,,1,100,,9744,5,,,1,102,,9745,5,,,1,105,,9747,5,,,1,102,,9746,5,,,1,98,,9748,5,,,1
7303,'SEM',541,,9801,5,,,1,65,,9798,5,,,1,37,,9799,5,,,1,7,,9767,5,,,1,77,,9763,5,,,1,23,,9770,5,,,1,81,,9772,5,,,1,14,,9780,5,,,1,69,,9762,5,,,1,30,,9760,5,,,1,70,,9802,5,,,1,30,,9774,5,,,1,70,,9768,5,,,1,30,,9800,5,,,1,69,,9769,5,,,1,30,,9777,5,,,1,70,,9803,5,,,1,30,,9761,5,,,1,70,,9778,5,,,1,26,,9758,5,,,1,70,,9771,5,,,1,30,,9804,5,,,1,20,,9757,5,,,1,57,,9785,5,,,1,18,,9773,5,,,1,13,,9759,5,,,1,54,,9764,5,,,1,15,,9766,5,,,1,16,,9765,5,,,1,14,,9788,5,,,1,13,,9775,5,,,1,57,,9781,5,,,1,14,,9776,5,,,1,19,,9787,5,,,1,75,,9791,5,,,1,26,,9779,5,,,1,73,,9782,5,,,1,28,,9794,5,,,1,71,,9784,5,,,1,30,,9786,5,,,1,67,,9783,5,,,1,33,,9790,5,,,1,70,,9795,5,,,1,30,,9797,5,,,1,75,,9789,5,,,1,30,,9792,5,,,1,67,,9793,5,,,1,122,,9796,5,,,1
7401,'DIM',718,,9897,5,,,2,98,,9898,5,,,2,100,,9904,5,,,2,99,,9902,5,,,2,101,,9899,5,,,2,100,,9900,5,,,2,101,,9901,5,,,2,100,,9905,5,,,2,100,,9903,5,,,2,99,,9906,5,,,2,100,,9890,5,,,2,98,,9894,5,,,2,100,,9896,5,,,2,102,,9895,5,,,2,101,,9893,5,,,2,99,,9891,5,,,2,100,,9892,5,,,2
7401,'SAM',719,,9917,5,,,2,99,,9915,5,,,2,100,,9920,5,,,2,99,,9923,5,,,2,100,,9918,5,,,2,100,,9921,5,,,2,98,,9916,5,,,2,102,,9922,5,,,2,100,,9919,5,,,2,101,,9909,5,,,2,98,,9907,5,,,2,100,,9913,5,,,2,100,,9914,5,,,2,102,,9912,5,,,2,101,,9908,5,,,2,97,,9910,5,,,2,100,,9911,5,,,2
7401,'SEM',620,,9941,5,,,2,95,,9942,5,,,2,100,,9928,5,,,2,106,,9930,5,,,2,97,,9927,5,,,2,100,,9940,5,,,2,101,,9943,5,,,2,100,,9926,5,,,2,99,,9924,5,,,2,99,,9931,5,,,2,90,,9925,5,,,2,102,,9934,5,,,2,30,,9929,5,,,2,80,,9938,5,,,2,99,,9932,5,,,2,100,,9936,5,,,2,100,,9935,5,,,2,97,,9933,5,,,2,103,,9937,5,,,2,98,,9939,5,,,2
34503,'SEM',434,,10851,7,,,1,99,,10852,7,,,1
