1703,'DIM',637,,5836,41,,,1,84,,94,41,,,1,100,,5826,41,,,1,101,,5831,41,,,1,99,,5832,41,,,1,102,,5835,41,,,1,101,,5833,41,,,1,101,,5837,41,,,1,101,,5839,41,,,1,99,,5830,41,,,1,102,,5834,41,,,1,96,,5822,41,,,1,99,,5838,41,,,1,99,,5825,41,,,1,101,,5823,41,,,1,98,,5824,41,,,1,100,,5827,41,,,1,100,,89,41,,,1,102,,5829,41,,,1,118,,5828,41,,,1
1703,'SAM',553,,5851,41,,,1,84,,5843,41,,,1,84,,5850,41,,,1,99,,5856,41,,,1,102,,5853,41,,,1,100,,5854,41,,,1,103,,5852,41,,,1,99,,5858,41,,,1,101,,5849,41,,,1,101,,5855,41,,,1,99,,5859,41,,,1,102,,5857,41,,,1,97,,5860,41,,,1,98,,5840,41,,,1,98,,5841,41,,,1,100,,5842,41,,,1,98,,5848,41,,,1,102,,5846,41,,,1,100,,5847,41,,,1,103,,5844,41,,,1,119,,5845,41,,,1
1703,'SEM',608,,5881,41,,,1,115,,5863,41,,,1,104,,5869,41,,,1,95,,5868,41,,,1,99,,5884,41,,,1,101,,5871,41,,,1,102,,5867,41,,,1,101,,5864,41,,,1,99,,5865,41,,,1,97,,5870,41,,,1,38,,5872,41,,,1,64,,5866,41,,,1,36,,5861,41,,,1,66,,5877,41,,,1,32,,5862,41,,,1,75,,5874,41,,,1,68,,5873,41,,,1,28,,5879,41,,,1,98,,5875,41,,,1,99,,5876,41,,,1,99,,5880,41,,,1,99,,5878,41,,,1,91,,5883,41,,,1,108,,5882,41,,,1
3103,'DIM',652,,6784,43,,,1,100,,6783,43,,,1,100,,6788,43,,,1,101,,6791,43,,,1,100,,6792,43,,,1,101,,6789,43,,,1,100,,6785,43,,,1,102,,6787,43,,,1,101,,6775,43,,,1,96,,6786,43,,,1,101,,6790,43,,,1,100,,6779,43,,,1,98,,6777,43,,,1,98,,6778,43,,,1,102,,6776,43,,,1,99,,6782,43,,,1,100,,6781,43,,,1,100,,6780,43,,,1
3103,'SAM',652,,6805,43,,,1,101,,6808,43,,,1,99,,6806,43,,,1,100,,6809,43,,,1,99,,6811,43,,,1,101,,6793,43,,,1,102,,6803,43,,,1,101,,6807,43,,,1,100,,6804,43,,,1,102,,6810,43,,,1,97,,6796,43,,,1,100,,6797,43,,,1,99,,6800,43,,,1,97,,6794,43,,,1,100,,6801,43,,,1,101,,6802,43,,,1,102,,6795,43,,,1,97,,6799,43,,,1,98,,6798,43,,,1
3103,'SEM',650,,6834,43,,,1,101,,6813,43,,,1,101,,6831,43,,,1,99,,6833,43,,,1,100,,6832,43,,,1,101,,6812,43,,,1,101,,6830,43,,,1,100,,6815,43,,,1,101,,6816,43,,,1,99,,6820,43,,,1,63,,6822,43,,,1,37,,6817,43,,,1,60,,6814,43,,,1,39,,6827,43,,,1,68,,6829,43,,,1,29,,6823,43,,,1,72,,6819,43,,,1,36,,6825,43,,,1,101,,6818,43,,,1,99,,6821,43,,,1,101,,6826,43,,,1,96,,6824,43,,,1,149,,6828,43,,,1
3903,'DIM',855,,7134,54,,,1,100,,1387,64,,,1,56,,7125,64,,,1,34,,7128,64,,,1,68,,7133,64,,,1,32,,7122,64,,,1,71,,7132,64,,,1,31,,7121,64,,,1,69,,7114,64,,,1,36,,7124,64,,,1,65,,7123,64,,,1,28,,7127,64,,,1,67,,7130,64,,,1,37,,7129,64,,,1,70,,7117,64,,,1,29,,7126,64,,,1,70,,7131,64,,,1,26,,7119,64,,,1,10,,7112,64,,,1,64,,7118,64,,,1,25,,7111,64,,,1,99,,7116,64,,,1,98,,7120,64,,,1,98,,7113,64,,,1,104,,7115,64,,,1
3903,'SAM',855,,7158,54,,,1,100,,7150,64,,,1,56,,7154,64,,,1,34,,7151,64,,,1,70,,7147,64,,,1,30,,7153,64,,,1,71,,7155,64,,,1,28,,7146,64,,,1,72,,7145,64,,,1,35,,7148,64,,,1,67,,7135,64,,,1,31,,7136,64,,,1,65,,7152,64,,,1,35,,7139,64,,,1,70,,7156,64,,,1,29,,7140,64,,,1,70,,7142,64,,,1,26,,7149,64,,,1,11,,7143,64,,,1,63,,7157,64,,,1,25,,7141,64,,,1,101,,7144,64,,,1,96,,7137,64,,,1,98,,1409,64,,,1,104,,7138,64,,,1
3903,'SEM',752,,7163,64,,,1,103,,7169,64,,,1,100,,7168,64,,,1,70,,7164,64,,,1,28,,7183,64,,,1,70,,7162,64,,,1,30,,7186,64,,,1,72,,7184,64,,,1,30,,7185,64,,,1,71,,7161,64,,,1,31,,7167,64,,,1,73,,7159,64,,,1,73,,7165,64,,,1,16,,7172,64,,,1,31,,7173,64,,,1,54,,7174,64,,,1,25,,7179,64,,,1,16,,7160,64,,,1,66,,7166,64,,,1,29,,7181,64,,,1,72,,7171,64,,,1,33,,7170,64,,,1,77,,7178,64,,,1,96,,7180,64,,,1,103,,7176,64,,,1,99,,7175,64,,,1,98,,7177,64,,,1,36,,7182,64,,,1
4503,'DIM',659,,7889,42,,,1,100,,2117,42,,,1,141,,2115,42,,,1,59,,7888,42,,,1,141,,7890,42,,,1,58,,7887,42,,,1,146,,7893,42,,,1,100,,7879,42,,,1,96,,7892,42,,,1,106,,7878,42,,,1,50,,7891,42,,,1,100,,7881,42,,,1,99,,7885,42,,,1,100,,7880,42,,,1,99,,7886,42,,,1,100,,7884,42,,,1,100,,7883,42,,,1,149,,7882,42,,,1
4503,'SAM',659,,7903,42,,,1,100,,7906,42,,,1,141,,7908,42,,,1,59,,7909,42,,,1,141,,7894,42,,,1,100,,7907,42,,,1,104,,7904,42,,,1,102,,7905,42,,,1,99,,7911,42,,,1,96,,7899,42,,,1,55,,7910,42,,,1,100,,7896,42,,,1,99,,7897,42,,,1,100,,7895,42,,,1,99,,7901,42,,,1,100,,7898,42,,,1,102,,7902,42,,,1,147,,7900,42,,,1
4503,'SEM',650,,7922,42,,,1,60,,7934,42,,,1,35,,7912,42,,,1,65,,7916,42,,,1,23,,7914,42,,,1,84,,7938,42,,,1,31,,7920,42,,,1,101,,7936,42,,,1,100,,7935,42,,,1,96,,7937,42,,,1,100,,7923,42,,,1,78,,7917,42,,,1,85,,7919,42,,,1,17,,7918,42,,,1,25,,7927,42,,,1,71,,7921,42,,,1,17,,7913,42,,,1,73,,7915,42,,,1,18,,7925,42,,,1,13,,7932,42,,,1,76,,7933,42,,,1,36,,7930,42,,,1,98,,7929,42,,,1,99,,7924,42,,,1,102,,7926,42,,,1,97,,7928,42,,,1,94,,7931,42,,,1
