4503,'DIM',638,,7889,4,,,1,100,,2117,4,,,1,101,,2115,4,,,1,98,,7888,4,,,1,101,,7890,4,,,1,98,,7887,4,,,1,106,,7893,4,,,1,99,,7879,4,,,1,96,,7892,4,,,1,106,,7878,4,,,1,90,,7891,4,,,1,100,,7881,4,,,1,100,,7885,4,,,1,100,,7880,4,,,1,100,,7886,4,,,1,100,,7884,4,,,1,100,,7883,4,,,1,109,,7882,4,,,1
4503,'SAM',638,,7903,4,,,1,100,,7906,4,,,1,101,,7908,4,,,1,98,,7909,4,,,1,101,,7894,4,,,1,100,,7907,4,,,1,104,,7904,4,,,1,101,,7905,4,,,1,99,,7911,4,,,1,96,,7899,4,,,1,95,,7910,4,,,1,100,,7896,4,,,1,100,,7897,4,,,1,100,,7895,4,,,1,100,,7901,4,,,1,100,,7898,4,,,1,102,,7902,4,,,1,107,,7900,4,,,1
4503,'SEM',624,,7922,4,,,1,20,,7934,4,,,1,74,,7912,4,,,1,25,,7916,4,,,1,64,,7914,4,,,1,44,,7938,4,,,1,72,,7920,4,,,1,101,,7936,4,,,1,100,,7935,4,,,1,95,,7937,4,,,1,100,,7923,4,,,1,38,,7917,4,,,1,82,,7919,4,,,1,17,,7918,4,,,1,64,,7927,4,,,1,26,,7921,4,,,1,57,,7913,4,,,1,33,,7915,4,,,1,19,,7925,4,,,1,54,,7932,4,,,1,40,,7933,4,,,1,78,,7930,4,,,1,101,,7929,4,,,1,100,,7924,4,,,1,102,,7926,4,,,1,98,,7928,4,,,1,94,,7931,4,,,1
5001,'DIM',529,,8284,14,,,1,100,,8297,14,,,1,100,,8291,14,,,1,101,,8296,14,,,1,101,,8299,14,,,1,26,,8290,14,,,1,72,,8292,14,,,1,28,,8303,14,,,1,78,,8295,14,,,1,68,,8293,14,,,1,37,,8302,14,,,1,64,,8289,14,,,1,35,,8294,14,,,1,62,,8278,14,,,1,33,,8280,14,,,1,70,,8277,14,,,1,34,,8300,14,,,1,66,,8298,14,,,1,36,,8285,14,,,1,81,,8301,14,,,1,21,,8287,14,,,1,97,,8288,14,,,1,102,,8279,14,,,1,99,,8282,14,,,1,100,,8281,14,,,1,99,,8283,14,,,1,100,,8286,14,,,1
5001,'SAM',529,,8311,14,,,1,100,,8304,14,,,1,100,,8321,14,,,1,103,,8325,14,,,1,102,,8317,14,,,1,23,,8327,14,,,1,75,,8330,14,,,1,68,,8319,14,,,1,35,,8326,14,,,1,66,,8328,14,,,1,34,,8320,14,,,1,68,,8322,14,,,1,34,,8329,14,,,1,71,,8307,14,,,1,32,,8323,14,,,1,62,,8306,14,,,1,32,,8324,14,,,1,70,,8312,14,,,1,36,,8314,14,,,1,81,,8305,14,,,1,21,,8313,14,,,1,100,,8315,14,,,1,99,,8308,14,,,1,100,,8309,14,,,1,100,,8316,14,,,1,98,,8310,14,,,1,100,,8318,14,,,1
5001,'SEM',523,,8356,14,,,1,98,,8358,14,,,1,38,,8340,14,,,1,60,,8362,14,,,1,40,,8333,14,,,1,68,,8342,14,,,1,27,,8337,14,,,1,70,,8359,14,,,1,30,,8360,14,,,1,70,,8343,14,,,1,30,,8338,14,,,1,70,,8336,14,,,1,30,,8361,14,,,1,71,,8357,14,,,1,30,,8332,14,,,1,70,,8347,14,,,1,30,,8334,14,,,1,70,,8331,14,,,1,87,,8339,14,,,1,27,,8344,14,,,1,70,,8341,14,,,1,30,,8335,14,,,1,70,,8350,14,,,1,32,,8345,14,,,1,71,,8348,14,,,1,25,,8346,14,,,1,79,,8352,14,,,1,104,,8354,14,,,1,104,,8349,14,,,1,104,,8351,14,,,1,104,,8353,14,,,1,105,,8355,14,,,1,91,,8363,4,,,1
6001,'DIM',807,,8888,38,,,1,103,,8896,38,,,1,100,,8895,38,,,1,103,,8899,38,,,1,104,,8897,38,,,1,107,,8901,38,,,1,100,,8898,38,,,1,101,,8900,38,,,1,100,,8902,38,,,1,98,,8887,38,,,1,95,,8903,38,,,1,95,,8894,38,,,1,97,,8890,38,,,1,97,,8889,38,,,1,98,,8892,38,,,1,100,,8891,38,,,1,100,,8893,38,,,1
6001,'SAM',703,,8907,38,,,1,104,,8917,38,,,1,103,,8916,38,,,1,94,,8919,38,,,1,109,,8915,38,,,1,104,,8913,38,,,1,107,,8921,38,,,1,100,,8920,38,,,1,107,,8914,38,,,1,94,,8918,38,,,1,98,,8905,38,,,1,95,,8909,38,,,1,95,,8910,38,,,1,97,,8904,38,,,1,97,,8908,38,,,1,98,,8906,38,,,1,100,,8912,38,,,1,100,,8911,38,,,1
6001,'SEM',544,,8938,38,,,1,103,,8922,38,,,1,95,,8923,38,,,1,72,,8925,38,,,1,45,,8928,38,,,1,92,,8939,38,,,1,103,,8940,38,,,1,99,,8924,38,,,1,100,,8926,38,,,1,102,,8941,38,,,1,100,,8930,38,,,1,99,,8927,38,,,1,148,,8933,38,,,1,100,,8929,38,,,1,53,,8936,38,,,1,97,,8932,38,,,1,89,,8935,38,,,1,99,,8937,38,,,1,95,,8931,38,,,1,100,,8934,38,,,1
34503,'SEM',444,,10851,23,,,1,100,,10852,23,,,1
