4503,'DIM',637,,7889,2,,,1,100,,2117,2,,,1,101,,2115,2,,,1,98,,7888,2,,,1,101,,7890,2,,,1,98,,7887,2,,,1,106,,7893,2,,,1,99,,7879,2,,,1,96,,7892,2,,,1,106,,7878,2,,,1,90,,7891,2,,,1,100,,7881,2,,,1,100,,7885,2,,,1,100,,7880,2,,,1,100,,7886,2,,,1,100,,7884,2,,,1,100,,7883,2,,,1,109,,7882,2,,,1
4503,'SAM',637,,7903,2,,,1,100,,7906,2,,,1,101,,7908,2,,,1,98,,7909,2,,,1,101,,7894,2,,,1,100,,7907,2,,,1,104,,7904,2,,,1,101,,7905,2,,,1,99,,7911,2,,,1,96,,7899,2,,,1,95,,7910,2,,,1,100,,7896,2,,,1,100,,7897,2,,,1,100,,7895,2,,,1,100,,7901,2,,,1,100,,7898,2,,,1,102,,7902,2,,,1,107,,7900,2,,,1
4503,'SEM',623,,7922,2,,,1,20,,7934,2,,,1,74,,7912,2,,,1,24,,7916,2,,,1,65,,7914,2,,,1,44,,7938,2,,,1,72,,7920,2,,,1,101,,7936,2,,,1,100,,7935,2,,,1,95,,7937,2,,,1,100,,7923,2,,,1,38,,7917,2,,,1,82,,7919,2,,,1,16,,7918,2,,,1,64,,7927,2,,,1,26,,7921,2,,,1,57,,7913,2,,,1,33,,7915,2,,,1,19,,7925,2,,,1,54,,7932,2,,,1,40,,7933,2,,,1,79,,7930,2,,,1,101,,7929,2,,,1,100,,7924,2,,,1,102,,7926,2,,,1,98,,7928,2,,,1,94,,7931,2,,,1
5001,'DIM',529,,8284,12,,,1,100,,8297,12,,,1,100,,8291,12,,,1,100,,8296,12,,,1,101,,8299,12,,,1,26,,8290,12,,,1,72,,8292,12,,,1,27,,8303,12,,,1,78,,8295,12,,,1,68,,8293,12,,,1,37,,8302,12,,,1,64,,8289,12,,,1,35,,8294,12,,,1,22,,8278,12,,,1,73,,8280,12,,,1,70,,8277,12,,,1,34,,8300,12,,,1,66,,8298,12,,,1,36,,8285,12,,,1,81,,8301,12,,,1,21,,8287,12,,,1,97,,8288,12,,,1,102,,8279,12,,,1,99,,8282,12,,,1,100,,8281,12,,,1,99,,8283,12,,,1,100,,8286,12,,,1
5001,'SAM',529,,8311,12,,,1,100,,8304,12,,,1,100,,8321,12,,,1,102,,8325,12,,,1,102,,8317,12,,,1,23,,8327,12,,,1,75,,8330,12,,,1,27,,8319,12,,,1,75,,8326,12,,,1,26,,8328,12,,,1,74,,8320,12,,,1,68,,8322,12,,,1,34,,8329,12,,,1,71,,8307,12,,,1,32,,8323,12,,,1,62,,8306,12,,,1,32,,8324,12,,,1,70,,8312,12,,,1,36,,8314,12,,,1,81,,8305,12,,,1,21,,8313,12,,,1,100,,8315,12,,,1,99,,8308,12,,,1,100,,8309,12,,,1,100,,8316,12,,,1,98,,8310,12,,,1,100,,8318,12,,,1
5001,'SEM',521,,8356,12,,,1,98,,8358,12,,,1,38,,8340,12,,,1,60,,8362,12,,,1,40,,8333,12,,,1,68,,8342,12,,,1,27,,8337,12,,,1,70,,8359,12,,,1,30,,8360,12,,,1,70,,8343,12,,,1,30,,8338,12,,,1,70,,8336,12,,,1,30,,8361,12,,,1,71,,8357,12,,,1,30,,8332,12,,,1,70,,8347,12,,,1,30,,8334,12,,,1,70,,8331,12,,,1,87,,8339,12,,,1,27,,8344,12,,,1,70,,8341,12,,,1,30,,8335,12,,,1,70,,8350,12,,,1,32,,8345,12,,,1,71,,8348,12,,,1,25,,8346,12,,,1,79,,8352,12,,,1,104,,8354,12,,,1,104,,8349,12,,,1,104,,8351,12,,,1,105,,8353,12,,,1,105,,8355,12,,,1,91,,8363,2,,,1
6001,'DIM',806,,8888,36,,,1,103,,8896,36,,,1,100,,8895,36,,,1,102,,8899,36,,,1,104,,8897,36,,,1,107,,8901,36,,,1,100,,8898,36,,,1,101,,8900,36,,,1,100,,8902,36,,,1,98,,8887,36,,,1,96,,8903,36,,,1,95,,8894,36,,,1,97,,8890,36,,,1,97,,8889,36,,,1,98,,8892,36,,,1,100,,8891,36,,,1,100,,8893,36,,,1
6001,'SAM',702,,8907,36,,,1,104,,8917,36,,,1,103,,8916,36,,,1,94,,8919,36,,,1,108,,8915,36,,,1,104,,8913,36,,,1,107,,8921,36,,,1,100,,8920,36,,,1,107,,8914,36,,,1,94,,8918,36,,,1,98,,8905,36,,,1,96,,8909,36,,,1,95,,8910,36,,,1,97,,8904,36,,,1,97,,8908,36,,,1,98,,8906,36,,,1,100,,8912,36,,,1,100,,8911,36,,,1
6001,'SEM',543,,8938,36,,,1,103,,8922,36,,,1,94,,8923,36,,,1,72,,8925,36,,,1,45,,8928,36,,,1,92,,8939,36,,,1,103,,8940,36,,,1,99,,8924,36,,,1,101,,8926,36,,,1,101,,8941,36,,,1,100,,8930,36,,,1,99,,8927,36,,,1,148,,8933,36,,,1,101,,8929,36,,,1,52,,8936,36,,,1,98,,8932,36,,,1,89,,8935,36,,,1,99,,8937,36,,,1,95,,8931,36,,,1,100,,8934,36,,,1
34503,'SEM',443,,10851,21,,,1,100,,10852,21,,,1
