1703,'DIM',630,,5836,25,,,1,84,,94,25,,,1,99,,5826,25,,,1,100,,5831,25,,,1,99,,5832,25,,,1,101,,5835,25,,,1,101,,5833,25,,,1,100,,5837,25,,,1,101,,5839,25,,,1,99,,5830,25,,,1,102,,5834,25,,,1,96,,5822,25,,,1,100,,5838,25,,,1,99,,5825,25,,,1,101,,5823,25,,,1,99,,5824,25,,,1,101,,5827,25,,,1,100,,89,25,,,1,102,,5829,25,,,1,120,,5828,25,,,1
1703,'SAM',546,,5851,25,,,1,84,,5843,25,,,1,84,,5850,25,,,1,98,,5856,25,,,1,101,,5853,25,,,1,100,,5854,25,,,1,102,,5852,25,,,1,99,,5858,25,,,1,100,,5849,25,,,1,101,,5855,25,,,1,99,,5859,25,,,1,102,,5857,25,,,1,97,,5860,25,,,1,99,,5840,25,,,1,98,,5841,25,,,1,100,,5842,25,,,1,99,,5848,25,,,1,103,,5846,25,,,1,100,,5847,25,,,1,103,,5844,25,,,1,121,,5845,25,,,1
1703,'SEM',601,,5881,25,,,1,113,,5863,25,,,1,103,,5869,25,,,1,96,,5868,25,,,1,99,,5884,25,,,1,100,,5871,25,,,1,101,,5867,25,,,1,100,,5864,25,,,1,99,,5865,25,,,1,97,,5870,25,,,1,38,,5872,25,,,1,64,,5866,25,,,1,36,,5861,25,,,1,66,,5877,25,,,1,32,,5862,25,,,1,75,,5874,25,,,1,29,,5873,25,,,1,68,,5879,25,,,1,99,,5875,25,,,1,99,,5876,25,,,1,100,,5880,25,,,1,100,,5878,25,,,1,92,,5883,25,,,1,108,,5882,25,,,1
3103,'DIM',644,,6784,27,,,1,99,,6783,27,,,1,99,,6788,27,,,1,100,,6791,27,,,1,99,,6792,27,,,1,101,,6789,27,,,1,100,,6785,27,,,1,102,,6787,27,,,1,101,,6775,27,,,1,96,,6786,27,,,1,101,,6790,27,,,1,101,,6779,27,,,1,98,,6777,27,,,1,99,,6778,27,,,1,102,,6776,27,,,1,100,,6782,27,,,1,100,,6781,27,,,1,100,,6780,27,,,1
3103,'SAM',644,,6805,27,,,1,100,,6808,27,,,1,98,,6806,27,,,1,99,,6809,27,,,1,98,,6811,27,,,1,101,,6793,27,,,1,102,,6803,27,,,1,101,,6807,27,,,1,100,,6804,27,,,1,102,,6810,27,,,1,97,,6796,27,,,1,101,,6797,27,,,1,99,,6800,27,,,1,98,,6794,27,,,1,100,,6801,27,,,1,102,,6802,27,,,1,102,,6795,27,,,1,97,,6799,27,,,1,98,,6798,27,,,1
3103,'SEM',640,,6834,27,,,1,101,,6813,27,,,1,101,,6831,27,,,1,99,,6833,27,,,1,100,,6832,27,,,1,100,,6812,27,,,1,101,,6830,27,,,1,100,,6815,27,,,1,100,,6816,27,,,1,99,,6820,27,,,1,63,,6822,27,,,1,36,,6817,27,,,1,60,,6814,27,,,1,40,,6827,27,,,1,68,,6829,27,,,1,30,,6823,27,,,1,72,,6819,27,,,1,36,,6825,27,,,1,102,,6818,27,,,1,99,,6821,27,,,1,101,,6826,27,,,1,97,,6824,27,,,1,110,,6828,27,,,1
7303,'DIM',659,,9733,25,,,1,99,,9728,25,,,1,100,,9730,25,,,1,99,,9727,25,,,1,101,,9729,25,,,1,99,,9731,25,,,1,102,,9720,25,,,1,99,,9726,25,,,1,100,,9732,25,,,1,100,,9734,25,,,1,101,,9718,25,,,1,100,,9719,25,,,1,97,,9716,25,,,1,101,,9721,25,,,1,100,,9724,25,,,1,100,,9717,25,,,1,100,,9722,25,,,1,101,,9725,25,,,1,146,,9723,25,,,1
7303,'SAM',603,,9749,25,,,1,56,,9736,25,,,1,99,,9753,25,,,1,100,,9751,25,,,1,99,,9738,25,,,1,101,,9750,25,,,1,100,,9754,25,,,1,100,,9752,25,,,1,101,,9735,25,,,1,100,,9755,25,,,1,100,,9756,25,,,1,100,,9741,25,,,1,100,,9737,25,,,1,98,,9743,25,,,1,100,,9742,25,,,1,100,,9739,25,,,1,100,,9740,25,,,1,100,,9744,25,,,1,102,,9745,25,,,1,145,,9747,25,,,1,102,,9746,25,,,1,98,,9748,25,,,1
7303,'SEM',552,,9801,25,,,1,65,,9798,25,,,1,38,,9799,25,,,1,48,,9767,25,,,1,37,,9763,25,,,1,63,,9770,25,,,1,41,,9772,25,,,1,14,,9780,25,,,1,69,,9762,25,,,1,30,,9760,25,,,1,70,,9802,25,,,1,30,,9774,25,,,1,70,,9768,25,,,1,30,,9800,25,,,1,70,,9769,25,,,1,30,,9777,25,,,1,70,,9803,25,,,1,30,,9761,25,,,1,70,,9778,25,,,1,28,,9758,25,,,1,72,,9771,25,,,1,30,,9804,25,,,1,61,,9757,25,,,1,17,,9785,25,,,1,18,,9773,25,,,1,53,,9759,25,,,1,13,,9764,25,,,1,14,,9766,25,,,1,14,,9765,25,,,1,12,,9788,25,,,1,53,,9775,25,,,1,17,,9781,25,,,1,14,,9776,25,,,1,59,,9787,25,,,1,34,,9791,25,,,1,66,,9779,25,,,1,33,,9782,25,,,1,68,,9794,25,,,1,30,,9784,25,,,1,70,,9786,25,,,1,27,,9783,25,,,1,73,,9790,25,,,1,30,,9795,25,,,1,70,,9797,25,,,1,35,,9789,25,,,1,70,,9792,25,,,1,27,,9793,25,,,1,122,,9796,25,,,1
7401,'DIM',729,,9897,25,,,2,98,,9898,25,,,2,101,,9904,25,,,2,99,,9902,25,,,2,101,,9899,25,,,2,100,,9900,25,,,2,102,,9901,25,,,2,100,,9905,25,,,2,100,,9903,25,,,2,99,,9906,25,,,2,100,,9890,25,,,2,98,,9894,25,,,2,100,,9896,25,,,2,101,,9895,25,,,2,101,,9893,25,,,2,98,,9891,25,,,2,100,,9892,25,,,2
7401,'SAM',730,,9917,25,,,2,99,,9915,25,,,2,101,,9920,25,,,2,99,,9923,25,,,2,100,,9918,25,,,2,100,,9921,25,,,2,99,,9916,25,,,2,102,,9922,25,,,2,100,,9919,25,,,2,101,,9909,25,,,2,98,,9907,25,,,2,100,,9913,25,,,2,100,,9914,25,,,2,101,,9912,25,,,2,101,,9908,25,,,2,96,,9910,25,,,2,100,,9911,25,,,2
7401,'SEM',631,,9941,25,,,2,97,,9942,25,,,2,100,,9928,25,,,2,105,,9930,25,,,2,97,,9927,25,,,2,100,,9940,25,,,2,101,,9943,25,,,2,101,,9926,25,,,2,100,,9924,25,,,2,100,,9931,25,,,2,93,,9925,25,,,2,101,,9934,25,,,2,27,,9929,25,,,2,79,,9938,25,,,2,98,,9932,25,,,2,99,,9936,25,,,2,100,,9935,25,,,2,97,,9933,25,,,2,103,,9937,25,,,2,98,,9939,25,,,2
