4503,'DIM',637,,7889,3,,,1,100,,2117,3,,,1,101,,2115,3,,,1,98,,7888,3,,,1,101,,7890,3,,,1,98,,7887,3,,,1,106,,7893,3,,,1,99,,7879,3,,,1,96,,7892,3,,,1,106,,7878,3,,,1,90,,7891,3,,,1,100,,7881,3,,,1,100,,7885,3,,,1,100,,7880,3,,,1,100,,7886,3,,,1,100,,7884,3,,,1,100,,7883,3,,,1,110,,7882,3,,,1
4503,'SAM',637,,7903,3,,,1,100,,7906,3,,,1,101,,7908,3,,,1,98,,7909,3,,,1,101,,7894,3,,,1,100,,7907,3,,,1,104,,7904,3,,,1,101,,7905,3,,,1,99,,7911,3,,,1,96,,7899,3,,,1,95,,7910,3,,,1,100,,7896,3,,,1,100,,7897,3,,,1,100,,7895,3,,,1,100,,7901,3,,,1,100,,7898,3,,,1,102,,7902,3,,,1,108,,7900,3,,,1
4503,'SEM',623,,7922,3,,,1,20,,7934,3,,,1,74,,7912,3,,,1,25,,7916,3,,,1,64,,7914,3,,,1,44,,7938,3,,,1,72,,7920,3,,,1,101,,7936,3,,,1,100,,7935,3,,,1,95,,7937,3,,,1,100,,7923,3,,,1,38,,7917,3,,,1,82,,7919,3,,,1,17,,7918,3,,,1,64,,7927,3,,,1,26,,7921,3,,,1,57,,7913,3,,,1,33,,7915,3,,,1,19,,7925,3,,,1,54,,7932,3,,,1,40,,7933,3,,,1,78,,7930,3,,,1,101,,7929,3,,,1,100,,7924,3,,,1,102,,7926,3,,,1,98,,7928,3,,,1,95,,7931,3,,,1
5001,'DIM',529,,8284,13,,,1,100,,8297,13,,,1,100,,8291,13,,,1,101,,8296,13,,,1,101,,8299,13,,,1,26,,8290,13,,,1,72,,8292,13,,,1,27,,8303,13,,,1,78,,8295,13,,,1,68,,8293,13,,,1,37,,8302,13,,,1,64,,8289,13,,,1,35,,8294,13,,,1,62,,8278,13,,,1,33,,8280,13,,,1,70,,8277,13,,,1,34,,8300,13,,,1,66,,8298,13,,,1,36,,8285,13,,,1,81,,8301,13,,,1,21,,8287,13,,,1,97,,8288,13,,,1,102,,8279,13,,,1,99,,8282,13,,,1,100,,8281,13,,,1,99,,8283,13,,,1,100,,8286,13,,,1
5001,'SAM',529,,8311,13,,,1,100,,8304,13,,,1,100,,8321,13,,,1,103,,8325,13,,,1,102,,8317,13,,,1,23,,8327,13,,,1,75,,8330,13,,,1,27,,8319,13,,,1,75,,8326,13,,,1,66,,8328,13,,,1,34,,8320,13,,,1,68,,8322,13,,,1,34,,8329,13,,,1,71,,8307,13,,,1,32,,8323,13,,,1,62,,8306,13,,,1,32,,8324,13,,,1,70,,8312,13,,,1,36,,8314,13,,,1,81,,8305,13,,,1,21,,8313,13,,,1,100,,8315,13,,,1,99,,8308,13,,,1,100,,8309,13,,,1,100,,8316,13,,,1,98,,8310,13,,,1,100,,8318,13,,,1
5001,'SEM',522,,8356,13,,,1,98,,8358,13,,,1,38,,8340,13,,,1,60,,8362,13,,,1,40,,8333,13,,,1,68,,8342,13,,,1,27,,8337,13,,,1,70,,8359,13,,,1,30,,8360,13,,,1,70,,8343,13,,,1,30,,8338,13,,,1,70,,8336,13,,,1,30,,8361,13,,,1,71,,8357,13,,,1,30,,8332,13,,,1,70,,8347,13,,,1,30,,8334,13,,,1,70,,8331,13,,,1,87,,8339,13,,,1,27,,8344,13,,,1,70,,8341,13,,,1,30,,8335,13,,,1,70,,8350,13,,,1,32,,8345,13,,,1,71,,8348,13,,,1,25,,8346,13,,,1,79,,8352,13,,,1,104,,8354,13,,,1,104,,8349,13,,,1,104,,8351,13,,,1,105,,8353,13,,,1,105,,8355,13,,,1,91,,8363,3,,,1
6001,'DIM',806,,8888,37,,,1,103,,8896,37,,,1,101,,8895,37,,,1,102,,8899,37,,,1,104,,8897,37,,,1,107,,8901,37,,,1,100,,8898,37,,,1,101,,8900,37,,,1,100,,8902,37,,,1,98,,8887,37,,,1,96,,8903,37,,,1,95,,8894,37,,,1,97,,8890,37,,,1,97,,8889,37,,,1,97,,8892,37,,,1,100,,8891,37,,,1,100,,8893,37,,,1
6001,'SAM',703,,8907,37,,,1,103,,8917,37,,,1,103,,8916,37,,,1,95,,8919,37,,,1,108,,8915,37,,,1,104,,8913,37,,,1,107,,8921,37,,,1,100,,8920,37,,,1,107,,8914,37,,,1,94,,8918,37,,,1,98,,8905,37,,,1,96,,8909,37,,,1,95,,8910,37,,,1,97,,8904,37,,,1,97,,8908,37,,,1,97,,8906,37,,,1,100,,8912,37,,,1,100,,8911,37,,,1
6001,'SEM',543,,8938,37,,,1,104,,8922,37,,,1,94,,8923,37,,,1,72,,8925,37,,,1,45,,8928,37,,,1,92,,8939,37,,,1,103,,8940,37,,,1,99,,8924,37,,,1,100,,8926,37,,,1,102,,8941,37,,,1,100,,8930,37,,,1,99,,8927,37,,,1,148,,8933,37,,,1,100,,8929,37,,,1,53,,8936,37,,,1,98,,8932,37,,,1,89,,8935,37,,,1,99,,8937,37,,,1,95,,8931,37,,,1,100,,8934,37,,,1
34503,'SEM',443,,10851,22,,,1,100,,10852,22,,,1
