2401,'DIM',647,,6179,12,,,1,98,,444,12,,,1,105,,6178,12,,,1,101,,6175,12,,,1,101,,6181,12,,,1,70,,6177,12,,,1,30,,6184,12,,,1,70,,6183,12,,,1,26,,6186,12,,,1,77,,6187,12,,,1,24,,6180,12,,,1,76,,6166,12,,,1,24,,6188,12,,,1,72,,6182,12,,,1,32,,6167,12,,,1,72,,6185,12,,,1,34,,6170,12,,,1,64,,6189,12,,,1,30,,6168,12,,,1,100,,6171,12,,,1,100,,6172,12,,,1,100,,6169,12,,,1,97,,6176,12,,,1,100,,6173,12,,,1,95,,6174,12,,,1,99,,439,12,,,1
2401,'SAM',617,,6205,12,,,1,30,,6216,12,,,1,98,,6206,12,,,1,106,,6201,12,,,1,100,,6214,12,,,1,100,,6207,12,,,1,70,,6215,12,,,1,30,,6210,12,,,1,71,,6192,12,,,1,30,,6202,12,,,1,73,,6204,12,,,1,32,,6190,12,,,1,67,,6203,12,,,1,35,,6208,12,,,1,71,,6212,12,,,1,23,,6209,12,,,1,70,,6211,12,,,1,31,,6213,12,,,1,69,,6195,12,,,1,36,,6193,12,,,1,94,,6196,12,,,1,100,,6194,12,,,1,100,,6199,12,,,1,97,,6191,12,,,1,100,,6197,12,,,1,95,,6198,12,,,1,101,,6200,12,,,1
2401,'SEM',457,,6222,12,,,1,75,,6246,12,,,1,80,,6230,12,,,1,20,,6218,12,,,1,12,,6221,12,,,1,12,,6239,12,,,1,49,,6228,12,,,1,13,,6251,12,,,1,12,,6248,12,,,1,12,,6252,12,,,1,13,,6220,12,,,1,67,,6229,12,,,1,27,,6224,12,,,1,71,,6225,12,,,1,29,,6243,12,,,1,70,,6231,12,,,1,30,,6226,12,,,1,70,,6249,12,,,1,30,,6254,12,,,1,70,,6217,12,,,1,30,,6247,12,,,1,70,,6250,12,,,1,30,,6223,12,,,1,70,,6253,12,,,1,30,,6227,12,,,1,82,,6219,12,,,1,26,,6232,12,,,1,65,,6235,12,,,1,30,,6233,12,,,1,70,,6234,12,,,1,30,,6238,12,,,1,71,,6242,12,,,1,100,,6245,12,,,1,90,,6241,12,,,1,100,,6237,12,,,1,100,,6236,12,,,1,100,,6240,12,,,1,100,,6244,12,,,1
6601,'DIM',550,,9444,20,,,1,100,,9443,20,,,1,101,,9449,20,,,1,101,,9445,20,,,1,70,,9447,20,,,1,32,,9446,20,,,1,70,,3640,20,,,1,35,,9452,20,,,1,70,,9450,20,,,1,30,,9436,20,,,1,100,,9451,20,,,1,100,,9442,20,,,1,100,,9448,20,,,1,100,,9434,20,,,1,142,,9437,20,,,1,100,,9435,20,,,1,100,,9439,20,,,1,57,,9441,20,,,1,100,,9440,20,,,1,100,,9438,20,,,1
6601,'SAM',550,,9461,20,,,1,100,,9464,20,,,1,101,,9458,20,,,1,98,,9460,20,,,1,73,,9462,20,,,1,32,,9463,20,,,1,70,,9468,20,,,1,35,,9472,20,,,1,70,,9469,20,,,1,30,,9467,20,,,1,100,,9470,20,,,1,100,,9453,20,,,1,100,,9466,20,,,1,100,,9465,20,,,1,142,,9471,20,,,1,100,,9455,20,,,1,100,,9456,20,,,1,57,,9459,20,,,1,100,,9457,20,,,1,100,,9454,20,,,1
6601,'SEM',632,,9489,20,,,1,104,,9481,20,,,1,90,,9476,20,,,1,107,,9480,20,,,1,105,,9483,20,,,1,100,,9482,20,,,1,106,,9475,20,,,1,100,,9478,20,,,1,100,,9474,20,,,1,74,,9473,20,,,1,90,,9477,20,,,1,95,,9486,20,,,1,105,,9479,20,,,1,97,,9485,20,,,1,98,,9487,20,,,1,100,,9488,20,,,1,97,,9484,20,,,1
14401,'DIM',606,,10208,22,,,2,34,,10209,22,,,2,97,,10214,22,,,2,82,,10210,22,,,2,97,,10213,22,,,2,37,,10217,22,,,2,67,,10211,22,,,2,32,,10222,22,,,2,79,,10220,22,,,2,28,,10212,22,,,2,73,,10223,22,,,2,79,,10221,22,,,2,28,,10215,22,,,2,73,,10216,22,,,2,39,,10218,22,,,2,68,,10199,22,,,2,35,,10198,22,,,2,79,,10219,22,,,2,68,,10200,22,,,2,34,,10204,22,,,2,106,,10201,22,,,2,77,,10205,22,,,2,97,,10206,22,,,2,100,,10202,22,,,2,98,,10207,22,,,2,100,,10203,22,,,2
14401,'SAM',606,,10235,22,,,2,34,,10241,22,,,2,97,,10236,22,,,2,82,,10242,22,,,2,97,,10237,22,,,2,31,,10246,22,,,2,73,,10249,22,,,2,32,,10250,22,,,2,79,,10247,22,,,2,28,,10238,22,,,2,73,,10243,22,,,2,79,,10248,22,,,2,28,,10239,22,,,2,73,,10244,22,,,2,38,,10245,22,,,2,69,,10240,22,,,2,35,,10227,22,,,2,77,,10228,22,,,2,70,,10251,22,,,2,34,,10231,22,,,2,106,,10224,22,,,2,77,,10232,22,,,2,97,,10225,22,,,2,100,,10229,22,,,2,98,,10226,22,,,2,100,,10230,22,,,2,100,,10234,22,,,2,101,,10233,22,,,2
14401,'SEM',540,,10282,22,,,2,77,,10284,22,,,2,15,,10286,22,,,2,18,,10258,22,,,2,4,,10259,22,,,2,50,,10262,22,,,2,7,,10264,22,,,2,6,,10257,22,,,2,13,,10281,22,,,2,15,,10269,22,,,2,58,,10265,22,,,2,14,,10266,22,,,2,15,,10287,22,,,2,20,,10270,22,,,2,70,,10277,22,,,2,15,,10283,22,,,2,69,,10267,22,,,2,29,,10254,22,,,2,70,,10263,22,,,2,36,,10268,22,,,2,67,,10253,22,,,2,30,,10255,22,,,2,76,,10252,22,,,2,29,,10261,22,,,2,72,,10271,22,,,2,39,,10285,22,,,2,70,,10260,22,,,2,100,,10256,22,,,2,86,,10278,22,,,2,102,,10274,22,,,2,99,,10280,22,,,2,93,,10272,22,,,2,100,,10273,22,,,2,55,,10276,22,,,2,141,,10275,22,,,2,109,,10279,22,,,2
24401,'SEM',625,,10727,22,,,2,15,,10726,22,,,2
