2202,'DIM',727,,6117,35,,,2,100,,6118,35,,,2,100,,6119,35,,,2,100,,6123,35,,,2,101,,6125,35,,,2,100,,6122,35,,,2,98,,6126,35,,,2,104,,6116,35,,,2,97,,6120,35,,,2,114,,6121,35,,,2,89,,6124,35,,,2,100,,6111,35,,,2,98,,6114,35,,,2,101,,6115,35,,,2,100,,6112,35,,,2,100,,6113,35,,,2
2202,'SAM',628,,6143,19,,,2,97,,6138,35,,,2,99,,6136,35,,,2,102,,6134,35,,,2,101,,6142,35,,,2,101,,6141,35,,,2,98,,6137,35,,,2,100,,6139,35,,,2,102,,6135,35,,,2,98,,6140,35,,,2,114,,6127,35,,,2,88,,6129,35,,,2,102,,6131,35,,,2,97,,6132,35,,,2,100,,6133,35,,,2,101,,6130,35,,,2,99,,6128,35,,,2
2202,'SEM',610,,6164,35,,,2,14,,6165,35,,,2,105,,6163,35,,,2,27,,6161,35,,,2,74,,6145,35,,,2,100,,6149,35,,,2,70,,6151,35,,,2,30,,6146,35,,,2,100,,6150,35,,,2,100,,6162,35,,,2,100,,6152,35,,,2,100,,6144,35,,,2,101,,6147,35,,,2,102,,6153,35,,,2,21,,6148,35,,,2,84,,6157,35,,,2,93,,6156,35,,,2,100,,6158,35,,,2,100,,6160,35,,,2,100,,6154,35,,,2,105,,6155,35,,,2,95,,6159,35,,,2
5002,'DIM',606,,8370,12,,,1,100,,8382,12,,,1,100,,8377,12,,,1,100,,8383,12,,,1,101,,8386,12,,,1,24,,8376,12,,,1,72,,8378,12,,,1,28,,8389,12,,,1,79,,8381,12,,,1,28,,8379,12,,,1,77,,8388,12,,,1,24,,8375,12,,,1,75,,8380,12,,,1,21,,8384,12,,,1,74,,8366,12,,,1,31,,8364,12,,,1,74,,8387,12,,,1,26,,8385,12,,,1,76,,8371,12,,,1,102,,8373,12,,,1,100,,8374,12,,,1,100,,8365,12,,,1,100,,8368,12,,,1,100,,8367,12,,,1,96,,8369,12,,,1,100,,8372,12,,,1
5002,'SAM',601,,8395,12,,,1,105,,8403,12,,,1,100,,8406,12,,,1,100,,8410,12,,,1,102,,8401,12,,,1,23,,8412,12,,,1,76,,8415,12,,,1,27,,8404,12,,,1,76,,8411,12,,,1,26,,8413,12,,,1,74,,8405,12,,,1,28,,8407,12,,,1,74,,8414,12,,,1,31,,8391,12,,,1,72,,8408,12,,,1,23,,8390,12,,,1,72,,8409,12,,,1,30,,8396,12,,,1,76,,8398,12,,,1,102,,8397,12,,,1,100,,8399,12,,,1,100,,8392,12,,,1,100,,8393,12,,,1,99,,8400,12,,,1,97,,8394,12,,,1,100,,8402,12,,,1
5002,'SEM',457,,8422,12,,,1,75,,8445,12,,,1,27,,2661,12,,,1,69,,8418,12,,,1,29,,8446,12,,,1,53,,8430,12,,,1,34,,8417,12,,,1,58,,8427,12,,,1,32,,8416,12,,,1,69,,8431,12,,,1,27,,8424,12,,,1,70,,8447,12,,,1,30,,8448,12,,,1,70,,8432,12,,,1,30,,8425,12,,,1,70,,8423,12,,,1,30,,8449,12,,,1,71,,8444,12,,,1,30,,8419,12,,,1,70,,8435,12,,,1,39,,8420,12,,,1,78,,8436,12,,,1,36,,8428,12,,,1,67,,8433,12,,,1,29,,8429,12,,,1,70,,8421,12,,,1,29,,8426,12,,,1,70,,8434,12,,,1,31,,8441,12,,,1,105,,8439,12,,,1,145,,8442,12,,,1,101,,8437,12,,,1,112,,8438,12,,,1,101,,8440,12,,,1,96,,8443,12,,,1
5802,'DIM',605,,8843,12,,,2,100,,8840,12,,,2,51,,3051,12,,,2,100,,8834,12,,,2,100,,8835,12,,,2,99,,8839,12,,,2,100,,8836,12,,,2,101,,8833,12,,,2,100,,8837,12,,,2,100,,8841,12,,,2,98,,8838,12,,,2,149,,8842,12,,,2,54,,8827,12,,,2,100,,8829,12,,,2,100,,8832,12,,,2,100,,8830,12,,,2,100,,8831,12,,,2,100,,8828,12,,,2
5802,'SAM',605,,8859,12,,,2,100,,8844,12,,,2,51,,8857,12,,,2,100,,8860,12,,,2,100,,8848,12,,,2,99,,8850,12,,,2,103,,8858,12,,,2,98,,8853,12,,,2,145,,8856,12,,,2,54,,8845,12,,,2,151,,8847,12,,,2,99,,8861,12,,,2,52,,8846,12,,,2,100,,8854,12,,,2,143,,8852,12,,,2,57,,8849,12,,,2,100,,8851,12,,,2,100,,8855,12,,,2
5802,'SEM',525,,8881,12,,,2,25,,8865,12,,,2,76,,8885,12,,,2,13,,8864,12,,,2,18,,8886,4,,,2,48,,8883,12,,,2,31,,8868,12,,,2,17,,8862,12,,,2,82,,8863,12,,,2,82,,8870,12,,,2,100,,8869,12,,,2,100,,8882,12,,,2,100,,8866,12,,,2,100,,8884,12,,,2,101,,8867,12,,,2,25,,8874,12,,,2,71,,8871,12,,,2,105,,8873,12,,,2,30,,8880,12,,,2,100,,8875,12,,,2,100,,8876,12,,,2,87,,8872,12,,,2,99,,8879,12,,,2,100,,8877,12,,,2,100,,8878,12,,,2
22202,'DIM',1441,,10702,24,,,2
22202,'SAM',1441,,10705,24,,,2,895,,10704,24,,,2,103,,10703,24,,,2
22202,'SEM',547,,10712,24,,,2,110,,10706,24,,,2,89,,10707,24,,,2,768,,10708,24,,,2,29,,10709,24,,,2,704,,10711,24,,,2,65,,10710,24,,,2
32202,'SAM',2552,,10842,18,,,2
32202,'SEM',2421,,10843,18,,,2,85,,10844,18,,,2
