1704,'DIM',501,,5896,22,,,1,50,,5899,22,,,1,105,,5902,22,,,1,96,,5895,22,,,1,99,,5889,22,,,1,101,,5894,22,,,1,100,,5897,22,,,1,100,,5901,22,,,1,103,,5898,22,,,1,100,,5903,22,,,1,102,,5905,22,,,1,99,,5893,22,,,1,101,,5900,22,,,1,101,,5885,22,,,1,98,,5904,22,,,1,99,,5888,22,,,1,99,,5886,22,,,1,101,,5887,22,,,1,99,,5890,22,,,1,99,,5892,22,,,1,96,,5891,22,,,1
1704,'SAM',502,,5917,22,,,1,49,,5914,22,,,1,105,,5909,22,,,1,96,,5916,22,,,1,99,,5922,22,,,1,102,,5919,22,,,1,99,,5920,22,,,1,100,,5918,22,,,1,102,,5924,22,,,1,100,,5915,22,,,1,101,,5921,22,,,1,101,,5925,22,,,1,102,,5923,22,,,1,100,,5926,22,,,1,98,,5906,22,,,1,99,,5907,22,,,1,99,,5908,22,,,1,101,,5913,22,,,1,99,,5911,22,,,1,99,,5912,22,,,1,96,,5910,22,,,1
1704,'SEM',512,,5938,22,,,1,102,,5948,22,,,1,20,,5928,22,,,1,21,,5932,22,,,1,55,,5934,22,,,1,25,,5949,22,,,1,74,,5927,22,,,1,102,,5931,22,,,1,44,,5936,22,,,1,99,,5930,22,,,1,101,,5939,22,,,1,100,,5935,22,,,1,100,,5929,22,,,1,102,,5933,22,,,1,143,,5937,22,,,1,58,,5944,22,,,1,101,,5942,22,,,1,100,,5940,22,,,1,98,,5946,22,,,1,100,,5941,22,,,1,99,,5943,22,,,1,101,,5947,22,,,1,99,,5945,22,,,1
3104,'DIM',621,,1107,32,,,1,101,,6844,32,,,1,100,,6843,32,,,1,101,,6848,32,,,1,101,,6851,32,,,1,100,,6852,32,,,1,101,,6849,32,,,1,101,,6845,32,,,1,102,,6847,32,,,1,102,,6835,32,,,1,96,,6846,32,,,1,101,,6850,32,,,1,98,,6838,32,,,1,101,,6837,32,,,1,99,,6839,32,,,1,100,,6836,32,,,1,100,,6842,32,,,1,98,,6841,32,,,1,101,,6840,32,,,1
3104,'SAM',520,,6869,32,,,1,99,,6863,32,,,1,103,,6865,32,,,1,101,,6868,32,,,1,100,,6866,32,,,1,100,,6870,32,,,1,99,,6872,32,,,1,101,,6853,32,,,1,103,,6862,32,,,1,101,,6867,32,,,1,101,,6864,32,,,1,102,,6871,32,,,1,97,,6856,32,,,1,100,,6857,32,,,1,99,,6859,32,,,1,99,,6854,32,,,1,100,,6860,32,,,1,100,,6861,32,,,1,98,,6855,32,,,1,101,,6858,32,,,1
3104,'SEM',451,,6889,32,,,1,70,,1143,32,,,1,84,,6890,32,,,1,22,,6892,32,,,1,23,,6875,32,,,1,72,,6877,32,,,1,32,,6888,32,,,1,70,,6874,32,,,1,30,,6876,32,,,1,71,,6893,32,,,1,100,,6895,32,,,1,100,,6894,32,,,1,100,,6873,32,,,1,100,,6891,32,,,1,100,,6878,32,,,1,104,,6879,32,,,1,102,,6882,32,,,1,101,,6880,32,,,1,97,,6887,32,,,1,99,,6884,32,,,1,101,,6885,32,,,1,100,,6881,32,,,1,99,,6883,32,,,1,106,,6886,32,,,1
3904,'DIM',823,,1465,22,,,1,99,,7195,22,,,1,95,,7201,22,,,1,14,,7199,22,,,1,74,,7203,22,,,1,28,,7208,22,,,1,74,,7196,22,,,1,30,,7207,22,,,1,71,,7194,22,,,1,29,,7189,22,,,1,76,,7198,22,,,1,25,,7197,22,,,1,68,,7202,22,,,1,27,,7205,22,,,1,77,,7204,22,,,1,30,,7191,22,,,1,70,,7200,22,,,1,30,,7206,22,,,1,79,,7192,22,,,1,85,,7187,22,,,1,100,,7190,22,,,1,97,,7193,22,,,1,100,,7188,22,,,1
3904,'SAM',823,,7223,22,,,1,101,,7222,22,,,1,93,,7224,22,,,1,14,,7228,22,,,1,76,,7225,22,,,1,30,,7220,22,,,1,70,,7227,22,,,1,30,,7229,22,,,1,70,,7219,22,,,1,30,,7218,22,,,1,75,,7221,22,,,1,29,,7209,22,,,1,69,,7210,22,,,1,25,,7226,22,,,1,75,,7213,22,,,1,30,,7230,22,,,1,70,,7214,22,,,1,30,,7216,22,,,1,79,,7211,22,,,1,85,,7215,22,,,1,100,,7217,22,,,1,97,,7212,22,,,1,100,,1475,22,,,1
3904,'SEM',611,,7253,22,,,1,40,,7234,22,,,1,52,,7241,22,,,1,10,,7243,22,,,1,33,,7235,22,,,1,69,,7233,22,,,1,35,,7244,22,,,1,67,,7242,22,,,1,30,,7256,22,,,1,69,,7240,22,,,1,30,,7252,22,,,1,70,,7250,22,,,1,30,,7232,22,,,1,70,,7255,22,,,1,30,,7251,22,,,1,70,,7254,22,,,1,35,,7239,22,,,1,70,,7237,22,,,1,30,,7231,22,,,1,73,,7236,22,,,1,106,,7245,22,,,1,107,,7238,22,,,1,104,,7249,22,,,1,101,,7247,22,,,1,99,,7248,22,,,1,99,,7246,22,,,1
7304,'DIM',536,,4008,50,,,1,70,,3997,50,,,1,101,,9816,50,,,1,101,,9822,50,,,1,99,,9817,50,,,1,101,,9819,50,,,1,101,,9815,50,,,1,100,,9818,50,,,1,101,,9820,50,,,1,101,,9809,50,,,1,101,,9814,50,,,1,102,,9821,50,,,1,100,,9823,50,,,1,99,,9807,50,,,1,98,,9808,50,,,1,100,,9805,50,,,1,100,,9810,50,,,1,99,,9812,50,,,1,98,,9806,50,,,1,101,,9811,50,,,1,99,,9813,50,,,1
7304,'SAM',536,,9846,50,,,1,70,,9834,50,,,1,103,,9838,50,,,1,99,,9826,50,,,1,99,,9842,50,,,1,101,,9840,50,,,1,102,,9827,50,,,1,101,,9839,50,,,1,99,,9843,50,,,1,101,,9841,50,,,1,101,,9824,50,,,1,103,,9844,50,,,1,99,,9845,50,,,1,99,,9830,50,,,1,98,,9825,50,,,1,100,,9832,50,,,1,100,,9831,50,,,1,99,,9828,50,,,1,98,,9829,50,,,1,101,,9833,50,,,1,99,,9835,50,,,1,100,,9837,50,,,1,99,,9836,50,,,1
7304,'SEM',459,,9876,50,,,1,84,,9874,50,,,1,80,,9885,50,,,1,17,,9887,50,,,1,64,,9886,50,,,1,12,,9853,50,,,1,12,,9882,50,,,1,13,,9859,50,,,1,61,,9862,50,,,1,16,,9883,50,,,1,15,,9854,50,,,1,26,,9851,50,,,1,70,,9857,50,,,1,82,,9866,50,,,1,29,,9852,50,,,1,70,,9849,50,,,1,30,,9888,50,,,1,70,,9861,50,,,1,35,,9855,50,,,1,66,,9884,50,,,1,30,,9856,50,,,1,70,,9863,50,,,1,30,,9889,50,,,1,72,,9850,50,,,1,42,,9864,50,,,1,53,,9848,50,,,1,19,,9847,50,,,1,74,,9858,50,,,1,16,,9871,50,,,1,25,,9870,50,,,1,73,,9860,50,,,1,36,,9877,50,,,1,63,,9875,50,,,1,32,,9867,50,,,1,66,,9873,50,,,1,31,,9879,50,,,1,71,,9865,50,,,1,29,,9868,50,,,1,70,,9880,50,,,1,29,,9869,50,,,1,70,,9872,50,,,1,100,,9878,50,,,1,94,,9881,50,,,1
7402,'DIM',635,,9951,63,,,2,102,,9955,63,,,2,100,,9954,63,,,2,100,,9956,63,,,2,102,,9958,63,,,2,101,,9947,63,,,2,99,,9952,63,,,2,101,,9953,63,,,2,102,,9957,63,,,2,99,,9959,63,,,2,99,,9960,63,,,2,103,,9944,63,,,2,98,,9946,63,,,2,99,,9948,63,,,2,100,,9950,63,,,2,100,,9949,63,,,2,99,,9945,63,,,2
7402,'SAM',635,,9971,63,,,2,102,,9974,63,,,2,98,,9962,63,,,2,100,,9976,63,,,2,104,,9975,63,,,2,101,,9970,63,,,2,98,,9973,63,,,2,101,,9972,63,,,2,103,,9961,63,,,2,99,,9977,63,,,2,100,,9964,63,,,2,100,,9965,63,,,2,98,,9966,63,,,2,101,,9969,63,,,2,99,,9963,63,,,2,100,,9967,63,,,2,99,,9968,63,,,2
7402,'SEM',557,,9995,63,,,2,87,,9996,63,,,2,15,,9981,63,,,2,87,,9985,63,,,2,96,,9980,63,,,2,98,,9983,63,,,2,98,,9992,63,,,2,100,,9984,63,,,2,100,,9993,63,,,2,100,,9978,63,,,2,100,,9982,63,,,2,105,,9979,63,,,2,100,,9987,63,,,2,101,,9991,63,,,2,97,,9986,63,,,2,99,,9990,63,,,2,100,,9994,63,,,2,100,,9989,63,,,2,100,,9988,63,,,2
