201,'SAM',2551,,5743,3,,,1,81,,3,3,,,1,85,,5744,3,,,1
201,'SEM',2510,,5745,3,,,1,27,,5746,3,,,1,80,,5747,3,,,1,40,,5748,3,,,1
3304,'DIM',731,,6946,3,,,1,171,,6947,3,,,1,130,,6949,3,,,1,170,,6948,3,,,1,129,,6950,3,,,1,172,,6951,3,,,1,129,,6941,3,,,1,170,,6943,3,,,1,130,,6944,3,,,1,170,,6945,3,,,1,130,,6942,3,,,1
3304,'SAM',731,,1221,3,,,1,171,,1223,3,,,1,130,,6955,3,,,1,169,,6958,3,,,1,130,,6960,3,,,1,172,,6954,3,,,1,129,,6959,3,,,1,172,,6952,3,,,1,128,,6957,3,,,1,170,,6953,3,,,1,130,,6956,3,,,1
3304,'SEM',452,,6969,3,,,1,89,,6963,3,,,1,74,,6961,3,,,1,24,,6982,3,,,1,81,,6965,3,,,1,20,,6967,3,,,1,67,,6971,3,,,1,33,,6964,3,,,1,97,,6970,3,,,1,105,,6985,3,,,1,100,,6983,3,,,1,90,,6968,3,,,1,110,,6962,3,,,1,108,,6976,3,,,1,63,,6978,3,,,1,90,,6981,3,,,1,44,,6966,3,,,1,71,,6972,3,,,1,82,,6973,3,,,1,22,,6984,3,,,1,27,,6974,3,,,1,93,,6975,3,,,1,100,,6979,3,,,1,110,,6977,3,,,1,80,,6980,3,,,1
4201,'DIM',516,,7411,17,,,2,102,,7437,17,,,2,30,,7440,17,,,2,70,,7443,17,,,2,28,,7412,17,,,2,73,,7448,17,,,2,29,,7445,17,,,2,70,,7452,17,,,2,33,,7444,17,,,2,61,,7439,17,,,2,20,,7436,17,,,2,20,,7449,17,,,2,60,,7455,17,,,2,23,,7438,17,,,2,18,,7453,17,,,2,62,,7409,17,,,2,20,,7457,17,,,2,18,,7441,17,,,2,62,,7442,17,,,2,19,,7446,17,,,2,21,,7414,17,,,2,60,,7450,17,,,2,15,,7415,17,,,2,24,,7451,17,,,2,61,,7456,17,,,2,19,,7418,17,,,2,21,,7447,17,,,2,56,,7421,17,,,2,22,,7422,17,,,2,21,,7424,17,,,2,55,,7425,17,,,2,18,,7428,17,,,2,12,,7429,17,,,2,15,,7454,17,,,2,56,,7410,17,,,2,33,,7433,17,,,2,70,,7416,17,,,2,30,,7419,17,,,2,69,,7413,17,,,2,29,,7426,17,,,2,72,,7430,17,,,2,28,,7417,17,,,2,70,,7420,17,,,2,32,,7423,17,,,2,70,,7427,17,,,2,35,,7434,17,,,2,68,,7431,17,,,2,34,,7432,17,,,2,75,,7435,17,,,2
4201,'SAM',513,,7498,17,,,2,105,,7484,17,,,2,34,,7468,17,,,2,72,,7499,17,,,2,24,,7488,17,,,2,70,,7490,17,,,2,31,,7494,17,,,2,69,,7485,17,,,2,33,,7501,17,,,2,61,,7483,17,,,2,20,,7506,17,,,2,18,,7492,17,,,2,61,,7476,17,,,2,24,,7502,17,,,2,16,,7486,17,,,2,62,,7507,17,,,2,22,,7487,17,,,2,16,,7489,17,,,2,64,,7478,17,,,2,20,,7493,17,,,2,19,,7504,17,,,2,63,,7491,17,,,2,13,,7495,17,,,2,23,,7461,17,,,2,61,,7503,17,,,2,20,,7500,17,,,2,22,,7469,17,,,2,57,,7496,17,,,2,21,,7471,17,,,2,22,,7497,17,,,2,54,,7505,17,,,2,15,,7474,17,,,2,16,,7475,17,,,2,13,,7458,17,,,2,56,,7459,17,,,2,30,,7462,17,,,2,68,,7464,17,,,2,35,,7466,17,,,2,69,,7467,17,,,2,29,,7460,17,,,2,71,,7463,17,,,2,24,,7465,17,,,2,74,,7470,17,,,2,31,,7472,17,,,2,73,,7473,17,,,2,39,,7480,17,,,2,63,,7482,17,,,2,35,,7477,17,,,2,71,,7479,17,,,2,32,,7481,17,,,2
4201,'SEM',618,,7570,3,,,2,13,,7513,17,,,2,10,,7576,3,,,2,11,,7521,17,,,2,48,,7560,17,,,2,6,,7530,17,,,2,11,,7577,3,,,2,8,,7564,17,,,2,14,,7566,17,,,2,17,,7569,17,,,2,55,,7510,17,,,2,17,,7518,17,,,2,24,,7514,17,,,2,57,,7523,17,,,2,29,,7558,17,,,2,9,,7565,17,,,2,65,,7556,17,,,2,16,,7511,17,,,2,23,,7561,17,,,2,61,,7562,17,,,2,14,,7557,17,,,2,26,,7563,17,,,2,60,,7559,17,,,2,20,,7567,17,,,2,20,,7512,17,,,2,55,,7529,17,,,2,20,,7527,17,,,2,15,,7509,17,,,2,15,,7520,17,,,2,55,,7531,17,,,2,15,,7528,17,,,2,16,,7526,17,,,2,14,,7516,17,,,2,53,,7525,17,,,2,2,,7535,17,,,2,7,,7568,17,,,2,8,,7538,17,,,2,8,,7542,17,,,2,8,,7545,17,,,2,8,,7548,17,,,2,6,,7517,17,,,2,49,,7571,3,,,2,5,,7508,17,,,2,7,,7572,3,,,2,7,,7522,17,,,2,10,,7540,17,,,2,9,,7515,17,,,2,11,,7551,17,,,2,50,,7519,17,,,2,10,,7524,17,,,2,10,,7544,17,,,2,10,,7532,17,,,2,10,,7541,17,,,2,11,,7546,17,,,2,49,,7536,17,,,2,14,,7539,17,,,2,15,,7550,17,,,2,15,,7543,17,,,2,70,,7555,17,,,2,32,,7553,17,,,2,70,,7533,17,,,2,30,,7534,17,,,2,80,,7537,17,,,2,69,,7547,17,,,2,34,,7573,3,,,2,70,,7549,17,,,2,30,,7574,3,,,2,72,,7552,17,,,2,30,,7575,3,,,2,90,,7554,17,,,2
6304,'DIM',754,,9201,54,,,1,102,,9207,54,,,1,102,,9202,54,,,1,142,,9204,54,,,1,55,,9203,54,,,1,147,,9208,54,,,1,55,,9205,54,,,1,143,,9206,54,,,1,100,,9195,54,,,1,102,,9209,54,,,1,102,,9193,54,,,1,97,,9200,54,,,1,99,,9194,54,,,1,58,,9196,54,,,1,100,,9198,54,,,1,100,,9197,54,,,1,99,,9199,54,,,1
6304,'SAM',649,,9224,54,,,1,102,,9220,54,,,1,105,,9216,54,,,1,102,,9223,54,,,1,142,,9222,54,,,1,103,,9225,54,,,1,99,,9227,54,,,1,56,,9221,54,,,1,144,,9228,54,,,1,106,,9212,54,,,1,95,,9226,54,,,1,101,,9210,54,,,1,98,,9213,54,,,1,102,,9211,54,,,1,54,,9214,54,,,1,100,,9217,54,,,1,100,,9215,54,,,1,98,,9218,54,,,1,95,,9219,54,,,1
6304,'SEM',512,,9260,54,,,1,112,,9258,54,,,1,23,,9261,54,,,1,82,,9238,54,,,1,11,,9241,54,,,1,74,,9245,54,,,1,26,,9229,54,,,1,17,,9263,54,,,1,66,,9234,54,,,1,29,,9243,54,,,1,70,,9244,54,,,1,30,,9231,54,,,1,64,,9230,54,,,1,30,,9259,54,,,1,71,,9236,54,,,1,31,,9237,54,,,1,73,,9242,54,,,1,30,,9262,54,,,1,71,,9232,54,,,1,31,,9233,54,,,1,72,,9235,54,,,1,78,,9239,54,,,1,6,,9249,54,,,1,31,,9240,54,,,1,62,,9246,54,,,1,34,,9252,54,,,1,14,,9251,54,,,1,68,,9255,54,,,1,31,,9257,54,,,1,77,,9250,54,,,1,93,,9254,54,,,1,38,,9256,54,,,1,90,,9247,54,,,1,98,,9248,54,,,1,93,,9253,54,,,1
34504,'SEM',2523,,10854,26,,,1,117,,10853,26,,,1
