2402,'DIM',708,,532,3,,,1,103,,6267,3,,,1,99,,6263,3,,,1,98,,6269,3,,,1,31,,6266,3,,,1,69,,540,3,,,1,31,,6272,3,,,1,66,,6276,3,,,1,37,,6277,3,,,1,70,,6270,3,,,1,31,,6273,3,,,1,63,,6278,3,,,1,34,,6268,3,,,1,67,,6255,3,,,1,35,,6275,3,,,1,75,,6258,3,,,1,25,,6279,3,,,1,75,,6271,3,,,1,25,,6256,3,,,1,75,,6274,3,,,1,95,,6259,3,,,1,100,,6257,3,,,1,100,,6265,3,,,1,100,,6260,3,,,1,95,,6261,3,,,1,100,,6264,3,,,1,105,,6262,3,,,1
2402,'SAM',612,,6307,3,,,1,96,,6296,3,,,1,104,,6292,3,,,1,98,,6305,3,,,1,98,,6297,3,,,1,30,,6306,3,,,1,70,,6300,3,,,1,31,,6281,3,,,1,69,,6293,3,,,1,34,,6295,3,,,1,72,,6280,3,,,1,27,,6294,3,,,1,75,,6298,3,,,1,31,,6302,3,,,1,60,,6299,3,,,1,33,,6301,3,,,1,72,,6303,3,,,1,30,,6285,3,,,1,76,,6283,3,,,1,24,,6304,3,,,1,70,,6286,3,,,1,100,,6284,3,,,1,101,,6289,3,,,1,99,,6282,3,,,1,100,,6287,3,,,1,97,,6288,3,,,1,102,,6291,3,,,1,101,,6290,3,,,1
2402,'SEM',537,,6319,3,,,1,81,,6331,3,,,1,37,,6309,3,,,1,58,,6312,3,,,1,29,,6318,3,,,1,64,,6314,3,,,1,31,,6315,3,,,1,70,,6336,3,,,1,30,,6320,3,,,1,70,,6316,3,,,1,30,,6342,3,,,1,70,,6345,3,,,1,30,,6308,3,,,1,70,,6341,3,,,1,30,,6343,3,,,1,70,,6313,3,,,1,30,,6344,3,,,1,70,,6317,3,,,1,30,,6310,3,,,1,70,,6321,3,,,1,26,,6327,3,,,1,19,,6311,3,,,1,61,,6334,3,,,1,15,,6326,3,,,1,17,,6322,3,,,1,12,,6330,3,,,1,60,,6325,3,,,1,20,,6335,3,,,1,20,,6323,3,,,1,62,,6324,3,,,1,18,,6340,3,,,1,95,,6333,3,,,1,100,,6329,3,,,1,103,,6328,3,,,1,97,,6332,3,,,1,104,,6337,3,,,1,100,,6339,3,,,1,92,,6338,3,,,1
3303,'DIM',642,,6900,3,,,1,170,,6905,3,,,1,130,,6897,3,,,1,172,,6902,3,,,1,128,,6904,3,,,1,170,,6903,3,,,1,130,,6906,3,,,1,176,,6899,3,,,1,124,,6898,3,,,1,170,,6901,3,,,1,130,,6896,3,,,1
3303,'SAM',642,,6911,3,,,1,170,,6915,3,,,1,130,,6914,3,,,1,172,,6907,3,,,1,128,,6916,3,,,1,174,,6917,3,,,1,126,,6913,3,,,1,170,,6908,3,,,1,131,,6912,3,,,1,169,,6910,3,,,1,130,,6909,3,,,1
3303,'SEM',605,,6936,3,,,1,105,,6918,3,,,1,27,,6920,3,,,1,67,,6937,3,,,1,105,,6919,3,,,1,96,,6924,3,,,1,100,,6926,3,,,1,100,,6925,3,,,1,100,,6923,3,,,1,100,,6938,3,,,1,50,,6921,3,,,1,65,,6922,3,,,1,30,,6927,3,,,1,95,,6933,3,,,1,70,,6928,3,,,1,40,,6934,3,,,1,75,,6930,3,,,1,70,,6929,3,,,1,105,,6935,3,,,1,100,,6931,3,,,1,105,,6932,3,,,1
3703,'DIM',624,,7005,3,,,2,35,,7008,3,,,2,100,,7015,3,,,2,100,,7013,3,,,2,99,,7010,3,,,2,100,,7004,3,,,2,101,,7011,3,,,2,99,,7006,3,,,2,100,,7007,3,,,2,100,,7009,3,,,2,100,,7012,3,,,2,144,,7014,3,,,2,47,,7016,3,,,2
3703,'SAM',624,,7024,3,,,2,79,,7021,3,,,2,56,,7028,3,,,2,100,,7019,3,,,2,99,,7017,3,,,2,100,,7020,3,,,2,101,,7026,3,,,2,141,,7025,3,,,2,103,,7023,3,,,2,55,,7018,3,,,2,144,,7022,3,,,2,99,,7027,3,,,2,49,,7029,3,,,2
3703,'SEM',542,,7040,3,,,2,15,,7030,3,,,2,57,,7031,3,,,2,18,,7056,3,,,2,13,,7053,3,,,2,13,,7054,3,,,2,62,,7057,3,,,2,36,,7052,3,,,2,77,,7051,3,,,2,70,,7035,3,,,2,99,,7047,3,,,2,100,,7033,3,,,2,100,,7055,3,,,2,100,,7049,3,,,2,100,,7034,3,,,2,38,,7037,3,,,2,60,,7036,3,,,2,30,,7041,3,,,2,25,,7032,3,,,2,78,,7038,3,,,2,101,,7046,3,,,2,100,,7039,3,,,2,106,,7043,3,,,2,99,,7042,3,,,2,100,,7050,3,,,2,100,,7044,3,,,2,97,,7048,3,,,2,99,,7045,3,,,2
6303,'DIM',731,,9132,3,,,1,100,,9126,3,,,1,100,,9128,3,,,1,94,,9127,3,,,1,106,,9133,3,,,1,94,,9129,3,,,1,103,,9131,3,,,1,103,,9130,3,,,1,99,,9134,3,,,1,102,,9117,3,,,1,105,,9135,3,,,1,94,,9118,3,,,1,100,,9119,3,,,1,101,,9122,3,,,1,100,,9120,3,,,1,100,,9123,3,,,1,100,,9121,3,,,1,100,,9124,3,,,1,99,,9125,3,,,1
6303,'SAM',631,,9148,3,,,1,100,,9142,3,,,1,100,,9151,3,,,1,100,,9150,3,,,1,102,,9152,3,,,1,98,,9154,3,,,1,95,,9149,3,,,1,104,,9155,3,,,1,105,,9138,3,,,1,96,,9153,3,,,1,101,,9136,3,,,1,100,,9139,3,,,1,105,,9137,3,,,1,94,,9140,3,,,1,101,,9143,3,,,1,100,,9141,3,,,1,100,,9144,3,,,1,100,,9145,3,,,1,100,,9147,3,,,1,99,,9146,3,,,1
6303,'SEM',551,,9182,3,,,1,58,,9189,3,,,1,19,,9187,3,,,1,75,,9188,3,,,1,14,,9156,3,,,1,28,,9167,3,,,1,65,,9169,3,,,1,36,,9171,3,,,1,74,,9158,3,,,1,25,,9157,3,,,1,70,,9190,3,,,1,30,,9162,3,,,1,70,,9163,3,,,1,30,,9168,3,,,1,70,,9191,3,,,1,30,,9159,3,,,1,70,,9160,3,,,1,29,,9161,3,,,1,71,,9164,3,,,1,34,,9165,3,,,1,61,,9173,3,,,1,34,,9170,3,,,1,14,,9177,3,,,1,70,,9180,3,,,1,72,,9166,3,,,1,25,,9172,3,,,1,25,,9176,3,,,1,92,,9179,3,,,1,83,,9181,3,,,1,95,,9174,3,,,1,100,,9175,3,,,1,85,,9178,3,,,1,105,,9183,3,,,1,100,,9185,3,,,1,105,,9184,3,,,1,92,,9186,3,,,1
