201,'SAM',2557,,5743,16,,,1,81,,3,16,,,1,85,,5744,16,,,1
201,'SEM',2516,,5745,16,,,1,27,,5746,16,,,1,80,,5747,16,,,1,80,,5748,16,,,1
1704,'DIM',514,,5896,49,,,1,90,,5899,49,,,1,106,,5902,49,,,1,97,,5895,49,,,1,101,,5889,49,,,1,102,,5894,49,,,1,101,,5897,49,,,1,100,,5901,49,,,1,103,,5898,49,,,1,100,,5903,49,,,1,102,,5905,49,,,1,99,,5893,49,,,1,101,,5900,49,,,1,99,,5885,49,,,1,98,,5904,49,,,1,99,,5888,49,,,1,99,,5886,49,,,1,98,,5887,49,,,1,99,,5890,49,,,1,98,,5892,49,,,1,96,,5891,49,,,1
1704,'SAM',515,,5917,49,,,1,89,,5914,49,,,1,106,,5909,49,,,1,97,,5916,49,,,1,101,,5922,49,,,1,103,,5919,49,,,1,100,,5920,49,,,1,100,,5918,49,,,1,102,,5924,49,,,1,100,,5915,49,,,1,101,,5921,49,,,1,101,,5925,49,,,1,102,,5923,49,,,1,98,,5926,49,,,1,98,,5906,49,,,1,99,,5907,49,,,1,99,,5908,49,,,1,98,,5913,49,,,1,99,,5911,49,,,1,98,,5912,49,,,1,96,,5910,49,,,1
1704,'SEM',528,,5938,49,,,1,103,,5948,49,,,1,21,,5928,49,,,1,63,,5932,49,,,1,16,,5934,49,,,1,25,,5949,49,,,1,74,,5927,49,,,1,101,,5931,49,,,1,84,,5936,49,,,1,99,,5930,49,,,1,101,,5939,49,,,1,100,,5935,49,,,1,100,,5929,49,,,1,102,,5933,49,,,1,103,,5937,49,,,1,98,,5944,49,,,1,101,,5942,49,,,1,97,,5940,49,,,1,98,,5946,49,,,1,100,,5941,49,,,1,98,,5943,49,,,1,99,,5947,49,,,1,99,,5945,49,,,1
2704,'DIM',802,,6730,54,,,2,101,,6731,54,,,2,100,,6733,54,,,2,99,,6728,54,,,2,56,,6729,54,,,2,145,,6732,54,,,2,102,,6727,54,,,2,100,,6726,54,,,2,95,,6720,54,,,2,101,,6721,54,,,2,105,,6725,54,,,2,98,,6719,54,,,2,100,,6718,54,,,2,98,,6724,54,,,2,100,,6722,54,,,2,100,,6723,54,,,2
2704,'SAM',701,,6749,54,,,2,101,,6746,54,,,2,100,,6744,54,,,2,56,,6748,54,,,2,144,,6750,54,,,2,56,,6743,54,,,2,145,,6734,54,,,2,56,,6745,54,,,2,146,,6747,54,,,2,106,,6739,54,,,2,95,,6741,54,,,2,100,,6742,54,,,2,98,,6737,54,,,2,100,,6740,54,,,2,98,,6736,54,,,2,100,,6738,54,,,2,99,,6735,54,,,2
2704,'SEM',626,,6770,54,,,2,30,,6754,54,,,2,75,,6752,54,,,2,24,,6757,54,,,2,64,,6772,54,,,2,29,,6769,54,,,2,79,,6751,54,,,2,79,,6756,54,,,2,96,,6773,54,,,2,110,,6771,54,,,2,95,,6753,54,,,2,50,,6774,54,,,2,101,,6760,54,,,2,146,,6755,54,,,2,39,,6759,54,,,2,79,,6758,54,,,2,16,,6767,54,,,2,67,,6763,54,,,2,33,,6765,54,,,2,73,,6764,54,,,2,99,,6762,54,,,2,45,,6768,54,,,2,99,,6761,54,,,2,99,,6766,54,,,2
3104,'DIM',634,,1107,59,,,1,103,,6844,59,,,1,101,,6843,59,,,1,102,,6848,59,,,1,103,,6851,59,,,1,100,,6852,59,,,1,101,,6849,59,,,1,101,,6845,59,,,1,102,,6847,59,,,1,102,,6835,59,,,1,96,,6846,59,,,1,101,,6850,59,,,1,97,,6838,59,,,1,100,,6837,59,,,1,99,,6839,59,,,1,99,,6836,59,,,1,99,,6842,59,,,1,97,,6841,59,,,1,100,,6840,59,,,1
3104,'SAM',533,,6869,59,,,1,99,,6863,59,,,1,105,,6865,59,,,1,102,,6868,59,,,1,101,,6866,59,,,1,102,,6870,59,,,1,99,,6872,59,,,1,101,,6853,59,,,1,103,,6862,59,,,1,101,,6867,59,,,1,101,,6864,59,,,1,102,,6871,59,,,1,97,,6856,59,,,1,99,,6857,59,,,1,98,,6859,59,,,1,99,,6854,59,,,1,99,,6860,59,,,1,99,,6861,59,,,1,97,,6855,59,,,1,100,,6858,59,,,1
3104,'SEM',505,,6889,59,,,1,31,,1143,59,,,1,86,,6890,59,,,1,22,,6892,59,,,1,64,,6875,59,,,1,34,,6877,59,,,1,72,,6888,59,,,1,30,,6874,59,,,1,69,,6876,59,,,1,31,,6893,59,,,1,100,,6895,59,,,1,100,,6894,59,,,1,100,,6873,59,,,1,100,,6891,59,,,1,101,,6878,59,,,1,105,,6879,59,,,1,102,,6882,59,,,1,100,,6880,59,,,1,96,,6887,59,,,1,97,,6884,59,,,1,101,,6885,59,,,1,99,,6881,59,,,1,98,,6883,59,,,1,105,,6886,59,,,1
4304,'DIM',510,,2049,34,,,1,103,,2043,34,,,1,102,,7817,34,,,1,102,,7818,34,,,1,101,,7819,34,,,1,100,,7812,34,,,1,107,,7813,34,,,1,102,,7820,34,,,1,99,,7823,34,,,1,102,,7821,34,,,1,98,,7824,34,,,1,102,,7822,34,,,1,99,,7807,34,,,1,104,,7811,34,,,1,95,,7816,34,,,1,100,,7815,34,,,1,100,,7809,34,,,1,99,,7808,34,,,1,99,,7810,34,,,1,91,,7814,34,,,1
4304,'SAM',510,,2068,34,,,1,103,,7835,34,,,1,102,,7831,34,,,1,102,,7832,34,,,1,101,,7836,34,,,1,104,,7839,34,,,1,104,,7842,34,,,1,101,,7840,34,,,1,100,,7825,34,,,1,104,,7841,34,,,1,98,,7838,34,,,1,98,,7837,34,,,1,100,,7844,34,,,1,99,,7843,34,,,1,102,,7826,34,,,1,98,,7828,34,,,1,100,,7827,34,,,1,99,,7833,34,,,1,99,,7830,34,,,1,91,,7829,34,,,1,100,,7834,34,,,1
4304,'SEM',531,,7870,34,,,1,74,,7873,34,,,1,36,,7846,34,,,1,60,,7850,34,,,1,20,,7853,34,,,1,22,,7860,34,,,1,63,,7874,34,,,1,27,,7866,34,,,1,73,,7849,34,,,1,29,,7852,34,,,1,73,,7857,34,,,1,28,,7848,34,,,1,70,,7845,34,,,1,30,,7877,34,,,1,70,,7861,34,,,1,30,,7851,34,,,1,70,,7875,34,,,1,30,,7876,34,,,1,70,,7856,34,,,1,32,,7858,34,,,1,71,,7855,34,,,1,31,,7847,34,,,1,72,,7859,34,,,1,26,,7854,34,,,1,70,,7864,34,,,1,96,,7863,34,,,1,54,,7862,34,,,1,99,,7872,34,,,1,100,,7868,34,,,1,99,,7869,34,,,1,100,,7865,34,,,1,150,,7867,34,,,1,21,,7871,34,,,1
4804,'DIM',611,,2444,64,,,1,110,,8225,64,,,1,103,,8224,64,,,1,108,,8221,64,,,1,108,,8226,64,,,1,101,,8223,64,,,1,99,,8227,64,,,1,104,,8229,64,,,1,97,,8222,64,,,1,106,,8228,64,,,1,100,,8216,64,,,1,99,,8219,64,,,1,97,,8217,64,,,1,98,,8220,64,,,1,97,,8215,64,,,1,100,,8213,64,,,1,100,,8218,64,,,1,99,,8214,64,,,1
4804,'SAM',610,,8241,64,,,1,113,,8246,64,,,1,102,,8243,64,,,1,107,,8230,64,,,1,108,,8244,64,,,1,101,,8248,64,,,1,100,,8247,64,,,1,97,,8249,64,,,1,107,,8245,64,,,1,102,,8231,64,,,1,100,,8234,64,,,1,99,,8238,64,,,1,97,,8235,64,,,1,98,,8232,64,,,1,97,,8242,64,,,1,100,,8239,64,,,1,100,,8233,64,,,1,99,,8236,64,,,1,92,,8237,64,,,1,26,,8240,64,,,1
4804,'SEM',542,,2475,64,,,1,85,,8270,64,,,1,21,,8272,64,,,1,60,,8252,64,,,1,24,,8263,64,,,1,25,,8266,64,,,1,59,,8258,64,,,1,22,,8275,64,,,1,69,,8253,64,,,1,29,,8256,64,,,1,70,,8255,64,,,1,30,,8271,64,,,1,67,,8276,64,,,1,107,,8273,64,,,1,100,,8274,64,,,1,101,,8250,64,,,1,99,,8260,64,,,1,39,,8257,64,,,1,74,,8254,64,,,1,77,,8251,64,,,1,51,,8261,64,,,1,68,,8268,64,,,1,103,,8259,64,,,1,106,,8265,64,,,1,103,,8264,64,,,1,97,,8262,64,,,1,98,,8269,64,,,1,100,,8267,64,,,1
5802,'DIM',628,,8843,62,,,2,101,,8840,62,,,2,93,,3051,62,,,2,100,,8834,62,,,2,100,,8835,62,,,2,99,,8839,62,,,2,100,,8836,62,,,2,101,,8833,62,,,2,101,,8837,62,,,2,100,,8841,62,,,2,98,,8838,62,,,2,109,,8842,62,,,2,94,,8827,62,,,2,99,,8829,62,,,2,99,,8832,62,,,2,99,,8830,62,,,2,99,,8831,62,,,2,99,,8828,62,,,2
5802,'SAM',628,,8859,62,,,2,101,,8844,62,,,2,93,,8857,62,,,2,100,,8860,62,,,2,100,,8848,62,,,2,99,,8850,62,,,2,103,,8858,62,,,2,98,,8853,62,,,2,106,,8856,62,,,2,94,,8845,62,,,2,111,,8847,62,,,2,99,,8861,62,,,2,92,,8846,62,,,2,99,,8854,62,,,2,102,,8852,62,,,2,96,,8849,62,,,2,99,,8851,62,,,2,99,,8855,62,,,2
5802,'SEM',550,,8881,62,,,2,67,,8865,62,,,2,39,,8885,62,,,2,53,,8864,62,,,2,18,,8886,54,,,2,9,,8883,62,,,2,70,,8868,62,,,2,16,,8862,62,,,2,82,,8863,62,,,2,41,,8870,62,,,2,100,,8869,62,,,2,100,,8882,62,,,2,100,,8866,62,,,2,101,,8884,62,,,2,102,,8867,62,,,2,65,,8874,62,,,2,31,,8871,62,,,2,105,,8873,62,,,2,69,,8880,62,,,2,98,,8875,62,,,2,99,,8876,62,,,2,86,,8872,62,,,2,57,,8879,62,,,2,100,,8877,62,,,2,100,,8878,62,,,2
6001,'DIM',818,,8888,58,,,1,103,,8896,58,,,1,101,,8895,58,,,1,103,,8899,58,,,1,105,,8897,58,,,1,107,,8901,58,,,1,100,,8898,58,,,1,101,,8900,58,,,1,100,,8902,58,,,1,98,,8887,58,,,1,94,,8903,58,,,1,95,,8894,58,,,1,97,,8890,58,,,1,97,,8889,58,,,1,97,,8892,58,,,1,100,,8891,58,,,1,100,,8893,58,,,1
6001,'SAM',713,,8907,58,,,1,105,,8917,58,,,1,103,,8916,58,,,1,95,,8919,58,,,1,109,,8915,58,,,1,105,,8913,58,,,1,107,,8921,58,,,1,100,,8920,58,,,1,107,,8914,58,,,1,94,,8918,58,,,1,98,,8905,58,,,1,94,,8909,58,,,1,95,,8910,58,,,1,97,,8904,58,,,1,97,,8908,58,,,1,97,,8906,58,,,1,100,,8912,58,,,1,100,,8911,58,,,1
6001,'SEM',555,,8938,58,,,1,146,,8922,58,,,1,55,,8923,58,,,1,72,,8925,58,,,1,85,,8928,58,,,1,92,,8939,58,,,1,103,,8940,58,,,1,99,,8924,58,,,1,101,,8926,58,,,1,102,,8941,58,,,1,100,,8930,58,,,1,101,,8927,58,,,1,108,,8933,58,,,1,97,,8929,58,,,1,92,,8936,58,,,1,96,,8932,58,,,1,49,,8935,58,,,1,99,,8937,58,,,1,95,,8931,58,,,1,100,,8934,58,,,1
7001,'DIM',744,,9555,82,,,1,100,,9558,82,,,1,102,,9557,82,,,1,100,,9561,82,,,1,66,,9562,82,,,1,31,,9564,82,,,1,64,,9559,82,,,1,43,,9563,82,,,1,60,,9560,82,,,1,38,,9566,82,,,1,71,,9565,82,,,1,32,,9542,82,,,1,61,,9556,82,,,1,38,,9541,82,,,1,60,,9546,82,,,1,34,,9543,82,,,1,75,,9548,82,,,1,32,,9545,82,,,1,74,,9547,82,,,1,30,,9552,82,,,1,94,,9550,82,,,1,99,,9549,82,,,1,100,,9544,82,,,1,99,,9553,82,,,1,98,,9554,82,,,1,96,,9551,82,,,1
7001,'SAM',744,,9587,82,,,1,100,,9585,82,,,1,102,,9590,82,,,1,100,,9586,82,,,1,67,,9592,82,,,1,28,,9591,82,,,1,67,,9589,82,,,1,42,,9567,82,,,1,64,,9568,82,,,1,33,,9588,82,,,1,67,,9570,82,,,1,33,,9584,82,,,1,64,,9569,82,,,1,39,,9572,82,,,1,69,,9573,82,,,1,27,,9576,82,,,1,71,,9571,82,,,1,34,,9577,82,,,1,74,,9578,82,,,1,30,,9581,82,,,1,94,,9580,82,,,1,99,,9582,82,,,1,100,,9579,82,,,1,99,,9575,82,,,1,99,,9574,82,,,1,95,,9583,82,,,1
7001,'SEM',559,,9594,82,,,1,58,,9628,82,,,1,29,,9598,82,,,1,54,,9627,82,,,1,31,,9607,82,,,1,70,,9626,82,,,1,35,,9597,82,,,1,15,,9602,82,,,1,73,,9593,82,,,1,27,,9603,82,,,1,67,,9604,82,,,1,35,,9599,82,,,1,67,,9624,82,,,1,30,,9625,82,,,1,71,,9613,82,,,1,29,,9596,82,,,1,72,,9595,82,,,1,30,,9600,82,,,1,72,,9605,82,,,1,29,,9606,82,,,1,78,,9608,82,,,1,70,,9610,82,,,1,29,,9614,82,,,1,26,,9616,82,,,1,79,,9601,82,,,1,67,,9619,82,,,1,29,,9620,82,,,1,25,,9615,82,,,1,80,,9611,82,,,1,75,,9609,82,,,1,41,,9618,82,,,1,100,,9612,82,,,1,101,,9617,82,,,1,104,,9622,82,,,1,91,,9621,82,,,1,174,,9623,82,,,1
7304,'DIM',549,,4008,77,,,1,70,,3997,77,,,1,102,,9816,77,,,1,101,,9822,77,,,1,102,,9817,77,,,1,103,,9819,77,,,1,101,,9815,77,,,1,100,,9818,77,,,1,101,,9820,77,,,1,101,,9809,77,,,1,101,,9814,77,,,1,101,,9821,77,,,1,100,,9823,77,,,1,98,,9807,77,,,1,98,,9808,77,,,1,99,,9805,77,,,1,99,,9810,77,,,1,99,,9812,77,,,1,97,,9806,77,,,1,100,,9811,77,,,1,99,,9813,77,,,1
7304,'SAM',549,,9846,77,,,1,70,,9834,77,,,1,104,,9838,77,,,1,99,,9826,77,,,1,102,,9842,77,,,1,103,,9840,77,,,1,102,,9827,77,,,1,101,,9839,77,,,1,99,,9843,77,,,1,101,,9841,77,,,1,101,,9824,77,,,1,102,,9844,77,,,1,99,,9845,77,,,1,98,,9830,77,,,1,98,,9825,77,,,1,99,,9832,77,,,1,99,,9831,77,,,1,99,,9828,77,,,1,97,,9829,77,,,1,100,,9833,77,,,1,99,,9835,77,,,1,100,,9837,77,,,1,99,,9836,77,,,1
7304,'SEM',513,,9876,77,,,1,45,,9874,77,,,1,82,,9885,77,,,1,18,,9887,77,,,1,67,,9886,77,,,1,12,,9853,77,,,1,12,,9882,77,,,1,53,,9859,77,,,1,21,,9862,77,,,1,16,,9883,77,,,1,15,,9854,77,,,1,66,,9851,77,,,1,29,,9857,77,,,1,82,,9866,77,,,1,69,,9852,77,,,1,30,,9849,77,,,1,70,,9888,77,,,1,30,,9861,77,,,1,75,,9855,77,,,1,26,,9884,77,,,1,70,,9856,77,,,1,30,,9863,77,,,1,70,,9889,77,,,1,32,,9850,77,,,1,82,,9864,77,,,1,13,,9848,77,,,1,19,,9847,77,,,1,75,,9858,77,,,1,15,,9871,77,,,1,65,,9870,77,,,1,33,,9860,77,,,1,73,,9877,77,,,1,23,,9875,77,,,1,72,,9867,77,,,1,26,,9873,77,,,1,71,,9879,77,,,1,31,,9865,77,,,1,27,,9868,77,,,1,70,,9880,77,,,1,28,,9869,77,,,1,70,,9872,77,,,1,99,,9878,77,,,1,93,,9881,77,,,1
7402,'DIM',649,,9951,90,,,2,103,,9955,90,,,2,102,,9954,90,,,2,102,,9956,90,,,2,102,,9958,90,,,2,101,,9947,90,,,2,100,,9952,90,,,2,141,,9953,90,,,2,102,,9957,90,,,2,99,,9959,90,,,2,99,,9960,90,,,2,100,,9944,90,,,2,58,,9946,90,,,2,98,,9948,90,,,2,99,,9950,90,,,2,100,,9949,90,,,2,98,,9945,90,,,2
7402,'SAM',649,,9971,90,,,2,103,,9974,90,,,2,100,,9962,90,,,2,102,,9976,90,,,2,104,,9975,90,,,2,101,,9970,90,,,2,99,,9973,90,,,2,101,,9972,90,,,2,143,,9961,90,,,2,99,,9977,90,,,2,100,,9964,90,,,2,57,,9965,90,,,2,98,,9966,90,,,2,100,,9969,90,,,2,98,,9963,90,,,2,100,,9967,90,,,2,98,,9968,90,,,2
7402,'SEM',614,,9995,90,,,2,89,,9996,90,,,2,16,,9981,90,,,2,87,,9985,90,,,2,96,,9980,90,,,2,98,,9983,90,,,2,58,,9992,90,,,2,100,,9984,90,,,2,100,,9993,90,,,2,100,,9978,90,,,2,100,,9982,90,,,2,147,,9979,90,,,2,98,,9987,90,,,2,100,,9991,90,,,2,56,,9986,90,,,2,97,,9990,90,,,2,99,,9994,90,,,2,99,,9989,90,,,2,100,,9988,90,,,2
34504,'SEM',2529,,10854,39,,,1,117,,10853,39,,,1
