2602,'DIM',627,,767,8,,,2,23,,6529,8,,,2,67,,782,8,,,2,30,,6534,8,,,2,70,,6530,8,,,2,31,,6527,8,,,2,70,,6537,8,,,2,29,,6531,8,,,2,65,,6533,8,,,2,25,,6536,8,,,2,20,,6541,8,,,2,60,,6526,8,,,2,20,,6498,8,,,2,20,,6535,8,,,2,60,,6502,8,,,2,20,,6538,8,,,2,20,,6524,8,,,2,63,,6525,8,,,2,18,,6528,8,,,2,20,,6503,8,,,2,58,,6532,8,,,2,22,,6504,8,,,2,20,,6506,8,,,2,60,,6507,8,,,2,19,,6509,8,,,2,22,,6540,8,,,2,57,,6513,8,,,2,21,,6515,8,,,2,63,,6519,8,,,2,42,,6539,8,,,2,70,,6516,8,,,2,30,,6508,8,,,2,70,,6501,8,,,2,30,,6499,8,,,2,70,,6505,8,,,2,29,,6514,8,,,2,70,,6500,8,,,2,30,,6512,8,,,2,70,,6510,8,,,2,30,,6522,8,,,2,69,,6520,8,,,2,30,,6511,8,,,2,69,,6517,8,,,2,30,,6518,8,,,2,85,,6521,8,,,2,78,,6523,8,,,2
2602,'SAM',627,,6573,8,,,2,23,,6576,8,,,2,67,,834,8,,,2,32,,6579,8,,,2,68,,6581,8,,,2,31,,6569,8,,,2,70,,6580,8,,,2,29,,6574,8,,,2,64,,6571,8,,,2,24,,6583,8,,,2,22,,6586,8,,,2,60,,6544,8,,,2,20,,6575,8,,,2,20,,6543,8,,,2,60,,6577,8,,,2,20,,6587,8,,,2,22,,6570,8,,,2,59,,6572,8,,,2,20,,6585,8,,,2,19,,6578,8,,,2,60,,6584,8,,,2,21,,6545,8,,,2,20,,6546,8,,,2,60,,6549,8,,,2,18,,6550,8,,,2,22,,6547,8,,,2,59,,6556,8,,,2,22,,6557,8,,,2,20,,6553,8,,,2,83,,6582,8,,,2,70,,6558,8,,,2,30,,6559,8,,,2,73,,6561,8,,,2,25,,6567,8,,,2,73,,6551,8,,,2,28,,6560,8,,,2,72,,6562,8,,,2,29,,6554,8,,,2,69,,6548,8,,,2,29,,6563,8,,,2,70,,6555,8,,,2,25,,6552,8,,,2,74,,6564,8,,,2,28,,6565,8,,,2,87,,6568,8,,,2,79,,6566,8,,,2
2602,'SEM',504,,6622,8,,,2,32,,6589,8,,,2,66,,6650,8,,,2,25,,6648,8,,,2,14,,6647,8,,,2,59,,6646,8,,,2,25,,6653,8,,,2,19,,6611,8,,,2,13,,6606,8,,,2,53,,6595,8,,,2,15,,6612,8,,,2,14,,6614,8,,,2,15,,6609,8,,,2,62,,6654,8,,,2,18,,6600,8,,,2,17,,6605,8,,,2,62,,6613,8,,,2,20,,6616,8,,,2,20,,6645,8,,,2,60,,6596,8,,,2,20,,6590,8,,,2,20,,6619,8,,,2,61,,6644,8,,,2,20,,6649,8,,,2,20,,6604,8,,,2,60,,6603,8,,,2,19,,6652,8,,,2,20,,6655,8,,,2,60,,6618,8,,,2,19,,6597,8,,,2,19,,6651,8,,,2,57,,6594,8,,,2,6,,6591,8,,,2,4,,6592,8,,,2,6,,6615,8,,,2,16,,6601,8,,,2,15,,6607,8,,,2,56,,6598,8,,,2,17,,6599,8,,,2,8,,6632,8,,,2,8,,6624,8,,,2,8,,6634,8,,,2,48,,6626,8,,,2,8,,6593,8,,,2,8,,6610,8,,,2,6,,6602,8,,,2,10,,6623,8,,,2,12,,6608,8,,,2,9,,6617,8,,,2,60,,6637,8,,,2,19,,6625,8,,,2,21,,6639,8,,,2,59,,6628,8,,,2,20,,6620,8,,,2,20,,6638,8,,,2,60,,6621,8,,,2,20,,6641,8,,,2,20,,6627,8,,,2,60,,6631,8,,,2,30,,6630,8,,,2,75,,6633,8,,,2,39,,6635,8,,,2,70,,6640,8,,,2,24,,6629,8,,,2,75,,6643,8,,,2,26,,6636,8,,,2,80,,6642,8,,,2
3602,'SEM',1512,,6995,8,,,2,9,,6998,8,,,2,15,,7000,8,,,2,73,,6996,8,,,2,32,,6997,8,,,2,70,,7002,8,,,2,38,,6999,8,,,2,73,,7001,8,,,2,27,,7003,8,,,2
4603,'DIM',641,,8014,8,,,1,104,,8015,8,,,1,100,,8013,8,,,1,101,,8018,8,,,1,100,,8019,8,,,1,99,,8020,8,,,1,102,,8016,8,,,1,95,,8001,8,,,1,107,,8017,8,,,1,96,,8005,8,,,1,103,,8007,8,,,1,105,,8002,8,,,1,94,,8010,8,,,1,100,,8003,8,,,1,100,,8008,8,,,1,100,,8011,8,,,1,100,,8004,8,,,1,99,,8009,8,,,1,100,,8006,8,,,1,155,,8012,8,,,1
4603,'SAM',641,,8034,8,,,1,104,,8035,8,,,1,100,,8039,8,,,1,101,,8037,8,,,1,100,,8036,8,,,1,101,,8040,8,,,1,97,,8021,8,,,1,101,,8033,8,,,1,105,,8032,8,,,1,97,,8038,8,,,1,100,,8023,8,,,1,101,,8026,8,,,1,101,,8031,8,,,1,98,,8024,8,,,1,103,,8027,8,,,1,97,,8022,8,,,1,100,,8025,8,,,1,99,,8028,8,,,1,100,,8030,8,,,1,155,,8029,8,,,1
4603,'SEM',648,,8070,8,,,1,103,,8048,8,,,1,70,,8053,8,,,1,33,,8049,8,,,1,70,,8042,8,,,1,29,,8051,8,,,1,70,,8059,8,,,1,30,,8072,8,,,1,70,,8073,8,,,1,30,,8074,8,,,1,70,,8071,8,,,1,30,,8041,8,,,1,69,,8044,8,,,1,30,,8043,8,,,1,70,,8056,8,,,1,35,,8046,8,,,1,56,,8045,8,,,1,17,,8060,8,,,1,22,,8052,8,,,1,54,,8057,8,,,1,19,,8047,8,,,1,20,,8054,8,,,1,60,,8066,8,,,1,19,,8061,8,,,1,17,,8050,8,,,1,69,,8069,8,,,1,29,,8055,8,,,1,69,,8068,8,,,1,39,,8067,8,,,1,101,,8058,8,,,1,100,,8062,8,,,1,99,,8065,8,,,1,104,,8063,8,,,1,104,,8064,8,,,1
6001,'DIM',741,,8888,4,,,1,101,,8896,4,,,1,100,,8895,4,,,1,102,,8899,4,,,1,103,,8897,4,,,1,105,,8901,4,,,1,100,,8898,4,,,1,101,,8900,4,,,1,100,,8902,4,,,1,98,,8887,4,,,1,98,,8903,4,,,1,98,,8894,4,,,1,98,,8890,4,,,1,98,,8889,4,,,1,98,,8892,4,,,1,100,,8891,4,,,1,100,,8893,4,,,1
6001,'SAM',641,,8907,4,,,1,100,,8917,4,,,1,101,,8916,4,,,1,94,,8919,4,,,1,108,,8915,4,,,1,103,,8913,4,,,1,105,,8921,4,,,1,100,,8920,4,,,1,107,,8914,4,,,1,94,,8918,4,,,1,98,,8905,4,,,1,98,,8909,4,,,1,98,,8910,4,,,1,98,,8904,4,,,1,98,,8908,4,,,1,98,,8906,4,,,1,100,,8912,4,,,1,100,,8911,4,,,1
6001,'SEM',522,,8938,4,,,1,102,,8922,4,,,1,92,,8923,4,,,1,31,,8925,4,,,1,84,,8928,4,,,1,91,,8939,4,,,1,102,,8940,4,,,1,99,,8924,4,,,1,100,,8926,4,,,1,100,,8941,4,,,1,100,,8930,4,,,1,98,,8927,4,,,1,108,,8933,4,,,1,101,,8929,4,,,1,96,,8936,4,,,1,100,,8932,4,,,1,90,,8935,4,,,1,100,,8937,4,,,1,96,,8931,4,,,1,100,,8934,4,,,1
22602,'SEM',1532,,10721,8,,,2,16,,10725,8,,,2,55,,10722,8,,,2,17,,10719,8,,,2,183,,10720,8,,,2,20,,10723,8,,,2,20,,10724,8,,,2
