4604,'DIM',542,,2298,55,,,1,100,,2304,55,,,1,101,,8085,55,,,1,100,,8086,55,,,1,101,,8083,55,,,1,102,,8088,55,,,1,103,,8090,55,,,1,99,,8091,55,,,1,96,,8084,55,,,1,102,,8075,55,,,1,107,,8087,55,,,1,96,,8078,55,,,1,102,,8079,55,,,1,98,,8089,55,,,1,99,,8081,55,,,1,100,,8076,55,,,1,100,,8080,55,,,1,99,,8082,55,,,1,100,,8077,55,,,1
4604,'SAM',542,,8093,55,,,1,100,,2327,55,,,1,101,,8104,55,,,1,100,,8105,55,,,1,101,,8109,55,,,1,102,,8107,55,,,1,103,,8106,55,,,1,101,,8110,55,,,1,97,,8092,55,,,1,102,,8103,55,,,1,105,,8102,55,,,1,97,,8108,55,,,1,99,,8095,55,,,1,99,,8098,55,,,1,99,,8101,55,,,1,100,,8096,55,,,1,100,,8099,55,,,1,95,,8094,55,,,1,100,,8097,55,,,1,103,,8100,55,,,1
4604,'SEM',504,,8142,55,,,1,48,,8137,55,,,1,68,,8139,55,,,1,27,,8111,55,,,1,63,,8117,55,,,1,12,,8119,55,,,1,11,,8122,55,,,1,68,,8112,55,,,1,33,,8125,55,,,1,25,,8120,55,,,1,71,,8126,55,,,1,25,,8121,55,,,1,70,,8114,55,,,1,30,,8123,55,,,1,70,,8131,55,,,1,30,,8140,55,,,1,70,,8141,55,,,1,30,,8143,55,,,1,70,,8138,55,,,1,76,,8113,55,,,1,24,,8116,55,,,1,32,,8115,55,,,1,73,,8129,55,,,1,84,,8118,55,,,1,34,,8132,55,,,1,61,,8124,55,,,1,94,,8127,55,,,1,51,,8135,55,,,1,95,,8128,55,,,1,99,,8136,55,,,1,99,,8130,55,,,1,100,,8133,55,,,1,99,,8134,55,,,1
6002,'DIM',725,,8943,46,,,1,102,,8952,46,,,1,101,,8951,46,,,1,101,,8955,46,,,1,103,,8953,46,,,1,104,,8957,46,,,1,100,,8954,46,,,1,100,,8956,46,,,1,100,,8958,46,,,1,99,,8942,46,,,1,99,,8959,46,,,1,97,,8949,46,,,1,97,,8945,46,,,1,100,,8944,46,,,1,99,,8947,46,,,1,100,,8946,46,,,1,99,,8948,46,,,1,97,,8950,46,,,1
6002,'SAM',725,,8973,46,,,1,102,,8972,46,,,1,95,,8975,46,,,1,107,,8971,46,,,1,103,,8969,46,,,1,104,,8977,46,,,1,100,,8976,46,,,1,97,,8970,46,,,1,103,,8974,46,,,1,99,,8961,46,,,1,99,,8965,46,,,1,97,,8966,46,,,1,97,,8960,46,,,1,100,,8964,46,,,1,99,,8962,46,,,1,100,,8968,46,,,1,99,,8967,46,,,1,97,,8963,46,,,1
6002,'SEM',702,,8978,46,,,1,124,,8994,46,,,1,82,,8993,46,,,1,102,,8981,46,,,1,96,,8980,46,,,1,101,,8982,46,,,1,100,,8996,46,,,1,100,,8995,46,,,1,97,,8983,46,,,1,106,,8979,46,,,1,102,,8984,46,,,1,98,,8990,46,,,1,95,,8986,46,,,1,97,,8989,46,,,1,57,,8992,46,,,1,99,,8985,46,,,1,98,,8988,46,,,1,89,,8987,46,,,1,100,,8991,46,,,1
15104,'DIM',621,,10512,40,,,2,31,,10534,40,,,2,69,,10536,40,,,2,22,,10531,40,,,2,74,,10529,40,,,2,28,,10515,40,,,2,80,,10537,40,,,2,25,,10532,40,,,2,75,,10530,40,,,2,75,,10527,40,,,2,37,,10538,40,,,2,67,,10543,40,,,2,37,,10535,40,,,2,75,,10528,40,,,2,37,,10539,40,,,2,69,,10533,40,,,2,37,,10541,40,,,2,75,,10516,40,,,2,77,,10540,40,,,2,29,,10544,40,,,2,77,,10542,40,,,2,33,,10517,40,,,2,77,,10523,40,,,2,27,,10525,40,,,2,73,,10513,40,,,2,31,,10519,40,,,2,74,,10524,40,,,2,27,,10526,40,,,2,69,,10514,40,,,2,31,,10518,40,,,2,99,,10520,40,,,2,101,,10521,40,,,2,60,,10522,40,,,2
15104,'SAM',621,,10564,40,,,2,31,,10567,40,,,2,69,,10570,40,,,2,23,,10568,40,,,2,73,,10562,40,,,2,28,,10565,40,,,2,80,,10571,40,,,2,25,,10569,40,,,2,75,,10563,40,,,2,31,,10566,40,,,2,81,,10572,40,,,2,67,,10576,40,,,2,37,,10560,40,,,2,74,,10574,40,,,2,38,,10573,40,,,2,69,,10577,40,,,2,79,,10561,40,,,2,32,,10545,40,,,2,78,,10575,40,,,2,29,,10549,40,,,2,77,,10547,40,,,2,32,,10546,40,,,2,78,,10553,40,,,2,27,,10557,40,,,2,73,,10548,40,,,2,31,,10555,40,,,2,74,,10554,40,,,2,27,,10558,40,,,2,72,,10559,40,,,2,28,,10556,40,,,2,99,,10550,40,,,2,101,,10551,40,,,2,60,,10552,40,,,2
15104,'SEM',455,,10628,40,,,2,72,,10595,40,,,2,14,,10625,40,,,2,64,,10632,40,,,2,26,,10635,40,,,2,12,,10639,40,,,2,13,,10582,40,,,2,46,,10583,40,,,2,4,,10586,40,,,2,5,,10588,40,,,2,4,,10590,40,,,2,8,,10578,40,,,2,11,,10634,40,,,2,8,,10596,40,,,2,13,,10626,40,,,2,56,,10633,40,,,2,18,,10579,40,,,2,10,,10591,40,,,2,15,,10580,40,,,2,46,,10598,40,,,2,14,,10587,40,,,2,27,,10594,40,,,2,62,,10597,40,,,2,20,,10593,40,,,2,19,,10627,40,,,2,17,,10620,40,,,2,61,,10630,40,,,2,31,,10629,40,,,2,60,,10631,40,,,2,19,,10636,40,,,2,19,,10637,40,,,2,59,,10581,40,,,2,21,,10589,40,,,2,72,,10638,40,,,2,21,,10640,40,,,2,21,,10602,40,,,2,62,,10592,40,,,2,21,,10605,40,,,2,28,,10607,40,,,2,59,,10585,40,,,2,21,,10584,40,,,2,24,,10600,40,,,2,57,,10603,40,,,2,16,,10599,40,,,2,18,,10608,40,,,2,58,,10609,40,,,2,14,,10614,40,,,2,14,,10611,40,,,2,15,,10612,40,,,2,59,,10601,40,,,2,20,,10621,40,,,2,19,,10624,40,,,2,66,,10619,40,,,2,30,,10623,40,,,2,72,,10604,40,,,2,29,,10606,40,,,2,70,,10610,40,,,2,30,,10613,40,,,2,70,,10615,40,,,2,22,,10616,40,,,2,63,,10618,40,,,2,36,,10617,40,,,2,80,,10622,40,,,2
25104,'SEM',720,,10734,24,,,1,7,,10735,24,,,1,11,,10736,24,,,1,14,,10737,24,,,1,52,,10738,24,,,1,18,,10733,24,,,1
