1703,'DIM',629,,5836,21,,,1,84,,94,21,,,1,99,,5826,21,,,1,99,,5831,21,,,1,99,,5832,21,,,1,101,,5835,21,,,1,101,,5833,21,,,1,100,,5837,21,,,1,101,,5839,21,,,1,99,,5830,21,,,1,102,,5834,21,,,1,96,,5822,21,,,1,100,,5838,21,,,1,99,,5825,21,,,1,102,,5823,21,,,1,99,,5824,21,,,1,101,,5827,21,,,1,100,,89,21,,,1,102,,5829,21,,,1,120,,5828,21,,,1
1703,'SAM',545,,5851,21,,,1,84,,5843,21,,,1,84,,5850,21,,,1,98,,5856,21,,,1,100,,5853,21,,,1,100,,5854,21,,,1,102,,5852,21,,,1,99,,5858,21,,,1,100,,5849,21,,,1,101,,5855,21,,,1,99,,5859,21,,,1,102,,5857,21,,,1,97,,5860,21,,,1,99,,5840,21,,,1,98,,5841,21,,,1,101,,5842,21,,,1,99,,5848,21,,,1,103,,5846,21,,,1,100,,5847,21,,,1,103,,5844,21,,,1,121,,5845,21,,,1
1703,'SEM',600,,5881,21,,,1,112,,5863,21,,,1,103,,5869,21,,,1,96,,5868,21,,,1,99,,5884,21,,,1,100,,5871,21,,,1,101,,5867,21,,,1,100,,5864,21,,,1,99,,5865,21,,,1,97,,5870,21,,,1,38,,5872,21,,,1,63,,5866,21,,,1,35,,5861,21,,,1,67,,5877,21,,,1,32,,5862,21,,,1,76,,5874,21,,,1,29,,5873,21,,,1,68,,5879,21,,,1,100,,5875,21,,,1,99,,5876,21,,,1,100,,5880,21,,,1,100,,5878,21,,,1,92,,5883,21,,,1,108,,5882,21,,,1
3103,'DIM',643,,6784,23,,,1,99,,6783,23,,,1,99,,6788,23,,,1,99,,6791,23,,,1,99,,6792,23,,,1,101,,6789,23,,,1,100,,6785,23,,,1,102,,6787,23,,,1,101,,6775,23,,,1,96,,6786,23,,,1,101,,6790,23,,,1,101,,6779,23,,,1,98,,6777,23,,,1,100,,6778,23,,,1,102,,6776,23,,,1,100,,6782,23,,,1,100,,6781,23,,,1,100,,6780,23,,,1
3103,'SAM',643,,6805,23,,,1,100,,6808,23,,,1,98,,6806,23,,,1,98,,6809,23,,,1,98,,6811,23,,,1,101,,6793,23,,,1,102,,6803,23,,,1,101,,6807,23,,,1,100,,6804,23,,,1,102,,6810,23,,,1,97,,6796,23,,,1,101,,6797,23,,,1,99,,6800,23,,,1,99,,6794,23,,,1,100,,6801,23,,,1,102,,6802,23,,,1,102,,6795,23,,,1,97,,6799,23,,,1,98,,6798,23,,,1
3103,'SEM',638,,6834,23,,,1,101,,6813,23,,,1,101,,6831,23,,,1,99,,6833,23,,,1,100,,6832,23,,,1,100,,6812,23,,,1,101,,6830,23,,,1,100,,6815,23,,,1,100,,6816,23,,,1,98,,6820,23,,,1,63,,6822,23,,,1,36,,6817,23,,,1,20,,6814,23,,,1,80,,6827,23,,,1,69,,6829,23,,,1,30,,6823,23,,,1,72,,6819,23,,,1,36,,6825,23,,,1,102,,6818,23,,,1,99,,6821,23,,,1,102,,6826,23,,,1,97,,6824,23,,,1,110,,6828,23,,,1
7303,'DIM',658,,9733,21,,,1,99,,9728,21,,,1,99,,9730,21,,,1,99,,9727,21,,,1,101,,9729,21,,,1,99,,9731,21,,,1,102,,9720,21,,,1,99,,9726,21,,,1,100,,9732,21,,,1,100,,9734,21,,,1,101,,9718,21,,,1,100,,9719,21,,,1,97,,9716,21,,,1,102,,9721,21,,,1,100,,9724,21,,,1,100,,9717,21,,,1,100,,9722,21,,,1,101,,9725,21,,,1,146,,9723,21,,,1
7303,'SAM',602,,9749,21,,,1,56,,9736,21,,,1,99,,9753,21,,,1,99,,9751,21,,,1,99,,9738,21,,,1,101,,9750,21,,,1,100,,9754,21,,,1,100,,9752,21,,,1,101,,9735,21,,,1,100,,9755,21,,,1,100,,9756,21,,,1,100,,9741,21,,,1,100,,9737,21,,,1,98,,9743,21,,,1,101,,9742,21,,,1,100,,9739,21,,,1,100,,9740,21,,,1,100,,9744,21,,,1,102,,9745,21,,,1,145,,9747,21,,,1,102,,9746,21,,,1,98,,9748,21,,,1
7303,'SEM',551,,9801,21,,,1,65,,9798,21,,,1,37,,9799,21,,,1,48,,9767,21,,,1,37,,9763,21,,,1,63,,9770,21,,,1,41,,9772,21,,,1,14,,9780,21,,,1,69,,9762,21,,,1,30,,9760,21,,,1,70,,9802,21,,,1,30,,9774,21,,,1,70,,9768,21,,,1,30,,9800,21,,,1,70,,9769,21,,,1,30,,9777,21,,,1,70,,9803,21,,,1,30,,9761,21,,,1,70,,9778,21,,,1,27,,9758,21,,,1,72,,9771,21,,,1,30,,9804,21,,,1,61,,9757,21,,,1,17,,9785,21,,,1,18,,9773,21,,,1,53,,9759,21,,,1,13,,9764,21,,,1,14,,9766,21,,,1,14,,9765,21,,,1,13,,9788,21,,,1,53,,9775,21,,,1,17,,9781,21,,,1,14,,9776,21,,,1,59,,9787,21,,,1,34,,9791,21,,,1,66,,9779,21,,,1,33,,9782,21,,,1,68,,9794,21,,,1,31,,9784,21,,,1,70,,9786,21,,,1,27,,9783,21,,,1,73,,9790,21,,,1,30,,9795,21,,,1,70,,9797,21,,,1,35,,9789,21,,,1,70,,9792,21,,,1,27,,9793,21,,,1,122,,9796,21,,,1
7401,'DIM',728,,9897,21,,,2,98,,9898,21,,,2,100,,9904,21,,,2,99,,9902,21,,,2,101,,9899,21,,,2,100,,9900,21,,,2,102,,9901,21,,,2,100,,9905,21,,,2,100,,9903,21,,,2,99,,9906,21,,,2,100,,9890,21,,,2,98,,9894,21,,,2,100,,9896,21,,,2,101,,9895,21,,,2,101,,9893,21,,,2,99,,9891,21,,,2,100,,9892,21,,,2
7401,'SAM',729,,9917,21,,,2,99,,9915,21,,,2,100,,9920,21,,,2,99,,9923,21,,,2,100,,9918,21,,,2,100,,9921,21,,,2,99,,9916,21,,,2,102,,9922,21,,,2,100,,9919,21,,,2,101,,9909,21,,,2,98,,9907,21,,,2,100,,9913,21,,,2,100,,9914,21,,,2,101,,9912,21,,,2,101,,9908,21,,,2,97,,9910,21,,,2,100,,9911,21,,,2
7401,'SEM',630,,9941,21,,,2,96,,9942,21,,,2,100,,9928,21,,,2,105,,9930,21,,,2,97,,9927,21,,,2,100,,9940,21,,,2,101,,9943,21,,,2,101,,9926,21,,,2,100,,9924,21,,,2,100,,9931,21,,,2,92,,9925,21,,,2,101,,9934,21,,,2,27,,9929,21,,,2,80,,9938,21,,,2,98,,9932,21,,,2,100,,9936,21,,,2,100,,9935,21,,,2,97,,9933,21,,,2,103,,9937,21,,,2,98,,9939,21,,,2
