1703,'DIM',636,,5836,38,,,1,84,,94,38,,,1,100,,5826,38,,,1,101,,5831,38,,,1,99,,5832,38,,,1,102,,5835,38,,,1,101,,5833,38,,,1,100,,5837,38,,,1,101,,5839,38,,,1,99,,5830,38,,,1,102,,5834,38,,,1,96,,5822,38,,,1,99,,5838,38,,,1,99,,5825,38,,,1,101,,5823,38,,,1,99,,5824,38,,,1,100,,5827,38,,,1,100,,89,38,,,1,102,,5829,38,,,1,118,,5828,38,,,1
1703,'SAM',552,,5851,38,,,1,84,,5843,38,,,1,84,,5850,38,,,1,99,,5856,38,,,1,102,,5853,38,,,1,100,,5854,38,,,1,103,,5852,38,,,1,99,,5858,38,,,1,100,,5849,38,,,1,101,,5855,38,,,1,99,,5859,38,,,1,102,,5857,38,,,1,97,,5860,38,,,1,98,,5840,38,,,1,98,,5841,38,,,1,100,,5842,38,,,1,99,,5848,38,,,1,102,,5846,38,,,1,100,,5847,38,,,1,103,,5844,38,,,1,119,,5845,38,,,1
1703,'SEM',607,,5881,38,,,1,115,,5863,38,,,1,103,,5869,38,,,1,96,,5868,38,,,1,99,,5884,38,,,1,101,,5871,38,,,1,101,,5867,38,,,1,101,,5864,38,,,1,99,,5865,38,,,1,97,,5870,38,,,1,38,,5872,38,,,1,65,,5866,38,,,1,36,,5861,38,,,1,66,,5877,38,,,1,31,,5862,38,,,1,75,,5874,38,,,1,28,,5873,38,,,1,68,,5879,38,,,1,98,,5875,38,,,1,99,,5876,38,,,1,99,,5880,38,,,1,100,,5878,38,,,1,91,,5883,38,,,1,108,,5882,38,,,1
3103,'DIM',650,,6784,40,,,1,100,,6783,40,,,1,100,,6788,40,,,1,101,,6791,40,,,1,100,,6792,40,,,1,101,,6789,40,,,1,100,,6785,40,,,1,102,,6787,40,,,1,101,,6775,40,,,1,96,,6786,40,,,1,101,,6790,40,,,1,100,,6779,40,,,1,98,,6777,40,,,1,98,,6778,40,,,1,102,,6776,40,,,1,99,,6782,40,,,1,100,,6781,40,,,1,100,,6780,40,,,1
3103,'SAM',650,,6805,40,,,1,101,,6808,40,,,1,99,,6806,40,,,1,100,,6809,40,,,1,99,,6811,40,,,1,101,,6793,40,,,1,102,,6803,40,,,1,101,,6807,40,,,1,100,,6804,40,,,1,102,,6810,40,,,1,97,,6796,40,,,1,100,,6797,40,,,1,99,,6800,40,,,1,97,,6794,40,,,1,100,,6801,40,,,1,101,,6802,40,,,1,102,,6795,40,,,1,97,,6799,40,,,1,98,,6798,40,,,1
3103,'SEM',648,,6834,40,,,1,101,,6813,40,,,1,101,,6831,40,,,1,99,,6833,40,,,1,100,,6832,40,,,1,101,,6812,40,,,1,101,,6830,40,,,1,100,,6815,40,,,1,101,,6816,40,,,1,100,,6820,40,,,1,63,,6822,40,,,1,37,,6817,40,,,1,60,,6814,40,,,1,39,,6827,40,,,1,68,,6829,40,,,1,28,,6823,40,,,1,72,,6819,40,,,1,36,,6825,40,,,1,101,,6818,40,,,1,99,,6821,40,,,1,101,,6826,40,,,1,96,,6824,40,,,1,149,,6828,40,,,1
3903,'DIM',854,,7134,51,,,1,100,,1387,61,,,1,56,,7125,61,,,1,34,,7128,61,,,1,68,,7133,61,,,1,32,,7122,61,,,1,71,,7132,61,,,1,31,,7121,61,,,1,69,,7114,61,,,1,36,,7124,61,,,1,65,,7123,61,,,1,28,,7127,61,,,1,67,,7130,61,,,1,37,,7129,61,,,1,70,,7117,61,,,1,29,,7126,61,,,1,70,,7131,61,,,1,26,,7119,61,,,1,10,,7112,61,,,1,64,,7118,61,,,1,25,,7111,61,,,1,99,,7116,61,,,1,98,,7120,61,,,1,98,,7113,61,,,1,104,,7115,61,,,1
3903,'SAM',854,,7158,51,,,1,100,,7150,61,,,1,56,,7154,61,,,1,34,,7151,61,,,1,70,,7147,61,,,1,30,,7153,61,,,1,71,,7155,61,,,1,28,,7146,61,,,1,72,,7145,61,,,1,35,,7148,61,,,1,67,,7135,61,,,1,31,,7136,61,,,1,65,,7152,61,,,1,35,,7139,61,,,1,70,,7156,61,,,1,29,,7140,61,,,1,70,,7142,61,,,1,26,,7149,61,,,1,11,,7143,61,,,1,63,,7157,61,,,1,25,,7141,61,,,1,101,,7144,61,,,1,96,,7137,61,,,1,98,,1409,61,,,1,104,,7138,61,,,1
3903,'SEM',751,,7163,61,,,1,103,,7169,61,,,1,100,,7168,61,,,1,70,,7164,61,,,1,28,,7183,61,,,1,70,,7162,61,,,1,30,,7186,61,,,1,72,,7184,61,,,1,30,,7185,61,,,1,71,,7161,61,,,1,31,,7167,61,,,1,73,,7159,61,,,1,72,,7165,61,,,1,16,,7172,61,,,1,31,,7173,61,,,1,54,,7174,61,,,1,25,,7179,61,,,1,16,,7160,61,,,1,66,,7166,61,,,1,29,,7181,61,,,1,72,,7171,61,,,1,33,,7170,61,,,1,77,,7178,61,,,1,97,,7180,61,,,1,103,,7176,61,,,1,99,,7175,61,,,1,98,,7177,61,,,1,36,,7182,61,,,1
4503,'DIM',658,,7889,39,,,1,100,,2117,39,,,1,101,,2115,39,,,1,99,,7888,39,,,1,101,,7890,39,,,1,98,,7887,39,,,1,146,,7893,39,,,1,100,,7879,39,,,1,56,,7892,39,,,1,146,,7878,39,,,1,50,,7891,39,,,1,100,,7881,39,,,1,99,,7885,39,,,1,100,,7880,39,,,1,99,,7886,39,,,1,100,,7884,39,,,1,100,,7883,39,,,1,149,,7882,39,,,1
4503,'SAM',658,,7903,39,,,1,100,,7906,39,,,1,101,,7908,39,,,1,99,,7909,39,,,1,101,,7894,39,,,1,100,,7907,39,,,1,144,,7904,39,,,1,102,,7905,39,,,1,99,,7911,39,,,1,96,,7899,39,,,1,55,,7910,39,,,1,100,,7896,39,,,1,99,,7897,39,,,1,100,,7895,39,,,1,99,,7901,39,,,1,100,,7898,39,,,1,102,,7902,39,,,1,147,,7900,39,,,1
4503,'SEM',649,,7922,39,,,1,60,,7934,39,,,1,35,,7912,39,,,1,65,,7916,39,,,1,23,,7914,39,,,1,84,,7938,39,,,1,31,,7920,39,,,1,101,,7936,39,,,1,100,,7935,39,,,1,96,,7937,39,,,1,100,,7923,39,,,1,78,,7917,39,,,1,84,,7919,39,,,1,17,,7918,39,,,1,25,,7927,39,,,1,72,,7921,39,,,1,17,,7913,39,,,1,73,,7915,39,,,1,17,,7925,39,,,1,13,,7932,39,,,1,76,,7933,39,,,1,36,,7930,39,,,1,99,,7929,39,,,1,99,,7924,39,,,1,102,,7926,39,,,1,97,,7928,39,,,1,94,,7931,39,,,1
