4201,'DIM',524,,7411,32,,,2,102,,7437,32,,,2,30,,7440,32,,,2,70,,7443,32,,,2,28,,7412,32,,,2,73,,7448,32,,,2,30,,7445,32,,,2,70,,7452,32,,,2,73,,7444,32,,,2,21,,7439,32,,,2,20,,7436,32,,,2,62,,7449,32,,,2,20,,7455,32,,,2,23,,7438,32,,,2,58,,7453,32,,,2,22,,7409,32,,,2,20,,7457,32,,,2,58,,7441,32,,,2,22,,7442,32,,,2,19,,7446,32,,,2,61,,7414,32,,,2,20,,7450,32,,,2,15,,7415,32,,,2,64,,7451,32,,,2,21,,7456,32,,,2,19,,7418,32,,,2,61,,7447,32,,,2,17,,7421,32,,,2,22,,7422,32,,,2,61,,7424,32,,,2,15,,7425,32,,,2,18,,7428,32,,,2,12,,7429,32,,,2,54,,7454,32,,,2,16,,7410,32,,,2,33,,7433,32,,,2,70,,7416,32,,,2,29,,7419,32,,,2,68,,7413,32,,,2,29,,7426,32,,,2,72,,7430,32,,,2,28,,7417,32,,,2,70,,7420,32,,,2,32,,7423,32,,,2,70,,7427,32,,,2,34,,7434,32,,,2,68,,7431,32,,,2,34,,7432,32,,,2,75,,7435,32,,,2
4201,'SAM',521,,7498,32,,,2,105,,7484,32,,,2,74,,7468,32,,,2,32,,7499,32,,,2,24,,7488,32,,,2,70,,7490,32,,,2,32,,7494,32,,,2,69,,7485,32,,,2,73,,7501,32,,,2,21,,7483,32,,,2,20,,7506,32,,,2,60,,7492,32,,,2,21,,7476,32,,,2,24,,7502,32,,,2,56,,7486,32,,,2,22,,7507,32,,,2,22,,7487,32,,,2,56,,7489,32,,,2,24,,7478,32,,,2,20,,7493,32,,,2,59,,7504,32,,,2,23,,7491,32,,,2,13,,7495,32,,,2,63,,7461,32,,,2,21,,7503,32,,,2,20,,7500,32,,,2,62,,7469,32,,,2,18,,7496,32,,,2,21,,7471,32,,,2,62,,7497,32,,,2,14,,7505,32,,,2,15,,7474,32,,,2,16,,7475,32,,,2,52,,7458,32,,,2,16,,7459,32,,,2,30,,7462,32,,,2,68,,7464,32,,,2,34,,7466,32,,,2,68,,7467,32,,,2,29,,7460,32,,,2,71,,7463,32,,,2,24,,7465,32,,,2,74,,7470,32,,,2,31,,7472,32,,,2,73,,7473,32,,,2,78,,7480,32,,,2,23,,7482,32,,,2,35,,7477,32,,,2,71,,7479,32,,,2,72,,7481,32,,,2
4201,'SEM',627,,7570,18,,,2,13,,7513,32,,,2,11,,7576,18,,,2,51,,7521,32,,,2,8,,7560,32,,,2,6,,7530,32,,,2,11,,7577,18,,,2,8,,7564,32,,,2,14,,7566,32,,,2,57,,7569,32,,,2,15,,7510,32,,,2,17,,7518,32,,,2,64,,7514,32,,,2,16,,7523,32,,,2,29,,7558,32,,,2,9,,7565,32,,,2,65,,7556,32,,,2,16,,7511,32,,,2,64,,7561,32,,,2,21,,7562,32,,,2,14,,7557,32,,,2,66,,7563,32,,,2,20,,7559,32,,,2,20,,7567,32,,,2,60,,7512,32,,,2,15,,7529,32,,,2,20,,7527,32,,,2,15,,7509,32,,,2,56,,7520,32,,,2,15,,7531,32,,,2,16,,7528,32,,,2,16,,7526,32,,,2,54,,7516,32,,,2,15,,7525,32,,,2,2,,7535,32,,,2,7,,7568,32,,,2,8,,7538,32,,,2,8,,7542,32,,,2,8,,7545,32,,,2,48,,7548,32,,,2,6,,7517,32,,,2,9,,7571,18,,,2,5,,7508,32,,,2,7,,7572,18,,,2,8,,7522,32,,,2,10,,7540,32,,,2,8,,7515,32,,,2,51,,7551,32,,,2,10,,7519,32,,,2,10,,7524,32,,,2,10,,7544,32,,,2,9,,7532,32,,,2,10,,7541,32,,,2,51,,7546,32,,,2,7,,7536,32,,,2,13,,7539,32,,,2,15,,7550,32,,,2,15,,7543,32,,,2,70,,7555,32,,,2,71,,7553,32,,,2,30,,7533,32,,,2,70,,7534,32,,,2,40,,7537,32,,,2,69,,7547,32,,,2,33,,7573,18,,,2,70,,7549,32,,,2,30,,7574,18,,,2,72,,7552,32,,,2,30,,7575,18,,,2,90,,7554,32,,,2
4803,'DIM',705,,8156,12,,,1,103,,8152,12,,,1,102,,8157,12,,,1,100,,8155,12,,,1,99,,8158,12,,,1,102,,8161,12,,,1,96,,8153,12,,,1,104,,8159,12,,,1,100,,8154,12,,,1,99,,8160,12,,,1,102,,8149,12,,,1,100,,8162,12,,,1,100,,8146,12,,,1,100,,8144,12,,,1,99,,8150,12,,,1,100,,8145,12,,,1,100,,8148,12,,,1,30,,8147,12,,,1,161,,8151,12,,,1
4803,'SAM',607,,8179,12,,,1,99,,8175,12,,,1,102,,8163,12,,,1,102,,8176,12,,,1,100,,8181,12,,,1,100,,8180,12,,,1,95,,8182,12,,,1,106,,8177,12,,,1,100,,8178,12,,,1,100,,8174,12,,,1,99,,8164,12,,,1,102,,8167,12,,,1,100,,8165,12,,,1,100,,8172,12,,,1,100,,8170,12,,,1,99,,8166,12,,,1,100,,8168,12,,,1,100,,8169,12,,,1,30,,8171,12,,,1,161,,8173,12,,,1
4803,'SEM',533,,8185,12,,,1,68,,8199,12,,,1,20,,8203,12,,,1,38,,8209,12,,,1,73,,8186,12,,,1,70,,8189,12,,,1,21,,8188,12,,,1,33,,8198,12,,,1,75,,8212,12,,,1,105,,8207,12,,,1,100,,8208,12,,,1,100,,8211,12,,,1,94,,8210,12,,,1,80,,8193,12,,,1,30,,8187,12,,,1,75,,8184,12,,,1,31,,8191,12,,,1,65,,8194,12,,,1,29,,8190,12,,,1,72,,8183,12,,,1,29,,8192,12,,,1,71,,8195,12,,,1,89,,8201,12,,,1,104,,8200,12,,,1,100,,8197,12,,,1,99,,8196,12,,,1,100,,8205,12,,,1,54,,8202,12,,,1,91,,8204,12,,,1,79,,8206,12,,,1
5801,'DIM',526,,8777,12,,,2,100,,8769,12,,,2,90,,2987,12,,,2,101,,8767,12,,,2,100,,8768,12,,,2,99,,8773,12,,,2,100,,8770,12,,,2,101,,8766,12,,,2,100,,8771,12,,,2,100,,8775,12,,,2,98,,8772,12,,,2,109,,8776,12,,,2,94,,8760,12,,,2,102,,8774,12,,,2,97,,8765,12,,,2,100,,8762,12,,,2,100,,8764,12,,,2,100,,8761,12,,,2,99,,8759,12,,,2,109,,8763,12,,,2
5801,'SAM',531,,8794,12,,,2,95,,8790,12,,,2,93,,8792,12,,,2,98,,8795,12,,,2,100,,8780,12,,,2,99,,8782,12,,,2,103,,8793,12,,,2,98,,8785,12,,,2,105,,8791,12,,,2,94,,8778,12,,,2,111,,8779,12,,,2,99,,8797,12,,,2,100,,8796,12,,,2,88,,8787,12,,,2,107,,8784,12,,,2,96,,8781,12,,,2,100,,8783,12,,,2,100,,8788,12,,,2,99,,8789,12,,,2,109,,8786,12,,,2
5801,'SEM',513,,8802,12,,,2,28,,8824,12,,,2,82,,8822,12,,,2,79,,8798,12,,,2,51,,8799,12,,,2,84,,8808,12,,,2,100,,8807,12,,,2,100,,8821,12,,,2,100,,8803,12,,,2,100,,8823,12,,,2,100,,8805,12,,,2,81,,8804,12,,,2,87,,8825,12,,,2,31,,8811,12,,,2,71,,8809,12,,,2,20,,8806,12,,,2,19,,8801,12,,,2,60,,8812,12,,,2,20,,8816,12,,,2,15,,8800,12,,,2,65,,8819,12,,,2,19,,8813,12,,,2,30,,8810,12,,,2,99,,8818,12,,,2,100,,8814,12,,,2,102,,8817,12,,,2,145,,8815,12,,,2,99,,8820,12,,,2
7002,'DIM',700,,3827,12,,,1,101,,9644,12,,,1,100,,9645,12,,,1,101,,9642,12,,,1,27,,9640,12,,,1,73,,9631,12,,,1,32,,9652,12,,,1,69,,9641,12,,,1,27,,9637,12,,,1,73,,9639,12,,,1,30,,9648,12,,,1,70,,9646,12,,,1,30,,9647,12,,,1,70,,9635,12,,,1,31,,9643,12,,,1,24,,9649,12,,,1,78,,9632,12,,,1,74,,9651,12,,,1,34,,9630,12,,,1,74,,9650,12,,,1,95,,9653,12,,,1,95,,9633,12,,,1,95,,9629,12,,,1,99,,9636,12,,,1,99,,9634,12,,,1,103,,9638,12,,,1
7002,'SAM',700,,9673,12,,,1,57,,9671,12,,,1,99,,9676,12,,,1,100,,9675,12,,,1,75,,9669,12,,,1,71,,9672,12,,,1,32,,9668,12,,,1,69,,9661,12,,,1,32,,9674,12,,,1,67,,9666,12,,,1,35,,9679,12,,,1,66,,9657,12,,,1,36,,9667,12,,,1,69,,9678,12,,,1,23,,9670,12,,,1,72,,9681,12,,,1,29,,9680,12,,,1,72,,9677,12,,,1,42,,9656,12,,,1,72,,9663,12,,,1,95,,9665,12,,,1,90,,9664,12,,,1,98,,9658,12,,,1,100,,9659,12,,,1,100,,9660,12,,,1,101,,9662,12,,,1
7002,'SEM',533,,9703,12,,,1,98,,9688,12,,,1,25,,9709,12,,,1,71,,9715,12,,,1,73,,9687,12,,,1,32,,9689,12,,,1,71,,9713,12,,,1,30,,9712,12,,,1,70,,9685,12,,,1,30,,9702,12,,,1,70,,9710,12,,,1,30,,9684,12,,,1,70,,9711,12,,,1,31,,9704,12,,,1,70,,9714,12,,,1,40,,9686,12,,,1,60,,9683,12,,,1,27,,9691,12,,,1,71,,9695,12,,,1,30,,9690,12,,,1,71,,9697,12,,,1,31,,9692,12,,,1,69,,9693,12,,,1,33,,9696,12,,,1,75,,9694,12,,,1,31,,9700,12,,,1,81,,9701,12,,,1,86,,9707,12,,,1,100,,9698,12,,,1,104,,9699,12,,,1,105,,9705,12,,,1,102,,9708,12,,,1,104,,9706,12,,,1
