202,'SAM',2618,,5749,4,,,1,41,,9,4,,,1
202,'SEM',520,,5750,4,,,1,25,,5754,4,,,1,56,,10,4,,,1,2000,,5751,4,,,1,40,,5752,4,,,1,80,,5753,4,,,1
1703,'DIM',617,,5836,2,,,1,84,,94,2,,,1,99,,5826,2,,,1,58,,5831,2,,,1,99,,5832,2,,,1,101,,5835,2,,,1,101,,5833,2,,,1,100,,5837,2,,,1,100,,5839,2,,,1,99,,5830,2,,,1,142,,5834,2,,,1,56,,5822,2,,,1,100,,5838,2,,,1,100,,5825,2,,,1,102,,5823,2,,,1,100,,5824,2,,,1,101,,5827,2,,,1,100,,89,2,,,1,142,,5829,2,,,1,120,,5828,2,,,1
1703,'SAM',534,,5851,2,,,1,83,,5843,2,,,1,84,,5850,2,,,1,58,,5856,2,,,1,99,,5853,2,,,1,100,,5854,2,,,1,142,,5852,2,,,1,59,,5858,2,,,1,100,,5849,2,,,1,100,,5855,2,,,1,99,,5859,2,,,1,142,,5857,2,,,1,57,,5860,2,,,1,99,,5840,2,,,1,99,,5841,2,,,1,101,,5842,2,,,1,100,,5848,2,,,1,103,,5846,2,,,1,100,,5847,2,,,1,143,,5844,2,,,1,121,,5845,2,,,1
1703,'SEM',548,,5881,2,,,1,152,,5863,2,,,1,101,,5869,2,,,1,56,,5868,2,,,1,99,,5884,2,,,1,100,,5871,2,,,1,100,,5867,2,,,1,100,,5864,2,,,1,99,,5865,2,,,1,96,,5870,2,,,1,77,,5872,2,,,1,22,,5866,2,,,1,75,,5861,2,,,1,27,,5877,2,,,1,75,,5862,2,,,1,77,,5874,2,,,1,29,,5873,2,,,1,69,,5879,2,,,1,100,,5875,2,,,1,100,,5876,2,,,1,100,,5880,2,,,1,100,,5878,2,,,1,52,,5883,2,,,1,150,,5882,2,,,1
2201,'DIM',625,,6066,2,,,2,100,,6067,2,,,2,104,,6064,2,,,2,99,,6071,2,,,2,100,,6062,2,,,2,101,,6069,2,,,2,99,,6065,2,,,2,103,,6070,2,,,2,95,,6068,2,,,2,97,,6073,2,,,2,104,,6059,2,,,2,103,,6072,2,,,2,98,,6063,2,,,2,101,,6061,2,,,2,100,,6058,2,,,2,101,,6060,2,,,2
2201,'SAM',626,,6085,2,,,2,101,,6076,2,,,2,100,,6086,2,,,2,102,,6087,2,,,2,100,,6088,2,,,2,98,,6089,2,,,2,100,,6090,2,,,2,104,,6075,2,,,2,95,,6078,2,,,2,99,,6074,2,,,2,102,,6079,2,,,2,101,,6081,2,,,2,100,,6084,2,,,2,102,,6077,2,,,2,100,,6082,2,,,2,99,,6080,2,,,2,101,,6083,2,,,2
2201,'SEM',618,,6110,2,,,2,32,,6109,2,,,2,68,,6092,2,,,2,95,,6096,2,,,2,40,,6098,2,,,2,75,,6093,2,,,2,98,,6097,2,,,2,100,,6104,2,,,2,100,,6099,2,,,2,100,,6091,2,,,2,95,,6094,2,,,2,106,,6095,2,,,2,100,,6106,2,,,2,100,,6101,2,,,2,100,,6102,2,,,2,99,,6108,2,,,2,100,,6100,2,,,2,100,,6103,2,,,2,100,,6107,2,,,2,101,,6105,2,,,2
2703,'DIM',854,,6673,2,,,2,100,,6668,2,,,2,95,,6669,2,,,2,104,,6671,2,,,2,101,,6667,2,,,2,100,,6665,2,,,2,96,,6666,2,,,2,108,,6670,2,,,2,98,,6672,2,,,2,100,,6658,2,,,2,100,,6657,2,,,2,98,,6663,2,,,2,100,,6661,2,,,2,100,,6662,2,,,2,102,,6659,2,,,2,100,,6660,2,,,2,100,,6664,2,,,2
2703,'SAM',654,,6687,2,,,2,100,,6684,2,,,2,96,,6689,2,,,2,104,,6691,2,,,2,95,,6683,2,,,2,104,,6674,2,,,2,96,,6685,2,,,2,105,,6688,2,,,2,147,,6686,2,,,2,55,,6690,2,,,2,100,,6692,2,,,2,100,,6677,2,,,2,100,,6680,2,,,2,98,,6676,2,,,2,100,,6678,2,,,2,99,,6675,2,,,2,103,,6681,2,,,2,100,,6679,2,,,2,100,,6682,2,,,2
2703,'SEM',811,,6693,2,,,2,41,,6696,2,,,2,99,,6713,2,,,2,100,,6712,2,,,2,98,,6698,2,,,2,94,,6705,2,,,2,100,,6701,2,,,2,100,,6695,2,,,2,80,,6697,2,,,2,80,,6700,2,,,2,15,,6703,2,,,2,30,,6706,2,,,2,70,,6694,2,,,2,24,,6699,2,,,2,105,,6708,2,,,2,91,,6711,2,,,2,108,,6704,2,,,2,100,,6702,2,,,2,99,,6707,2,,,2,101,,6709,2,,,2,95,,6710,2,,,2
3103,'DIM',631,,6784,4,,,1,99,,6783,4,,,1,98,,6788,4,,,1,99,,6791,4,,,1,99,,6792,4,,,1,101,,6789,4,,,1,100,,6785,4,,,1,101,,6787,4,,,1,101,,6775,4,,,1,96,,6786,4,,,1,101,,6790,4,,,1,102,,6779,4,,,1,98,,6777,4,,,1,100,,6778,4,,,1,102,,6776,4,,,1,101,,6782,4,,,1,100,,6781,4,,,1,100,,6780,4,,,1
3103,'SAM',631,,6805,4,,,1,100,,6808,4,,,1,97,,6806,4,,,1,98,,6809,4,,,1,98,,6811,4,,,1,101,,6793,4,,,1,102,,6803,4,,,1,100,,6807,4,,,1,100,,6804,4,,,1,102,,6810,4,,,1,97,,6796,4,,,1,102,,6797,4,,,1,99,,6800,4,,,1,99,,6794,4,,,1,100,,6801,4,,,1,103,,6802,4,,,1,102,,6795,4,,,1,97,,6799,4,,,1,98,,6798,4,,,1
3103,'SEM',626,,6834,4,,,1,100,,6813,4,,,1,100,,6831,4,,,1,100,,6833,4,,,1,100,,6832,4,,,1,100,,6812,4,,,1,99,,6830,4,,,1,100,,6815,4,,,1,100,,6816,4,,,1,96,,6820,4,,,1,23,,6822,4,,,1,74,,6817,4,,,1,20,,6814,4,,,1,82,,6827,4,,,1,30,,6829,4,,,1,71,,6823,4,,,1,33,,6819,4,,,1,77,,6825,4,,,1,102,,6818,4,,,1,100,,6821,4,,,1,102,,6826,4,,,1,97,,6824,4,,,1,110,,6828,4,,,1
4303,'DIM',631,,7751,2,,,1,100,,7752,2,,,1,100,,7753,2,,,1,100,,7744,2,,,1,105,,7745,2,,,1,103,,7754,2,,,1,99,,7757,2,,,1,101,,7755,2,,,1,97,,7758,2,,,1,100,,7756,2,,,1,102,,7739,2,,,1,105,,7743,2,,,1,94,,7750,2,,,1,100,,7747,2,,,1,100,,7741,2,,,1,100,,7740,2,,,1,100,,7742,2,,,1,94,,7746,2,,,1,100,,7749,2,,,1,100,,7748,2,,,1
4303,'SAM',631,,7765,2,,,1,100,,7766,2,,,1,100,,7770,2,,,1,105,,7773,2,,,1,102,,7776,2,,,1,101,,7774,2,,,1,100,,7759,2,,,1,103,,7775,2,,,1,97,,7772,2,,,1,97,,7771,2,,,1,101,,7778,2,,,1,100,,7777,2,,,1,104,,7760,2,,,1,96,,7762,2,,,1,100,,7761,2,,,1,100,,7768,2,,,1,100,,7764,2,,,1,94,,7763,2,,,1,100,,7769,2,,,1,100,,7767,2,,,1
4303,'SEM',632,,7784,2,,,1,100,,7798,2,,,1,82,,7782,2,,,1,103,,7789,2,,,1,30,,7781,2,,,1,70,,7779,2,,,1,29,,7806,2,,,1,70,,7793,2,,,1,30,,7783,2,,,1,70,,7804,2,,,1,30,,7805,2,,,1,70,,7787,2,,,1,30,,7790,2,,,1,70,,7786,2,,,1,30,,7780,2,,,1,70,,7791,2,,,1,25,,7785,2,,,1,70,,7796,2,,,1,25,,7792,2,,,1,70,,7795,2,,,1,30,,7788,2,,,1,70,,7794,2,,,1,100,,7803,2,,,1,100,,7799,2,,,1,105,,7801,2,,,1,100,,7797,2,,,1,108,,7802,2,,,1,110,,7800,2,,,1
4803,'DIM',700,,8156,2,,,1,102,,8152,2,,,1,102,,8157,2,,,1,100,,8155,2,,,1,99,,8158,2,,,1,102,,8161,2,,,1,96,,8153,2,,,1,104,,8159,2,,,1,100,,8154,2,,,1,99,,8160,2,,,1,102,,8149,2,,,1,100,,8162,2,,,1,100,,8146,2,,,1,100,,8144,2,,,1,100,,8150,2,,,1,100,,8145,2,,,1,100,,8148,2,,,1,30,,8147,2,,,1,121,,8151,2,,,1
4803,'SAM',602,,8179,2,,,1,99,,8175,2,,,1,101,,8163,2,,,1,102,,8176,2,,,1,100,,8181,2,,,1,100,,8180,2,,,1,55,,8182,2,,,1,146,,8177,2,,,1,100,,8178,2,,,1,100,,8174,2,,,1,99,,8164,2,,,1,102,,8167,2,,,1,100,,8165,2,,,1,100,,8172,2,,,1,100,,8170,2,,,1,100,,8166,2,,,1,100,,8168,2,,,1,100,,8169,2,,,1,30,,8171,2,,,1,121,,8173,2,,,1
4803,'SEM',527,,8185,2,,,1,28,,8199,2,,,1,60,,8203,2,,,1,38,,8209,2,,,1,73,,8186,2,,,1,30,,8189,2,,,1,61,,8188,2,,,1,33,,8198,2,,,1,75,,8212,2,,,1,105,,8207,2,,,1,100,,8208,2,,,1,100,,8211,2,,,1,93,,8210,2,,,1,80,,8193,2,,,1,30,,8187,2,,,1,75,,8184,2,,,1,31,,8191,2,,,1,65,,8194,2,,,1,29,,8190,2,,,1,72,,8183,2,,,1,29,,8192,2,,,1,71,,8195,2,,,1,49,,8201,2,,,1,105,,8200,2,,,1,100,,8197,2,,,1,100,,8196,2,,,1,100,,8205,2,,,1,94,,8202,2,,,1,91,,8204,2,,,1,79,,8206,2,,,1
5801,'DIM',521,,8777,2,,,2,100,,8769,2,,,2,90,,2987,2,,,2,100,,8767,2,,,2,100,,8768,2,,,2,99,,8773,2,,,2,100,,8770,2,,,2,101,,8766,2,,,2,100,,8771,2,,,2,100,,8775,2,,,2,98,,8772,2,,,2,109,,8776,2,,,2,94,,8760,2,,,2,102,,8774,2,,,2,97,,8765,2,,,2,100,,8762,2,,,2,100,,8764,2,,,2,100,,8761,2,,,2,100,,8759,2,,,2,109,,8763,2,,,2
5801,'SAM',526,,8794,2,,,2,95,,8790,2,,,2,93,,8792,2,,,2,97,,8795,2,,,2,100,,8780,2,,,2,99,,8782,2,,,2,103,,8793,2,,,2,98,,8785,2,,,2,105,,8791,2,,,2,94,,8778,2,,,2,111,,8779,2,,,2,99,,8797,2,,,2,100,,8796,2,,,2,88,,8787,2,,,2,107,,8784,2,,,2,96,,8781,2,,,2,100,,8783,2,,,2,100,,8788,2,,,2,100,,8789,2,,,2,109,,8786,2,,,2
5801,'SEM',508,,8802,2,,,2,28,,8824,2,,,2,82,,8822,2,,,2,38,,8798,2,,,2,91,,8799,2,,,2,84,,8808,2,,,2,100,,8807,2,,,2,100,,8821,2,,,2,100,,8803,2,,,2,100,,8823,2,,,2,100,,8805,2,,,2,80,,8804,2,,,2,47,,8825,2,,,2,71,,8811,2,,,2,71,,8809,2,,,2,20,,8806,2,,,2,19,,8801,2,,,2,20,,8812,2,,,2,60,,8816,2,,,2,15,,8800,2,,,2,25,,8819,2,,,2,59,,8813,2,,,2,30,,8810,2,,,2,100,,8818,2,,,2,100,,8814,2,,,2,102,,8817,2,,,2,105,,8815,2,,,2,100,,8820,2,,,2
6002,'DIM',651,,8943,2,,,1,98,,8952,2,,,1,100,,8951,2,,,1,101,,8955,2,,,1,100,,8953,2,,,1,100,,8957,2,,,1,100,,8954,2,,,1,100,,8956,2,,,1,100,,8958,2,,,1,99,,8942,2,,,1,100,,8959,2,,,1,100,,8949,2,,,1,100,,8945,2,,,1,101,,8944,2,,,1,100,,8947,2,,,1,100,,8946,2,,,1,100,,8948,2,,,1,100,,8950,2,,,1
6002,'SAM',651,,8973,2,,,1,98,,8972,2,,,1,94,,8975,2,,,1,107,,8971,2,,,1,100,,8969,2,,,1,100,,8977,2,,,1,100,,8976,2,,,1,97,,8970,2,,,1,103,,8974,2,,,1,99,,8961,2,,,1,100,,8965,2,,,1,100,,8966,2,,,1,100,,8960,2,,,1,101,,8964,2,,,1,100,,8962,2,,,1,100,,8968,2,,,1,100,,8967,2,,,1,100,,8963,2,,,1
6002,'SEM',625,,8978,2,,,1,116,,8994,2,,,1,82,,8993,2,,,1,102,,8981,2,,,1,96,,8980,2,,,1,100,,8982,2,,,1,100,,8996,2,,,1,100,,8995,2,,,1,96,,8983,2,,,1,104,,8979,2,,,1,101,,8984,2,,,1,100,,8990,2,,,1,101,,8986,2,,,1,98,,8989,2,,,1,100,,8992,2,,,1,100,,8985,2,,,1,100,,8988,2,,,1,90,,8987,2,,,1,100,,8991,2,,,1
7002,'DIM',655,,3827,2,,,1,100,,9644,2,,,1,100,,9645,2,,,1,100,,9642,2,,,1,67,,9640,2,,,1,33,,9631,2,,,1,72,,9652,2,,,1,29,,9641,2,,,1,67,,9637,2,,,1,33,,9639,2,,,1,70,,9648,2,,,1,30,,9646,2,,,1,70,,9647,2,,,1,30,,9635,2,,,1,71,,9643,2,,,1,24,,9649,2,,,1,78,,9632,2,,,1,74,,9651,2,,,1,34,,9630,2,,,1,74,,9650,2,,,1,95,,9653,2,,,1,95,,9633,2,,,1,55,,9629,2,,,1,100,,9636,2,,,1,100,,9634,2,,,1,103,,9638,2,,,1
7002,'SAM',655,,9673,2,,,1,96,,9671,2,,,1,99,,9676,2,,,1,99,,9675,2,,,1,75,,9669,2,,,1,31,,9672,2,,,1,72,,9668,2,,,1,29,,9661,2,,,1,72,,9674,2,,,1,27,,9666,2,,,1,75,,9679,2,,,1,26,,9657,2,,,1,76,,9667,2,,,1,69,,9678,2,,,1,23,,9670,2,,,1,32,,9681,2,,,1,69,,9680,2,,,1,32,,9677,2,,,1,82,,9656,2,,,1,72,,9663,2,,,1,95,,9665,2,,,1,50,,9664,2,,,1,98,,9658,2,,,1,101,,9659,2,,,1,101,,9660,2,,,1,101,,9662,2,,,1
7002,'SEM',527,,9703,2,,,1,97,,9688,2,,,1,25,,9709,2,,,1,71,,9715,2,,,1,33,,9687,2,,,1,72,,9689,2,,,1,31,,9713,2,,,1,70,,9712,2,,,1,30,,9685,2,,,1,70,,9702,2,,,1,30,,9710,2,,,1,70,,9684,2,,,1,30,,9711,2,,,1,71,,9704,2,,,1,30,,9714,2,,,1,80,,9686,2,,,1,20,,9683,2,,,1,67,,9691,2,,,1,31,,9695,2,,,1,70,,9690,2,,,1,31,,9697,2,,,1,71,,9692,2,,,1,29,,9693,2,,,1,73,,9696,2,,,1,75,,9694,2,,,1,31,,9700,2,,,1,81,,9701,2,,,1,87,,9707,2,,,1,100,,9698,2,,,1,105,,9699,2,,,1,105,,9705,2,,,1,102,,9708,2,,,1,104,,9706,2,,,1
7303,'DIM',646,,9733,2,,,1,99,,9728,2,,,1,98,,9730,2,,,1,99,,9727,2,,,1,101,,9729,2,,,1,99,,9731,2,,,1,102,,9720,2,,,1,98,,9726,2,,,1,100,,9732,2,,,1,100,,9734,2,,,1,101,,9718,2,,,1,100,,9719,2,,,1,98,,9716,2,,,1,102,,9721,2,,,1,100,,9724,2,,,1,101,,9717,2,,,1,100,,9722,2,,,1,101,,9725,2,,,1,106,,9723,2,,,1
7303,'SAM',551,,9749,2,,,1,95,,9736,2,,,1,99,,9753,2,,,1,98,,9751,2,,,1,99,,9738,2,,,1,101,,9750,2,,,1,100,,9754,2,,,1,100,,9752,2,,,1,100,,9735,2,,,1,100,,9755,2,,,1,100,,9756,2,,,1,100,,9741,2,,,1,100,,9737,2,,,1,99,,9743,2,,,1,101,,9742,2,,,1,100,,9739,2,,,1,101,,9740,2,,,1,100,,9744,2,,,1,102,,9745,2,,,1,105,,9747,2,,,1,102,,9746,2,,,1,98,,9748,2,,,1
7303,'SEM',539,,9801,2,,,1,65,,9798,2,,,1,37,,9799,2,,,1,7,,9767,2,,,1,76,,9763,2,,,1,23,,9770,2,,,1,81,,9772,2,,,1,14,,9780,2,,,1,69,,9762,2,,,1,30,,9760,2,,,1,70,,9802,2,,,1,30,,9774,2,,,1,70,,9768,2,,,1,30,,9800,2,,,1,69,,9769,2,,,1,30,,9777,2,,,1,70,,9803,2,,,1,30,,9761,2,,,1,70,,9778,2,,,1,26,,9758,2,,,1,70,,9771,2,,,1,30,,9804,2,,,1,20,,9757,2,,,1,57,,9785,2,,,1,18,,9773,2,,,1,13,,9759,2,,,1,14,,9764,2,,,1,55,,9766,2,,,1,16,,9765,2,,,1,14,,9788,2,,,1,13,,9775,2,,,1,57,,9781,2,,,1,14,,9776,2,,,1,19,,9787,2,,,1,75,,9791,2,,,1,26,,9779,2,,,1,73,,9782,2,,,1,29,,9794,2,,,1,71,,9784,2,,,1,30,,9786,2,,,1,67,,9783,2,,,1,33,,9790,2,,,1,70,,9795,2,,,1,30,,9797,2,,,1,75,,9789,2,,,1,30,,9792,2,,,1,67,,9793,2,,,1,122,,9796,2,,,1
7401,'DIM',716,,9897,2,,,2,98,,9898,2,,,2,99,,9904,2,,,2,99,,9902,2,,,2,101,,9899,2,,,2,100,,9900,2,,,2,101,,9901,2,,,2,100,,9905,2,,,2,100,,9903,2,,,2,99,,9906,2,,,2,100,,9890,2,,,2,98,,9894,2,,,2,100,,9896,2,,,2,102,,9895,2,,,2,101,,9893,2,,,2,100,,9891,2,,,2,100,,9892,2,,,2
7401,'SAM',717,,9917,2,,,2,99,,9915,2,,,2,99,,9920,2,,,2,99,,9923,2,,,2,100,,9918,2,,,2,100,,9921,2,,,2,98,,9916,2,,,2,102,,9922,2,,,2,100,,9919,2,,,2,101,,9909,2,,,2,98,,9907,2,,,2,100,,9913,2,,,2,100,,9914,2,,,2,102,,9912,2,,,2,101,,9908,2,,,2,98,,9910,2,,,2,100,,9911,2,,,2
7401,'SEM',618,,9941,2,,,2,95,,9942,2,,,2,100,,9928,2,,,2,106,,9930,2,,,2,97,,9927,2,,,2,100,,9940,2,,,2,100,,9943,2,,,2,100,,9926,2,,,2,99,,9924,2,,,2,99,,9931,2,,,2,90,,9925,2,,,2,102,,9934,2,,,2,30,,9929,2,,,2,80,,9938,2,,,2,100,,9932,2,,,2,100,,9936,2,,,2,100,,9935,2,,,2,97,,9933,2,,,2,103,,9937,2,,,2,98,,9939,2,,,2
22201,'DIM',1355,,10688,2,,,2,855,,10686,2,,,2,44,,10687,2,,,2
22201,'SAM',1356,,10693,2,,,2,854,,10692,2,,,2,42,,10691,2,,,2,102,,10689,2,,,2,152,,10690,2,,,2
22201,'SEM',658,,10695,2,,,2,50,,10694,2,,,2,643,,10699,2,,,2,105,,10700,2,,,2,100,,10698,2,,,2,101,,10697,2,,,2,90,,10696,2,,,2,664,,10701,2,,,2
32201,'DIM',506,,10832,3,,,2,798,,10834,2,,,2,802,,10833,2,,,2
32201,'SAM',506,,10835,3,,,2,798,,10836,2,,,2
32201,'SEM',508,,10837,3,,,2,18,,10838,3,,,2,29,,10839,3,,,2,751,,10841,2,,,2,798,,10840,2,,,2
33503,'DIM',2634,,10845,2,,,2
33503,'SAM',2634,,10846,2,,,2
33503,'SEM',2634,,10847,2,,,2
34503,'SEM',433,,10851,4,,,1,99,,10852,4,,,1
