4202,'DIM',503,,7583,58,,,2,39,,7620,58,,,2,67,,7593,58,,,2,30,,7580,58,,,2,70,,7604,58,,,2,29,,7602,58,,,2,70,,7607,58,,,2,30,,7610,58,,,2,70,,7581,58,,,2,33,,7615,58,,,2,71,,7612,58,,,2,30,,7618,58,,,2,15,,7605,58,,,2,58,,7611,58,,,2,22,,7606,58,,,2,20,,7601,58,,,2,61,,1847,58,,,2,21,,7621,58,,,2,62,,7603,58,,,2,18,,7619,58,,,2,23,,7578,58,,,2,60,,7623,58,,,2,18,,7608,58,,,2,22,,7609,58,,,2,59,,7613,58,,,2,21,,7584,58,,,2,20,,7616,58,,,2,17,,7585,58,,,2,64,,7617,58,,,2,20,,7622,58,,,2,59,,7588,58,,,2,25,,7614,58,,,2,75,,7591,58,,,2,36,,7594,58,,,2,70,,7597,58,,,2,30,,7579,58,,,2,72,,7599,58,,,2,30,,7586,58,,,2,70,,7589,58,,,2,28,,7582,58,,,2,68,,7595,58,,,2,31,,7598,58,,,2,68,,7587,58,,,2,30,,7590,58,,,2,69,,7592,58,,,2,29,,7596,58,,,2,79,,7600,58,,,2
4202,'SAM',503,,7626,58,,,2,40,,7624,58,,,2,66,,7640,58,,,2,23,,7662,58,,,2,83,,7653,58,,,2,25,,7647,58,,,2,72,,7635,58,,,2,32,,7663,58,,,2,66,,7651,58,,,2,30,,7654,58,,,2,74,,7658,58,,,2,28,,7648,58,,,2,14,,7670,58,,,2,61,,7665,58,,,2,20,,7646,58,,,2,20,,7669,58,,,2,59,,7656,58,,,2,21,,7642,58,,,2,64,,7666,58,,,2,16,,7649,58,,,2,23,,7671,58,,,2,62,,7650,58,,,2,16,,7652,58,,,2,24,,7643,58,,,2,60,,7657,58,,,2,19,,7668,58,,,2,23,,7655,58,,,2,15,,7659,58,,,2,63,,7628,58,,,2,20,,7667,58,,,2,60,,7664,58,,,2,25,,7636,58,,,2,75,,7660,58,,,2,36,,7661,58,,,2,72,,7641,58,,,2,28,,7625,58,,,2,69,,7629,58,,,2,28,,7631,58,,,2,75,,7633,58,,,2,27,,7634,58,,,2,69,,7627,58,,,2,31,,7630,58,,,2,64,,7632,58,,,2,33,,7637,58,,,2,69,,7638,58,,,2,31,,7639,58,,,2,78,,7644,58,,,2,30,,7645,58,,,2
4202,'SEM',459,,7696,58,,,2,144,,7720,58,,,2,22,,7726,58,,,2,13,,7730,58,,,2,8,,7734,58,,,2,5,,7736,58,,,2,5,,7673,58,,,2,45,,7676,58,,,2,6,,7679,58,,,2,4,,7681,58,,,2,6,,7683,58,,,2,6,,7687,58,,,2,9,,7717,58,,,2,15,,7724,58,,,2,11,,7677,58,,,2,49,,7728,58,,,2,12,,7686,58,,,2,11,,7721,58,,,2,14,,7733,58,,,2,9,,7727,58,,,2,52,,7731,58,,,2,17,,7735,58,,,2,18,,7698,58,,,2,14,,7684,58,,,2,64,,7678,58,,,2,16,,7689,58,,,2,69,,7719,58,,,2,10,,7729,58,,,2,25,,7697,58,,,2,16,,7675,58,,,2,64,,7722,58,,,2,21,,7723,58,,,2,14,,7718,58,,,2,67,,7725,58,,,2,20,,7680,58,,,2,60,,7732,58,,,2,20,,7674,58,,,2,15,,7693,58,,,2,20,,7691,58,,,2,58,,7672,58,,,2,13,,7685,58,,,2,16,,7694,58,,,2,17,,7692,58,,,2,56,,7690,58,,,2,15,,7682,58,,,2,18,,7701,58,,,2,55,,7703,58,,,2,13,,7705,58,,,2,15,,7708,58,,,2,16,,7688,58,,,2,56,,7695,58,,,2,15,,7704,58,,,2,14,,7713,58,,,2,70,,7715,58,,,2,28,,7706,58,,,2,76,,7712,58,,,2,40,,7716,58,,,2,71,,7714,58,,,2,30,,7699,58,,,2,70,,7700,58,,,2,38,,7702,58,,,2,68,,7707,58,,,2,33,,7709,58,,,2,67,,7711,58,,,2,30,,7710,58,,,2
5202,'DIM',643,,8519,102,,,2,111,,8516,102,,,2,100,,8513,102,,,2,100,,8514,102,,,2,101,,8520,102,,,2,100,,8518,102,,,2,100,,8523,102,,,2,102,,8515,102,,,2,100,,8517,102,,,2,100,,8507,102,,,2,102,,8521,102,,,2,98,,8522,102,,,2,101,,8511,102,,,2,98,,8510,102,,,2,99,,8512,102,,,2,100,,8508,102,,,2,100,,8509,102,,,2
5202,'SAM',643,,8537,102,,,2,111,,8531,102,,,2,98,,8534,102,,,2,101,,8533,102,,,2,102,,8535,102,,,2,100,,8538,102,,,2,99,,8539,102,,,2,101,,8540,102,,,2,102,,8525,102,,,2,98,,8526,102,,,2,145,,8536,102,,,2,55,,8527,102,,,2,103,,8524,102,,,2,98,,8530,102,,,2,100,,8532,102,,,2,99,,8529,102,,,2,100,,8528,102,,,2
5202,'SEM',606,,8554,102,,,2,49,,8553,102,,,2,74,,8541,102,,,2,29,,8556,102,,,2,144,,8558,102,,,2,99,,8546,102,,,2,99,,8544,102,,,2,100,,8555,102,,,2,100,,8557,102,,,2,100,,8559,102,,,2,100,,8543,102,,,2,102,,8545,102,,,2,99,,8542,102,,,2,100,,8551,102,,,2,99,,8548,102,,,2,59,,8552,102,,,2,100,,8547,102,,,2,99,,8550,102,,,2,100,,8549,102,,,2
5802,'DIM',610,,8843,21,,,2,100,,8840,21,,,2,91,,3051,21,,,2,100,,8834,21,,,2,100,,8835,21,,,2,99,,8839,21,,,2,100,,8836,21,,,2,101,,8833,21,,,2,100,,8837,21,,,2,100,,8841,21,,,2,58,,8838,21,,,2,149,,8842,21,,,2,94,,8827,21,,,2,100,,8829,21,,,2,100,,8832,21,,,2,100,,8830,21,,,2,100,,8831,21,,,2,99,,8828,21,,,2
5802,'SAM',610,,8859,21,,,2,100,,8844,21,,,2,91,,8857,21,,,2,100,,8860,21,,,2,100,,8848,21,,,2,99,,8850,21,,,2,103,,8858,21,,,2,98,,8853,21,,,2,105,,8856,21,,,2,94,,8845,21,,,2,111,,8847,21,,,2,99,,8861,21,,,2,92,,8846,21,,,2,100,,8854,21,,,2,103,,8852,21,,,2,97,,8849,21,,,2,100,,8851,21,,,2,99,,8855,21,,,2
5802,'SEM',529,,8881,21,,,2,26,,8865,21,,,2,76,,8885,21,,,2,13,,8864,21,,,2,58,,8886,13,,,2,8,,8883,21,,,2,31,,8868,21,,,2,17,,8862,21,,,2,82,,8863,21,,,2,82,,8870,21,,,2,100,,8869,21,,,2,100,,8882,21,,,2,100,,8866,21,,,2,100,,8884,21,,,2,101,,8867,21,,,2,25,,8874,21,,,2,71,,8871,21,,,2,105,,8873,21,,,2,30,,8880,21,,,2,100,,8875,21,,,2,100,,8876,21,,,2,87,,8872,21,,,2,99,,8879,21,,,2,100,,8877,21,,,2,100,,8878,21,,,2
25202,'SEM',537,,10744,54,,,2,98,,10745,54,,,2,187,,10743,54,,,2
