1704,'DIM',500,,5896,20,,,1,50,,5899,20,,,1,105,,5902,20,,,1,96,,5895,20,,,1,99,,5889,20,,,1,100,,5894,20,,,1,100,,5897,20,,,1,100,,5901,20,,,1,103,,5898,20,,,1,100,,5903,20,,,1,102,,5905,20,,,1,99,,5893,20,,,1,101,,5900,20,,,1,101,,5885,20,,,1,98,,5904,20,,,1,99,,5888,20,,,1,99,,5886,20,,,1,102,,5887,20,,,1,99,,5890,20,,,1,99,,5892,20,,,1,96,,5891,20,,,1
1704,'SAM',501,,5917,20,,,1,49,,5914,20,,,1,105,,5909,20,,,1,96,,5916,20,,,1,99,,5922,20,,,1,101,,5919,20,,,1,99,,5920,20,,,1,100,,5918,20,,,1,102,,5924,20,,,1,100,,5915,20,,,1,101,,5921,20,,,1,101,,5925,20,,,1,102,,5923,20,,,1,100,,5926,20,,,1,98,,5906,20,,,1,99,,5907,20,,,1,99,,5908,20,,,1,102,,5913,20,,,1,99,,5911,20,,,1,99,,5912,20,,,1,96,,5910,20,,,1
1704,'SEM',511,,5938,20,,,1,102,,5948,20,,,1,20,,5928,20,,,1,20,,5932,20,,,1,56,,5934,20,,,1,25,,5949,20,,,1,73,,5927,20,,,1,102,,5931,20,,,1,45,,5936,20,,,1,99,,5930,20,,,1,101,,5939,20,,,1,100,,5935,20,,,1,100,,5929,20,,,1,101,,5933,20,,,1,103,,5937,20,,,1,98,,5944,20,,,1,102,,5942,20,,,1,99,,5940,20,,,1,99,,5946,20,,,1,100,,5941,20,,,1,99,,5943,20,,,1,101,,5947,20,,,1,99,,5945,20,,,1
3104,'DIM',620,,1107,30,,,1,101,,6844,30,,,1,100,,6843,30,,,1,100,,6848,30,,,1,102,,6851,30,,,1,100,,6852,30,,,1,101,,6849,30,,,1,101,,6845,30,,,1,102,,6847,30,,,1,102,,6835,30,,,1,96,,6846,30,,,1,101,,6850,30,,,1,98,,6838,30,,,1,100,,6837,30,,,1,99,,6839,30,,,1,101,,6836,30,,,1,100,,6842,30,,,1,98,,6841,30,,,1,101,,6840,30,,,1
3104,'SAM',519,,6869,30,,,1,99,,6863,30,,,1,103,,6865,30,,,1,101,,6868,30,,,1,99,,6866,30,,,1,101,,6870,30,,,1,99,,6872,30,,,1,101,,6853,30,,,1,103,,6862,30,,,1,101,,6867,30,,,1,101,,6864,30,,,1,102,,6871,30,,,1,97,,6856,30,,,1,100,,6857,30,,,1,98,,6859,30,,,1,99,,6854,30,,,1,101,,6860,30,,,1,100,,6861,30,,,1,98,,6855,30,,,1,101,,6858,30,,,1
3104,'SEM',450,,6889,30,,,1,70,,1143,30,,,1,84,,6890,30,,,1,21,,6892,30,,,1,23,,6875,30,,,1,73,,6877,30,,,1,32,,6888,30,,,1,70,,6874,30,,,1,30,,6876,30,,,1,71,,6893,30,,,1,100,,6895,30,,,1,100,,6894,30,,,1,100,,6873,30,,,1,100,,6891,30,,,1,100,,6878,30,,,1,103,,6879,30,,,1,102,,6882,30,,,1,101,,6880,30,,,1,98,,6887,30,,,1,98,,6884,30,,,1,101,,6885,30,,,1,101,,6881,30,,,1,99,,6883,30,,,1,106,,6886,30,,,1
3904,'DIM',822,,1465,20,,,1,99,,7195,20,,,1,95,,7201,20,,,1,14,,7199,20,,,1,74,,7203,20,,,1,28,,7208,20,,,1,74,,7196,20,,,1,30,,7207,20,,,1,71,,7194,20,,,1,29,,7189,20,,,1,76,,7198,20,,,1,25,,7197,20,,,1,68,,7202,20,,,1,27,,7205,20,,,1,77,,7204,20,,,1,30,,7191,20,,,1,70,,7200,20,,,1,30,,7206,20,,,1,79,,7192,20,,,1,85,,7187,20,,,1,100,,7190,20,,,1,97,,7193,20,,,1,100,,7188,20,,,1
3904,'SAM',822,,7223,20,,,1,101,,7222,20,,,1,93,,7224,20,,,1,14,,7228,20,,,1,76,,7225,20,,,1,30,,7220,20,,,1,70,,7227,20,,,1,30,,7229,20,,,1,70,,7219,20,,,1,30,,7218,20,,,1,75,,7221,20,,,1,29,,7209,20,,,1,69,,7210,20,,,1,25,,7226,20,,,1,75,,7213,20,,,1,30,,7230,20,,,1,70,,7214,20,,,1,30,,7216,20,,,1,79,,7211,20,,,1,85,,7215,20,,,1,100,,7217,20,,,1,97,,7212,20,,,1,100,,1475,20,,,1
3904,'SEM',610,,7253,20,,,1,40,,7234,20,,,1,52,,7241,20,,,1,10,,7243,20,,,1,33,,7235,20,,,1,69,,7233,20,,,1,35,,7244,20,,,1,67,,7242,20,,,1,30,,7256,20,,,1,69,,7240,20,,,1,30,,7252,20,,,1,70,,7250,20,,,1,30,,7232,20,,,1,70,,7255,20,,,1,30,,7251,20,,,1,70,,7254,20,,,1,35,,7239,20,,,1,70,,7237,20,,,1,30,,7231,20,,,1,73,,7236,20,,,1,105,,7245,20,,,1,107,,7238,20,,,1,105,,7249,20,,,1,101,,7247,20,,,1,99,,7248,20,,,1,99,,7246,20,,,1
7304,'DIM',535,,4008,48,,,1,70,,3997,48,,,1,101,,9816,48,,,1,100,,9822,48,,,1,100,,9817,48,,,1,101,,9819,48,,,1,101,,9815,48,,,1,100,,9818,48,,,1,101,,9820,48,,,1,101,,9809,48,,,1,101,,9814,48,,,1,101,,9821,48,,,1,100,,9823,48,,,1,99,,9807,48,,,1,98,,9808,48,,,1,100,,9805,48,,,1,100,,9810,48,,,1,99,,9812,48,,,1,99,,9806,48,,,1,101,,9811,48,,,1,99,,9813,48,,,1
7304,'SAM',535,,9846,48,,,1,70,,9834,48,,,1,103,,9838,48,,,1,98,,9826,48,,,1,100,,9842,48,,,1,101,,9840,48,,,1,102,,9827,48,,,1,101,,9839,48,,,1,99,,9843,48,,,1,101,,9841,48,,,1,101,,9824,48,,,1,102,,9844,48,,,1,99,,9845,48,,,1,99,,9830,48,,,1,98,,9825,48,,,1,100,,9832,48,,,1,100,,9831,48,,,1,99,,9828,48,,,1,99,,9829,48,,,1,101,,9833,48,,,1,99,,9835,48,,,1,100,,9837,48,,,1,99,,9836,48,,,1
7304,'SEM',457,,9876,48,,,1,84,,9874,48,,,1,80,,9885,48,,,1,18,,9887,48,,,1,64,,9886,48,,,1,12,,9853,48,,,1,12,,9882,48,,,1,13,,9859,48,,,1,61,,9862,48,,,1,16,,9883,48,,,1,15,,9854,48,,,1,26,,9851,48,,,1,70,,9857,48,,,1,82,,9866,48,,,1,29,,9852,48,,,1,70,,9849,48,,,1,30,,9888,48,,,1,70,,9861,48,,,1,35,,9855,48,,,1,66,,9884,48,,,1,30,,9856,48,,,1,70,,9863,48,,,1,30,,9889,48,,,1,71,,9850,48,,,1,42,,9864,48,,,1,53,,9848,48,,,1,19,,9847,48,,,1,34,,9858,48,,,1,56,,9871,48,,,1,25,,9870,48,,,1,74,,9860,48,,,1,35,,9877,48,,,1,63,,9875,48,,,1,33,,9867,48,,,1,66,,9873,48,,,1,31,,9879,48,,,1,71,,9865,48,,,1,28,,9868,48,,,1,70,,9880,48,,,1,30,,9869,48,,,1,70,,9872,48,,,1,100,,9878,48,,,1,94,,9881,48,,,1
7402,'DIM',634,,9951,61,,,2,102,,9955,61,,,2,100,,9954,61,,,2,100,,9956,61,,,2,102,,9958,61,,,2,100,,9947,61,,,2,99,,9952,61,,,2,101,,9953,61,,,2,102,,9957,61,,,2,99,,9959,61,,,2,99,,9960,61,,,2,104,,9944,61,,,2,98,,9946,61,,,2,99,,9948,61,,,2,100,,9950,61,,,2,100,,9949,61,,,2,99,,9945,61,,,2
7402,'SAM',634,,9971,61,,,2,102,,9974,61,,,2,98,,9962,61,,,2,100,,9976,61,,,2,104,,9975,61,,,2,100,,9970,61,,,2,98,,9973,61,,,2,101,,9972,61,,,2,103,,9961,61,,,2,99,,9977,61,,,2,100,,9964,61,,,2,101,,9965,61,,,2,98,,9966,61,,,2,101,,9969,61,,,2,99,,9963,61,,,2,100,,9967,61,,,2,99,,9968,61,,,2
7402,'SEM',556,,9995,61,,,2,87,,9996,61,,,2,15,,9981,61,,,2,87,,9985,61,,,2,96,,9980,61,,,2,98,,9983,61,,,2,98,,9992,61,,,2,100,,9984,61,,,2,100,,9993,61,,,2,100,,9978,61,,,2,100,,9982,61,,,2,104,,9979,61,,,2,100,,9987,61,,,2,102,,9991,61,,,2,97,,9986,61,,,2,99,,9990,61,,,2,100,,9994,61,,,2,100,,9989,61,,,2,100,,9988,61,,,2
