4504,'DIM',633,,2173,47,,,1,100,,7949,47,,,1,100,,2174,47,,,1,101,,7951,47,,,1,99,,7948,47,,,1,101,,7950,47,,,1,98,,7947,47,,,1,106,,7954,47,,,1,100,,7941,47,,,1,96,,7953,47,,,1,106,,7939,47,,,1,90,,7952,47,,,1,100,,7940,47,,,1,99,,7945,47,,,1,100,,7942,47,,,1,100,,7946,47,,,1,100,,7944,47,,,1,99,,7943,47,,,1
4504,'SAM',627,,7965,47,,,1,106,,7963,47,,,1,100,,7967,47,,,1,101,,7969,47,,,1,99,,7970,47,,,1,101,,7955,47,,,1,100,,7968,47,,,1,104,,7964,47,,,1,102,,7966,47,,,1,99,,7972,47,,,1,96,,7959,47,,,1,95,,7971,47,,,1,100,,7960,47,,,1,99,,7957,47,,,1,100,,7956,47,,,1,100,,7961,47,,,1,100,,7958,47,,,1,99,,7962,47,,,1
4504,'SEM',549,,7996,47,,,1,58,,8000,47,,,1,40,,7995,47,,,1,67,,7976,47,,,1,12,,7980,47,,,1,13,,7984,47,,,1,13,,7985,47,,,1,65,,7973,47,,,1,12,,7983,47,,,1,85,,7974,47,,,1,112,,7981,47,,,1,108,,7997,47,,,1,96,,7998,47,,,1,94,,7999,47,,,1,101,,7986,47,,,1,85,,7977,47,,,1,40,,7979,47,,,1,57,,7978,47,,,1,28,,7988,47,,,1,78,,7982,47,,,1,40,,7975,47,,,1,73,,7994,47,,,1,107,,7992,47,,,1,102,,7991,47,,,1,102,,7987,47,,,1,93,,7989,47,,,1,95,,7990,47,,,1,95,,7993,47,,,1
5002,'DIM',622,,8370,38,,,1,100,,8382,38,,,1,101,,8377,38,,,1,100,,8383,38,,,1,101,,8386,38,,,1,24,,8376,38,,,1,72,,8378,38,,,1,28,,8389,38,,,1,79,,8381,38,,,1,28,,8379,38,,,1,77,,8388,38,,,1,24,,8375,38,,,1,76,,8380,38,,,1,21,,8384,38,,,1,74,,8366,38,,,1,31,,8364,38,,,1,74,,8387,38,,,1,26,,8385,38,,,1,76,,8371,38,,,1,101,,8373,38,,,1,99,,8374,38,,,1,100,,8365,38,,,1,100,,8368,38,,,1,100,,8367,38,,,1,96,,8369,38,,,1,100,,8372,38,,,1
5002,'SAM',617,,8395,38,,,1,105,,8403,38,,,1,101,,8406,38,,,1,100,,8410,38,,,1,102,,8401,38,,,1,23,,8412,38,,,1,76,,8415,38,,,1,27,,8404,38,,,1,76,,8411,38,,,1,26,,8413,38,,,1,74,,8405,38,,,1,28,,8407,38,,,1,75,,8414,38,,,1,71,,8391,38,,,1,32,,8408,38,,,1,23,,8390,38,,,1,72,,8409,38,,,1,30,,8396,38,,,1,76,,8398,38,,,1,101,,8397,38,,,1,99,,8399,38,,,1,100,,8392,38,,,1,100,,8393,38,,,1,99,,8400,38,,,1,97,,8394,38,,,1,100,,8402,38,,,1
5002,'SEM',513,,8422,38,,,1,35,,8445,38,,,1,69,,2661,38,,,1,29,,8418,38,,,1,71,,8446,38,,,1,13,,8430,38,,,1,75,,8417,38,,,1,17,,8427,38,,,1,32,,8416,38,,,1,69,,8431,38,,,1,27,,8424,38,,,1,70,,8447,38,,,1,30,,8448,38,,,1,70,,8432,38,,,1,30,,8425,38,,,1,69,,8423,38,,,1,30,,8449,38,,,1,71,,8444,38,,,1,30,,8419,38,,,1,70,,8435,38,,,1,39,,8420,38,,,1,81,,8436,38,,,1,75,,8428,38,,,1,27,,8433,38,,,1,67,,8429,38,,,1,30,,8421,38,,,1,69,,8426,38,,,1,29,,8434,38,,,1,71,,8441,38,,,1,104,,8439,38,,,1,105,,8442,38,,,1,100,,8437,38,,,1,111,,8438,38,,,1,100,,8440,38,,,1,96,,8443,38,,,1
6002,'DIM',703,,8943,20,,,1,99,,8952,20,,,1,100,,8951,20,,,1,101,,8955,20,,,1,100,,8953,20,,,1,101,,8957,20,,,1,100,,8954,20,,,1,100,,8956,20,,,1,100,,8958,20,,,1,99,,8942,20,,,1,100,,8959,20,,,1,100,,8949,20,,,1,99,,8945,20,,,1,101,,8944,20,,,1,100,,8947,20,,,1,100,,8946,20,,,1,100,,8948,20,,,1,99,,8950,20,,,1
6002,'SAM',703,,8973,20,,,1,99,,8972,20,,,1,54,,8975,20,,,1,147,,8971,20,,,1,100,,8969,20,,,1,101,,8977,20,,,1,100,,8976,20,,,1,97,,8970,20,,,1,103,,8974,20,,,1,99,,8961,20,,,1,100,,8965,20,,,1,100,,8966,20,,,1,99,,8960,20,,,1,101,,8964,20,,,1,100,,8962,20,,,1,100,,8968,20,,,1,100,,8967,20,,,1,99,,8963,20,,,1
6002,'SEM',638,,8978,20,,,1,118,,8994,20,,,1,82,,8993,20,,,1,102,,8981,20,,,1,96,,8980,20,,,1,100,,8982,20,,,1,100,,8996,20,,,1,100,,8995,20,,,1,97,,8983,20,,,1,104,,8979,20,,,1,102,,8984,20,,,1,98,,8990,20,,,1,100,,8986,20,,,1,98,,8989,20,,,1,99,,8992,20,,,1,99,,8985,20,,,1,100,,8988,20,,,1,89,,8987,20,,,1,100,,8991,20,,,1
34504,'SEM',2516,,10854,17,,,1,117,,10853,17,,,1
