2201,'DIM',643,,6066,36,,,2,100,,6067,36,,,2,104,,6064,36,,,2,100,,6071,36,,,2,100,,6062,36,,,2,101,,6069,36,,,2,99,,6065,36,,,2,103,,6070,36,,,2,95,,6068,36,,,2,97,,6073,36,,,2,104,,6059,36,,,2,103,,6072,36,,,2,98,,6063,36,,,2,101,,6061,36,,,2,100,,6058,36,,,2,100,,6060,36,,,2
2201,'SAM',644,,6085,36,,,2,101,,6076,36,,,2,100,,6086,36,,,2,103,,6087,36,,,2,100,,6088,36,,,2,98,,6089,36,,,2,100,,6090,36,,,2,104,,6075,36,,,2,95,,6078,36,,,2,99,,6074,36,,,2,102,,6079,36,,,2,101,,6081,36,,,2,100,,6084,36,,,2,102,,6077,36,,,2,100,,6082,36,,,2,98,,6080,36,,,2,101,,6083,36,,,2
2201,'SEM',636,,6110,36,,,2,72,,6109,36,,,2,28,,6092,36,,,2,95,,6096,36,,,2,80,,6098,36,,,2,35,,6093,36,,,2,98,,6097,36,,,2,100,,6104,36,,,2,100,,6099,36,,,2,100,,6091,36,,,2,95,,6094,36,,,2,106,,6095,36,,,2,102,,6106,36,,,2,100,,6101,36,,,2,100,,6102,36,,,2,97,,6108,36,,,2,100,,6100,36,,,2,100,,6103,36,,,2,100,,6107,36,,,2,101,,6105,36,,,2
5801,'DIM',544,,8777,51,,,2,101,,8769,51,,,2,91,,2987,51,,,2,102,,8767,51,,,2,100,,8768,51,,,2,99,,8773,51,,,2,100,,8770,51,,,2,101,,8766,51,,,2,100,,8771,51,,,2,100,,8775,51,,,2,98,,8772,51,,,2,109,,8776,51,,,2,94,,8760,51,,,2,102,,8774,51,,,2,97,,8765,51,,,2,100,,8762,51,,,2,99,,8764,51,,,2,100,,8761,51,,,2,99,,8759,51,,,2,109,,8763,51,,,2
5801,'SAM',549,,8794,51,,,2,96,,8790,51,,,2,94,,8792,51,,,2,99,,8795,51,,,2,100,,8780,51,,,2,99,,8782,51,,,2,103,,8793,51,,,2,98,,8785,51,,,2,105,,8791,51,,,2,94,,8778,51,,,2,111,,8779,51,,,2,99,,8797,51,,,2,100,,8796,51,,,2,88,,8787,51,,,2,107,,8784,51,,,2,96,,8781,51,,,2,99,,8783,51,,,2,100,,8788,51,,,2,99,,8789,51,,,2,109,,8786,51,,,2
5801,'SEM',532,,8802,51,,,2,69,,8824,51,,,2,43,,8822,51,,,2,72,,8826,33,,,2,10,,8798,51,,,2,89,,8799,51,,,2,43,,8808,51,,,2,100,,8807,51,,,2,100,,8821,51,,,2,100,,8803,51,,,2,100,,8823,51,,,2,100,,8805,51,,,2,82,,8804,51,,,2,87,,8825,51,,,2,31,,8811,51,,,2,72,,8809,51,,,2,20,,8806,51,,,2,59,,8801,51,,,2,20,,8812,51,,,2,20,,8816,51,,,2,55,,8800,51,,,2,24,,8819,51,,,2,19,,8813,51,,,2,69,,8810,51,,,2,99,,8818,51,,,2,100,,8814,51,,,2,101,,8817,51,,,2,105,,8815,51,,,2,99,,8820,51,,,2
22201,'DIM',1413,,10688,36,,,2,815,,10686,36,,,2,84,,10687,36,,,2
22201,'SAM',1414,,10693,36,,,2,814,,10692,36,,,2,82,,10691,36,,,2,102,,10689,36,,,2,112,,10690,36,,,2
22201,'SEM',716,,10695,36,,,2,10,,10694,36,,,2,683,,10699,36,,,2,105,,10700,36,,,2,101,,10698,36,,,2,102,,10697,36,,,2,90,,10696,36,,,2,622,,10701,36,,,2
32201,'DIM',525,,10832,37,,,2,798,,10834,36,,,2,802,,10833,36,,,2
32201,'SAM',525,,10835,37,,,2,798,,10836,36,,,2
32201,'SEM',526,,10837,37,,,2,18,,10838,37,,,2,69,,10839,37,,,2,711,,10841,36,,,2,798,,10840,36,,,2
