4201,'DIM',524,,7411,33,,,2,102,,7437,33,,,2,30,,7440,33,,,2,70,,7443,33,,,2,29,,7412,33,,,2,73,,7448,33,,,2,30,,7445,33,,,2,70,,7452,33,,,2,73,,7444,33,,,2,21,,7439,33,,,2,20,,7436,33,,,2,61,,7449,33,,,2,20,,7455,33,,,2,23,,7438,33,,,2,58,,7453,33,,,2,22,,7409,33,,,2,20,,7457,33,,,2,58,,7441,33,,,2,22,,7442,33,,,2,19,,7446,33,,,2,61,,7414,33,,,2,20,,7450,33,,,2,15,,7415,33,,,2,64,,7451,33,,,2,21,,7456,33,,,2,19,,7418,33,,,2,61,,7447,33,,,2,17,,7421,33,,,2,22,,7422,33,,,2,61,,7424,33,,,2,15,,7425,33,,,2,18,,7428,33,,,2,12,,7429,33,,,2,54,,7454,33,,,2,16,,7410,33,,,2,33,,7433,33,,,2,70,,7416,33,,,2,29,,7419,33,,,2,69,,7413,33,,,2,29,,7426,33,,,2,72,,7430,33,,,2,28,,7417,33,,,2,70,,7420,33,,,2,31,,7423,33,,,2,70,,7427,33,,,2,34,,7434,33,,,2,68,,7431,33,,,2,34,,7432,33,,,2,75,,7435,33,,,2
4201,'SAM',521,,7498,33,,,2,105,,7484,33,,,2,74,,7468,33,,,2,32,,7499,33,,,2,25,,7488,33,,,2,70,,7490,33,,,2,32,,7494,33,,,2,69,,7485,33,,,2,73,,7501,33,,,2,21,,7483,33,,,2,20,,7506,33,,,2,59,,7492,33,,,2,21,,7476,33,,,2,24,,7502,33,,,2,56,,7486,33,,,2,22,,7507,33,,,2,22,,7487,33,,,2,56,,7489,33,,,2,24,,7478,33,,,2,20,,7493,33,,,2,59,,7504,33,,,2,23,,7491,33,,,2,13,,7495,33,,,2,63,,7461,33,,,2,21,,7503,33,,,2,20,,7500,33,,,2,62,,7469,33,,,2,18,,7496,33,,,2,21,,7471,33,,,2,62,,7497,33,,,2,14,,7505,33,,,2,15,,7474,33,,,2,16,,7475,33,,,2,52,,7458,33,,,2,16,,7459,33,,,2,30,,7462,33,,,2,68,,7464,33,,,2,34,,7466,33,,,2,69,,7467,33,,,2,29,,7460,33,,,2,71,,7463,33,,,2,24,,7465,33,,,2,74,,7470,33,,,2,30,,7472,33,,,2,73,,7473,33,,,2,78,,7480,33,,,2,23,,7482,33,,,2,35,,7477,33,,,2,71,,7479,33,,,2,72,,7481,33,,,2
4201,'SEM',628,,7570,19,,,2,13,,7513,33,,,2,11,,7576,19,,,2,51,,7521,33,,,2,8,,7560,33,,,2,6,,7530,33,,,2,11,,7577,19,,,2,8,,7564,33,,,2,14,,7566,33,,,2,57,,7569,33,,,2,15,,7510,33,,,2,17,,7518,33,,,2,64,,7514,33,,,2,16,,7523,33,,,2,29,,7558,33,,,2,9,,7565,33,,,2,65,,7556,33,,,2,16,,7511,33,,,2,63,,7561,33,,,2,21,,7562,33,,,2,14,,7557,33,,,2,66,,7563,33,,,2,20,,7559,33,,,2,20,,7567,33,,,2,60,,7512,33,,,2,15,,7529,33,,,2,20,,7527,33,,,2,15,,7509,33,,,2,56,,7520,33,,,2,15,,7531,33,,,2,17,,7528,33,,,2,16,,7526,33,,,2,54,,7516,33,,,2,15,,7525,33,,,2,2,,7535,33,,,2,7,,7568,33,,,2,8,,7538,33,,,2,8,,7542,33,,,2,8,,7545,33,,,2,48,,7548,33,,,2,6,,7517,33,,,2,9,,7571,19,,,2,5,,7508,33,,,2,7,,7572,19,,,2,8,,7522,33,,,2,10,,7540,33,,,2,8,,7515,33,,,2,50,,7551,33,,,2,10,,7519,33,,,2,10,,7524,33,,,2,10,,7544,33,,,2,9,,7532,33,,,2,10,,7541,33,,,2,51,,7546,33,,,2,8,,7536,33,,,2,13,,7539,33,,,2,15,,7550,33,,,2,55,,7543,33,,,2,30,,7555,33,,,2,71,,7553,33,,,2,30,,7533,33,,,2,70,,7534,33,,,2,40,,7537,33,,,2,69,,7547,33,,,2,33,,7573,19,,,2,69,,7549,33,,,2,30,,7574,19,,,2,72,,7552,33,,,2,30,,7575,19,,,2,90,,7554,33,,,2
4803,'DIM',705,,8156,13,,,1,104,,8152,13,,,1,102,,8157,13,,,1,100,,8155,13,,,1,99,,8158,13,,,1,102,,8161,13,,,1,96,,8153,13,,,1,104,,8159,13,,,1,100,,8154,13,,,1,99,,8160,13,,,1,102,,8149,13,,,1,100,,8162,13,,,1,100,,8146,13,,,1,100,,8144,13,,,1,99,,8150,13,,,1,99,,8145,13,,,1,100,,8148,13,,,1,30,,8147,13,,,1,161,,8151,13,,,1
4803,'SAM',607,,8179,13,,,1,99,,8175,13,,,1,103,,8163,13,,,1,102,,8176,13,,,1,100,,8181,13,,,1,100,,8180,13,,,1,95,,8182,13,,,1,106,,8177,13,,,1,100,,8178,13,,,1,100,,8174,13,,,1,99,,8164,13,,,1,102,,8167,13,,,1,100,,8165,13,,,1,100,,8172,13,,,1,100,,8170,13,,,1,99,,8166,13,,,1,99,,8168,13,,,1,100,,8169,13,,,1,30,,8171,13,,,1,161,,8173,13,,,1
4803,'SEM',533,,8185,13,,,1,68,,8199,13,,,1,21,,8203,13,,,1,78,,8209,13,,,1,33,,8186,13,,,1,70,,8189,13,,,1,21,,8188,13,,,1,33,,8198,13,,,1,75,,8212,13,,,1,105,,8207,13,,,1,100,,8208,13,,,1,100,,8211,13,,,1,93,,8210,13,,,1,80,,8193,13,,,1,30,,8187,13,,,1,75,,8184,13,,,1,32,,8191,13,,,1,65,,8194,13,,,1,29,,8190,13,,,1,72,,8183,13,,,1,29,,8192,13,,,1,70,,8195,13,,,1,89,,8201,13,,,1,105,,8200,13,,,1,100,,8197,13,,,1,98,,8196,13,,,1,100,,8205,13,,,1,54,,8202,13,,,1,91,,8204,13,,,1,79,,8206,13,,,1
5801,'DIM',526,,8777,13,,,2,100,,8769,13,,,2,90,,2987,13,,,2,102,,8767,13,,,2,100,,8768,13,,,2,99,,8773,13,,,2,100,,8770,13,,,2,101,,8766,13,,,2,100,,8771,13,,,2,100,,8775,13,,,2,98,,8772,13,,,2,109,,8776,13,,,2,94,,8760,13,,,2,102,,8774,13,,,2,97,,8765,13,,,2,100,,8762,13,,,2,99,,8764,13,,,2,100,,8761,13,,,2,99,,8759,13,,,2,109,,8763,13,,,2
5801,'SAM',531,,8794,13,,,2,95,,8790,13,,,2,93,,8792,13,,,2,99,,8795,13,,,2,100,,8780,13,,,2,99,,8782,13,,,2,103,,8793,13,,,2,98,,8785,13,,,2,105,,8791,13,,,2,94,,8778,13,,,2,111,,8779,13,,,2,99,,8797,13,,,2,100,,8796,13,,,2,88,,8787,13,,,2,107,,8784,13,,,2,96,,8781,13,,,2,99,,8783,13,,,2,100,,8788,13,,,2,99,,8789,13,,,2,109,,8786,13,,,2
5801,'SEM',513,,8802,13,,,2,28,,8824,13,,,2,82,,8822,13,,,2,80,,8798,13,,,2,51,,8799,13,,,2,84,,8808,13,,,2,100,,8807,13,,,2,100,,8821,13,,,2,100,,8803,13,,,2,100,,8823,13,,,2,100,,8805,13,,,2,80,,8804,13,,,2,87,,8825,13,,,2,31,,8811,13,,,2,71,,8809,13,,,2,20,,8806,13,,,2,19,,8801,13,,,2,60,,8812,13,,,2,20,,8816,13,,,2,15,,8800,13,,,2,65,,8819,13,,,2,19,,8813,13,,,2,30,,8810,13,,,2,100,,8818,13,,,2,100,,8814,13,,,2,101,,8817,13,,,2,145,,8815,13,,,2,99,,8820,13,,,2
7002,'DIM',701,,3827,13,,,1,101,,9644,13,,,1,100,,9645,13,,,1,100,,9642,13,,,1,27,,9640,13,,,1,73,,9631,13,,,1,32,,9652,13,,,1,69,,9641,13,,,1,27,,9637,13,,,1,73,,9639,13,,,1,30,,9648,13,,,1,70,,9646,13,,,1,30,,9647,13,,,1,70,,9635,13,,,1,31,,9643,13,,,1,24,,9649,13,,,1,78,,9632,13,,,1,74,,9651,13,,,1,34,,9630,13,,,1,74,,9650,13,,,1,95,,9653,13,,,1,95,,9633,13,,,1,95,,9629,13,,,1,100,,9636,13,,,1,99,,9634,13,,,1,103,,9638,13,,,1
7002,'SAM',701,,9673,13,,,1,57,,9671,13,,,1,99,,9676,13,,,1,99,,9675,13,,,1,75,,9669,13,,,1,71,,9672,13,,,1,32,,9668,13,,,1,69,,9661,13,,,1,32,,9674,13,,,1,67,,9666,13,,,1,35,,9679,13,,,1,66,,9657,13,,,1,36,,9667,13,,,1,69,,9678,13,,,1,23,,9670,13,,,1,72,,9681,13,,,1,29,,9680,13,,,1,72,,9677,13,,,1,42,,9656,13,,,1,72,,9663,13,,,1,95,,9665,13,,,1,90,,9664,13,,,1,98,,9658,13,,,1,101,,9659,13,,,1,100,,9660,13,,,1,101,,9662,13,,,1
7002,'SEM',534,,9703,13,,,1,97,,9688,13,,,1,26,,9709,13,,,1,71,,9715,13,,,1,73,,9687,13,,,1,31,,9689,13,,,1,71,,9713,13,,,1,30,,9712,13,,,1,70,,9685,13,,,1,30,,9702,13,,,1,70,,9710,13,,,1,30,,9684,13,,,1,70,,9711,13,,,1,31,,9704,13,,,1,70,,9714,13,,,1,40,,9686,13,,,1,60,,9683,13,,,1,27,,9691,13,,,1,72,,9695,13,,,1,30,,9690,13,,,1,71,,9697,13,,,1,31,,9692,13,,,1,69,,9693,13,,,1,33,,9696,13,,,1,75,,9694,13,,,1,31,,9700,13,,,1,80,,9701,13,,,1,87,,9707,13,,,1,100,,9698,13,,,1,104,,9699,13,,,1,105,,9705,13,,,1,102,,9708,13,,,1,104,,9706,13,,,1
