20301,'DIM',1820,,10644,1,,,2,100,,10645,1,,,2,100,,10646,1,,,2,100,,10643,1,,,2,100,,10641,1,,,2,100,,10642,1,,,2
20301,'SAM',1820,,10647,1,,,2,100,,10651,1,,,2,100,,10652,1,,,2,100,,10648,1,,,2,100,,10649,1,,,2,100,,10650,1,,,2
20301,'SEM',1532,,10663,1,,,2,94,,10656,1,,,2,105,,10660,1,,,2,100,,10653,1,,,2,80,,10655,1,,,2,43,,10659,1,,,2,101,,10654,1,,,2,100,,10657,1,,,2,100,,10658,1,,,2,145,,10661,1,,,2,109,,10662,1,,,2
20302,'DIM',606,,4812,48,4,,2,100,,10670,48,4,,2,99,,10669,48,4,,2,1202,,10667,48,4,,2,100,,10668,48,4,,2,100,,10666,48,4,,2,100,,10664,48,4,,2,100,,10665,48,4,,2
20302,'SAM',606,,10676,48,4,,2,100,,10677,48,4,,2,99,,10678,48,4,,2,1202,,10674,48,4,,2,100,,10675,48,4,,2,100,,10671,48,4,,2,100,,10672,48,4,,2,100,,10673,48,4,,2
20302,'SEM',527,,10682,48,4,,2,87,,10685,48,4,,2,36,,10680,48,4,,2,89,,10681,48,4,,2,109,,10679,48,4,,2,1499,,10683,48,4,,2,105,,10684,48,4,,2
90301,'DIM',812,,10880,1,,,2,105,,10884,1,,,2,100,,10882,1,,,2,96,,10883,1,,,2,100,,10885,1,,,2,105,,10886,1,,,2,95,,10881,1,,,2,106,,10879,1,,,2,100,,10878,1,,,2,104,,10887,1,,,2
90301,'SAM',618,,10889,1,,,2,99,,10891,1,,,2,95,,10894,1,,,2,105,,10893,1,,,2,100,,10898,1,,,2,100,,10895,1,,,2,96,,10892,1,,,2,101,,10890,1,,,2,105,,10888,1,,,2,100,,10896,1,,,2,100,,10897,1,,,2,100,,10899,1,,,2
90301,'SEM',502,,10903,1,,,2,32,,10911,1,,,2,66,,10906,1,,,2,12,,10919,1,,,2,8,,10920,1,,,2,14,,10916,1,,,2,10,,10902,1,,,2,56,,10913,1,,,2,20,,10915,1,,,2,23,,10914,1,,,2,74,,10912,1,,,2,99,,10900,1,,,2,100,,10904,1,,,2,100,,10917,1,,,2,100,,10910,1,,,2,100,,10918,1,,,2,100,,10905,1,,,2,84,,10901,1,,,2,110,,10907,1,,,2,99,,10908,1,,,2,102,,10909,1,,,2
90302,'DIM',910,,10927,58,4,,2,100,,10925,58,4,,2,96,,10926,58,4,,2,100,,10928,58,4,,2,104,,10929,58,4,,2,96,,10930,58,4,,2,101,,10924,58,4,,2,104,,10921,58,4,,2,105,,10931,58,4,,2,96,,10922,58,4,,2,100,,10923,58,4,,2
90302,'SAM',910,,10937,58,4,,2,100,,10941,58,4,,2,100,,10938,58,4,,2,96,,10936,58,4,,2,99,,10935,58,4,,2,106,,10932,58,4,,2,100,,10939,58,4,,2,100,,10940,58,4,,2,101,,10942,58,4,,2,100,,10933,58,4,,2,100,,10934,58,4,,2
90302,'SEM',807,,10952,58,4,,2,100,,10960,58,4,,2,102,,10946,58,4,,2,100,,10961,58,4,,2,100,,10951,58,4,,2,99,,10962,58,4,,2,100,,10948,58,4,,2,45,,10945,58,4,,2,153,,10943,58,4,,2,13,,10953,58,4,,2,22,,10944,58,4,,2,18,,10949,58,4,,2,78,,10957,58,4,,2,64,,10959,58,4,,2,29,,10947,58,4,,2,27,,10950,58,4,,2,88,,10956,58,4,,2,99,,10958,58,4,,2,104,,10954,58,4,,2,99,,10955,58,4,,2
