1703,'DIM',626,,5836,17,,,1,84,,94,17,,,1,99,,5826,17,,,1,99,,5831,17,,,1,99,,5832,17,,,1,101,,5835,17,,,1,101,,5833,17,,,1,100,,5837,17,,,1,101,,5839,17,,,1,99,,5830,17,,,1,102,,5834,17,,,1,96,,5822,17,,,1,100,,5838,17,,,1,99,,5825,17,,,1,102,,5823,17,,,1,99,,5824,17,,,1,101,,5827,17,,,1,100,,89,17,,,1,102,,5829,17,,,1,120,,5828,17,,,1
1703,'SAM',542,,5851,17,,,1,84,,5843,17,,,1,84,,5850,17,,,1,98,,5856,17,,,1,100,,5853,17,,,1,100,,5854,17,,,1,102,,5852,17,,,1,99,,5858,17,,,1,100,,5849,17,,,1,101,,5855,17,,,1,99,,5859,17,,,1,102,,5857,17,,,1,97,,5860,17,,,1,99,,5840,17,,,1,98,,5841,17,,,1,101,,5842,17,,,1,99,,5848,17,,,1,103,,5846,17,,,1,100,,5847,17,,,1,103,,5844,17,,,1,121,,5845,17,,,1
1703,'SEM',557,,5881,17,,,1,152,,5863,17,,,1,103,,5869,17,,,1,96,,5868,17,,,1,99,,5884,17,,,1,100,,5871,17,,,1,101,,5867,17,,,1,100,,5864,17,,,1,99,,5865,17,,,1,96,,5870,17,,,1,38,,5872,17,,,1,62,,5866,17,,,1,36,,5861,17,,,1,66,,5877,17,,,1,34,,5862,17,,,1,76,,5874,17,,,1,29,,5873,17,,,1,68,,5879,17,,,1,100,,5875,17,,,1,99,,5876,17,,,1,100,,5880,17,,,1,100,,5878,17,,,1,92,,5883,17,,,1,109,,5882,17,,,1
2703,'DIM',904,,6673,17,,,2,100,,6668,17,,,2,55,,6669,17,,,2,144,,6671,17,,,2,101,,6667,17,,,2,100,,6665,17,,,2,96,,6666,17,,,2,108,,6670,17,,,2,98,,6672,17,,,2,100,,6658,17,,,2,100,,6657,17,,,2,98,,6663,17,,,2,100,,6661,17,,,2,100,,6662,17,,,2,102,,6659,17,,,2,100,,6660,17,,,2,100,,6664,17,,,2
2703,'SAM',704,,6687,17,,,2,100,,6684,17,,,2,96,,6689,17,,,2,104,,6691,17,,,2,55,,6683,17,,,2,144,,6674,17,,,2,56,,6685,17,,,2,145,,6688,17,,,2,107,,6686,17,,,2,95,,6690,17,,,2,100,,6692,17,,,2,100,,6677,17,,,2,100,,6680,17,,,2,98,,6676,17,,,2,100,,6678,17,,,2,99,,6675,17,,,2,103,,6681,17,,,2,100,,6679,17,,,2,100,,6682,17,,,2
2703,'SEM',822,,6693,17,,,2,81,,6696,17,,,2,98,,6713,17,,,2,100,,6712,17,,,2,58,,6698,17,,,2,95,,6705,17,,,2,100,,6701,17,,,2,101,,6695,17,,,2,80,,6697,17,,,2,80,,6700,17,,,2,15,,6703,17,,,2,70,,6706,17,,,2,30,,6694,17,,,2,23,,6699,17,,,2,104,,6708,17,,,2,90,,6711,17,,,2,108,,6704,17,,,2,100,,6702,17,,,2,99,,6707,17,,,2,101,,6709,17,,,2,95,,6710,17,,,2
3103,'DIM',640,,6784,19,,,1,99,,6783,19,,,1,99,,6788,19,,,1,99,,6791,19,,,1,99,,6792,19,,,1,101,,6789,19,,,1,100,,6785,19,,,1,102,,6787,19,,,1,101,,6775,19,,,1,96,,6786,19,,,1,101,,6790,19,,,1,101,,6779,19,,,1,98,,6777,19,,,1,100,,6778,19,,,1,102,,6776,19,,,1,100,,6782,19,,,1,100,,6781,19,,,1,100,,6780,19,,,1
3103,'SAM',640,,6805,19,,,1,100,,6808,19,,,1,98,,6806,19,,,1,98,,6809,19,,,1,98,,6811,19,,,1,101,,6793,19,,,1,102,,6803,19,,,1,101,,6807,19,,,1,100,,6804,19,,,1,102,,6810,19,,,1,97,,6796,19,,,1,101,,6797,19,,,1,99,,6800,19,,,1,99,,6794,19,,,1,100,,6801,19,,,1,102,,6802,19,,,1,102,,6795,19,,,1,97,,6799,19,,,1,98,,6798,19,,,1
3103,'SEM',635,,6834,19,,,1,101,,6813,19,,,1,101,,6831,19,,,1,99,,6833,19,,,1,100,,6832,19,,,1,100,,6812,19,,,1,101,,6830,19,,,1,100,,6815,19,,,1,100,,6816,19,,,1,97,,6820,19,,,1,23,,6822,19,,,1,75,,6817,19,,,1,20,,6814,19,,,1,81,,6827,19,,,1,70,,6829,19,,,1,30,,6823,19,,,1,72,,6819,19,,,1,36,,6825,19,,,1,102,,6818,19,,,1,99,,6821,19,,,1,102,,6826,19,,,1,97,,6824,19,,,1,110,,6828,19,,,1
3903,'DIM',836,,7134,16,,,1,100,,1387,26,,,1,16,,7125,26,,,1,74,,7128,26,,,1,28,,7133,26,,,1,72,,7122,26,,,1,31,,7132,26,,,1,71,,7121,26,,,1,29,,7114,26,,,1,75,,7124,26,,,1,25,,7123,26,,,1,68,,7127,26,,,1,27,,7130,26,,,1,77,,7129,26,,,1,30,,7117,26,,,1,69,,7126,26,,,1,30,,7131,26,,,1,66,,7119,26,,,1,10,,7112,26,,,1,24,,7118,26,,,1,65,,7111,26,,,1,99,,7116,26,,,1,100,,7120,26,,,1,98,,7113,26,,,1,104,,7115,26,,,1
3903,'SAM',836,,7158,16,,,1,100,,7150,26,,,1,16,,7154,26,,,1,74,,7151,26,,,1,30,,7147,26,,,1,70,,7153,26,,,1,31,,7155,26,,,1,68,,7146,26,,,1,32,,7145,26,,,1,74,,7148,26,,,1,27,,7135,26,,,1,71,,7136,26,,,1,25,,7152,26,,,1,75,,7139,26,,,1,30,,7156,26,,,1,69,,7140,26,,,1,30,,7142,26,,,1,66,,7149,26,,,1,11,,7143,26,,,1,23,,7157,26,,,1,65,,7141,26,,,1,101,,7144,26,,,1,98,,7137,26,,,1,98,,1409,26,,,1,104,,7138,26,,,1
3903,'SEM',732,,7163,26,,,1,102,,7169,26,,,1,101,,7168,26,,,1,70,,7164,26,,,1,28,,7183,26,,,1,70,,7162,26,,,1,30,,7186,26,,,1,71,,7184,26,,,1,30,,7185,26,,,1,70,,7161,26,,,1,31,,7167,26,,,1,73,,7159,26,,,1,32,,7165,26,,,1,16,,7172,26,,,1,69,,7173,26,,,1,14,,7174,26,,,1,65,,7179,26,,,1,16,,7160,26,,,1,26,,7166,26,,,1,69,,7181,26,,,1,33,,7171,26,,,1,74,,7170,26,,,1,37,,7178,26,,,1,99,,7180,26,,,1,144,,7176,26,,,1,99,,7175,26,,,1,99,,7177,26,,,1,38,,7182,26,,,1
4303,'DIM',639,,7751,17,,,1,101,,7752,17,,,1,100,,7753,17,,,1,100,,7744,17,,,1,106,,7745,17,,,1,103,,7754,17,,,1,99,,7757,17,,,1,102,,7755,17,,,1,97,,7758,17,,,1,100,,7756,17,,,1,102,,7739,17,,,1,105,,7743,17,,,1,93,,7750,17,,,1,100,,7747,17,,,1,100,,7741,17,,,1,99,,7740,17,,,1,100,,7742,17,,,1,94,,7746,17,,,1,99,,7749,17,,,1,100,,7748,17,,,1
4303,'SAM',639,,7765,17,,,1,101,,7766,17,,,1,100,,7770,17,,,1,105,,7773,17,,,1,103,,7776,17,,,1,101,,7774,17,,,1,100,,7759,17,,,1,104,,7775,17,,,1,97,,7772,17,,,1,97,,7771,17,,,1,101,,7778,17,,,1,100,,7777,17,,,1,103,,7760,17,,,1,96,,7762,17,,,1,100,,7761,17,,,1,99,,7768,17,,,1,100,,7764,17,,,1,94,,7763,17,,,1,99,,7769,17,,,1,100,,7767,17,,,1
4303,'SEM',641,,7784,17,,,1,101,,7798,17,,,1,82,,7782,17,,,1,102,,7789,17,,,1,30,,7781,17,,,1,70,,7779,17,,,1,30,,7806,17,,,1,70,,7793,17,,,1,30,,7783,17,,,1,70,,7804,17,,,1,30,,7805,17,,,1,70,,7787,17,,,1,30,,7790,17,,,1,71,,7786,17,,,1,30,,7780,17,,,1,70,,7791,17,,,1,25,,7785,17,,,1,70,,7796,17,,,1,25,,7792,17,,,1,70,,7795,17,,,1,30,,7788,17,,,1,70,,7794,17,,,1,99,,7803,17,,,1,100,,7799,17,,,1,104,,7801,17,,,1,99,,7797,17,,,1,108,,7802,17,,,1,110,,7800,17,,,1
7303,'DIM',655,,9733,17,,,1,99,,9728,17,,,1,99,,9730,17,,,1,99,,9727,17,,,1,101,,9729,17,,,1,99,,9731,17,,,1,102,,9720,17,,,1,99,,9726,17,,,1,100,,9732,17,,,1,100,,9734,17,,,1,101,,9718,17,,,1,100,,9719,17,,,1,97,,9716,17,,,1,102,,9721,17,,,1,100,,9724,17,,,1,100,,9717,17,,,1,100,,9722,17,,,1,101,,9725,17,,,1,146,,9723,17,,,1
7303,'SAM',559,,9749,17,,,1,96,,9736,17,,,1,99,,9753,17,,,1,99,,9751,17,,,1,99,,9738,17,,,1,101,,9750,17,,,1,100,,9754,17,,,1,100,,9752,17,,,1,101,,9735,17,,,1,100,,9755,17,,,1,100,,9756,17,,,1,100,,9741,17,,,1,100,,9737,17,,,1,98,,9743,17,,,1,101,,9742,17,,,1,100,,9739,17,,,1,100,,9740,17,,,1,100,,9744,17,,,1,102,,9745,17,,,1,145,,9747,17,,,1,102,,9746,17,,,1,98,,9748,17,,,1
7303,'SEM',548,,9801,17,,,1,65,,9798,17,,,1,37,,9799,17,,,1,8,,9767,17,,,1,77,,9763,17,,,1,23,,9770,17,,,1,81,,9772,17,,,1,14,,9780,17,,,1,69,,9762,17,,,1,30,,9760,17,,,1,70,,9802,17,,,1,30,,9774,17,,,1,70,,9768,17,,,1,30,,9800,17,,,1,70,,9769,17,,,1,30,,9777,17,,,1,70,,9803,17,,,1,30,,9761,17,,,1,70,,9778,17,,,1,26,,9758,17,,,1,72,,9771,17,,,1,30,,9804,17,,,1,60,,9757,17,,,1,17,,9785,17,,,1,18,,9773,17,,,1,13,,9759,17,,,1,54,,9764,17,,,1,14,,9766,17,,,1,15,,9765,17,,,1,13,,9788,17,,,1,53,,9775,17,,,1,17,,9781,17,,,1,14,,9776,17,,,1,19,,9787,17,,,1,74,,9791,17,,,1,26,,9779,17,,,1,73,,9782,17,,,1,28,,9794,17,,,1,71,,9784,17,,,1,30,,9786,17,,,1,67,,9783,17,,,1,33,,9790,17,,,1,70,,9795,17,,,1,30,,9797,17,,,1,75,,9789,17,,,1,70,,9792,17,,,1,27,,9793,17,,,1,122,,9796,17,,,1
7401,'DIM',725,,9897,17,,,2,98,,9898,17,,,2,100,,9904,17,,,2,99,,9902,17,,,2,101,,9899,17,,,2,100,,9900,17,,,2,102,,9901,17,,,2,100,,9905,17,,,2,100,,9903,17,,,2,99,,9906,17,,,2,100,,9890,17,,,2,98,,9894,17,,,2,100,,9896,17,,,2,101,,9895,17,,,2,101,,9893,17,,,2,99,,9891,17,,,2,100,,9892,17,,,2
7401,'SAM',726,,9917,17,,,2,99,,9915,17,,,2,100,,9920,17,,,2,99,,9923,17,,,2,100,,9918,17,,,2,100,,9921,17,,,2,99,,9916,17,,,2,102,,9922,17,,,2,100,,9919,17,,,2,101,,9909,17,,,2,98,,9907,17,,,2,100,,9913,17,,,2,100,,9914,17,,,2,101,,9912,17,,,2,101,,9908,17,,,2,97,,9910,17,,,2,100,,9911,17,,,2
7401,'SEM',627,,9941,17,,,2,96,,9942,17,,,2,100,,9928,17,,,2,105,,9930,17,,,2,97,,9927,17,,,2,100,,9940,17,,,2,101,,9943,17,,,2,101,,9926,17,,,2,100,,9924,17,,,2,99,,9931,17,,,2,91,,9925,17,,,2,102,,9934,17,,,2,28,,9929,17,,,2,80,,9938,17,,,2,98,,9932,17,,,2,100,,9936,17,,,2,100,,9935,17,,,2,97,,9933,17,,,2,103,,9937,17,,,2,98,,9939,17,,,2
