1703,'DIM',633,,5836,31,,,1,84,,94,31,,,1,100,,5826,31,,,1,100,,5831,31,,,1,99,,5832,31,,,1,102,,5835,31,,,1,101,,5833,31,,,1,100,,5837,31,,,1,101,,5839,31,,,1,99,,5830,31,,,1,102,,5834,31,,,1,96,,5822,31,,,1,99,,5838,31,,,1,99,,5825,31,,,1,101,,5823,31,,,1,99,,5824,31,,,1,101,,5827,31,,,1,100,,89,31,,,1,102,,5829,31,,,1,119,,5828,31,,,1
1703,'SAM',549,,5851,31,,,1,84,,5843,31,,,1,84,,5850,31,,,1,99,,5856,31,,,1,101,,5853,31,,,1,100,,5854,31,,,1,103,,5852,31,,,1,99,,5858,31,,,1,100,,5849,31,,,1,101,,5855,31,,,1,99,,5859,31,,,1,102,,5857,31,,,1,97,,5860,31,,,1,98,,5840,31,,,1,98,,5841,31,,,1,100,,5842,31,,,1,99,,5848,31,,,1,103,,5846,31,,,1,100,,5847,31,,,1,103,,5844,31,,,1,120,,5845,31,,,1
1703,'SEM',604,,5881,31,,,1,114,,5863,31,,,1,103,,5869,31,,,1,96,,5868,31,,,1,99,,5884,31,,,1,101,,5871,31,,,1,101,,5867,31,,,1,100,,5864,31,,,1,99,,5865,31,,,1,97,,5870,31,,,1,38,,5872,31,,,1,64,,5866,31,,,1,36,,5861,31,,,1,66,,5877,31,,,1,32,,5862,31,,,1,75,,5874,31,,,1,29,,5873,31,,,1,68,,5879,31,,,1,98,,5875,31,,,1,99,,5876,31,,,1,100,,5880,31,,,1,100,,5878,31,,,1,91,,5883,31,,,1,108,,5882,31,,,1
3103,'DIM',647,,6784,33,,,1,100,,6783,33,,,1,99,,6788,33,,,1,101,,6791,33,,,1,99,,6792,33,,,1,101,,6789,33,,,1,100,,6785,33,,,1,102,,6787,33,,,1,101,,6775,33,,,1,96,,6786,33,,,1,101,,6790,33,,,1,101,,6779,33,,,1,98,,6777,33,,,1,98,,6778,33,,,1,102,,6776,33,,,1,100,,6782,33,,,1,100,,6781,33,,,1,100,,6780,33,,,1
3103,'SAM',647,,6805,33,,,1,101,,6808,33,,,1,98,,6806,33,,,1,100,,6809,33,,,1,98,,6811,33,,,1,101,,6793,33,,,1,102,,6803,33,,,1,101,,6807,33,,,1,100,,6804,33,,,1,102,,6810,33,,,1,97,,6796,33,,,1,101,,6797,33,,,1,99,,6800,33,,,1,97,,6794,33,,,1,100,,6801,33,,,1,102,,6802,33,,,1,102,,6795,33,,,1,97,,6799,33,,,1,98,,6798,33,,,1
3103,'SEM',644,,6834,33,,,1,101,,6813,33,,,1,101,,6831,33,,,1,99,,6833,33,,,1,100,,6832,33,,,1,101,,6812,33,,,1,101,,6830,33,,,1,100,,6815,33,,,1,100,,6816,33,,,1,99,,6820,33,,,1,63,,6822,33,,,1,37,,6817,33,,,1,60,,6814,33,,,1,39,,6827,33,,,1,68,,6829,33,,,1,30,,6823,33,,,1,72,,6819,33,,,1,36,,6825,33,,,1,101,,6818,33,,,1,99,,6821,33,,,1,101,,6826,33,,,1,97,,6824,33,,,1,109,,6828,33,,,1
3903,'DIM',851,,7134,44,,,1,100,,1387,54,,,1,56,,7125,54,,,1,34,,7128,54,,,1,68,,7133,54,,,1,32,,7122,54,,,1,71,,7132,54,,,1,31,,7121,54,,,1,69,,7114,54,,,1,35,,7124,54,,,1,65,,7123,54,,,1,28,,7127,54,,,1,67,,7130,54,,,1,37,,7129,54,,,1,70,,7117,54,,,1,29,,7126,54,,,1,70,,7131,54,,,1,26,,7119,54,,,1,10,,7112,54,,,1,64,,7118,54,,,1,25,,7111,54,,,1,99,,7116,54,,,1,99,,7120,54,,,1,98,,7113,54,,,1,104,,7115,54,,,1
3903,'SAM',851,,7158,44,,,1,100,,7150,54,,,1,56,,7154,54,,,1,34,,7151,54,,,1,70,,7147,54,,,1,30,,7153,54,,,1,71,,7155,54,,,1,28,,7146,54,,,1,72,,7145,54,,,1,34,,7148,54,,,1,67,,7135,54,,,1,31,,7136,54,,,1,65,,7152,54,,,1,35,,7139,54,,,1,70,,7156,54,,,1,29,,7140,54,,,1,70,,7142,54,,,1,26,,7149,54,,,1,11,,7143,54,,,1,63,,7157,54,,,1,25,,7141,54,,,1,101,,7144,54,,,1,97,,7137,54,,,1,98,,1409,54,,,1,104,,7138,54,,,1
3903,'SEM',748,,7163,54,,,1,103,,7169,54,,,1,100,,7168,54,,,1,70,,7164,54,,,1,28,,7183,54,,,1,70,,7162,54,,,1,30,,7186,54,,,1,71,,7184,54,,,1,30,,7185,54,,,1,71,,7161,54,,,1,31,,7167,54,,,1,73,,7159,54,,,1,32,,7165,54,,,1,56,,7172,54,,,1,31,,7173,54,,,1,14,,7174,54,,,1,65,,7179,54,,,1,16,,7160,54,,,1,66,,7166,54,,,1,29,,7181,54,,,1,72,,7171,54,,,1,33,,7170,54,,,1,77,,7178,54,,,1,97,,7180,54,,,1,104,,7176,54,,,1,99,,7175,54,,,1,98,,7177,54,,,1,36,,7182,54,,,1
7303,'DIM',703,,9733,31,,,1,99,,9728,31,,,1,101,,9730,31,,,1,99,,9727,31,,,1,101,,9729,31,,,1,99,,9731,31,,,1,102,,9720,31,,,1,99,,9726,31,,,1,100,,9732,31,,,1,100,,9734,31,,,1,101,,9718,31,,,1,100,,9719,31,,,1,97,,9716,31,,,1,100,,9721,31,,,1,100,,9724,31,,,1,100,,9717,31,,,1,100,,9722,31,,,1,101,,9725,31,,,1,106,,9723,31,,,1
7303,'SAM',607,,9749,31,,,1,96,,9736,31,,,1,99,,9753,31,,,1,101,,9751,31,,,1,99,,9738,31,,,1,101,,9750,31,,,1,100,,9754,31,,,1,100,,9752,31,,,1,101,,9735,31,,,1,100,,9755,31,,,1,100,,9756,31,,,1,100,,9741,31,,,1,100,,9737,31,,,1,98,,9743,31,,,1,99,,9742,31,,,1,100,,9739,31,,,1,100,,9740,31,,,1,100,,9744,31,,,1,102,,9745,31,,,1,105,,9747,31,,,1,102,,9746,31,,,1,98,,9748,31,,,1
7303,'SEM',556,,9801,31,,,1,65,,9798,31,,,1,79,,9799,31,,,1,8,,9767,31,,,1,37,,9763,31,,,1,63,,9770,31,,,1,41,,9772,31,,,1,54,,9780,31,,,1,29,,9762,31,,,1,70,,9760,31,,,1,30,,9802,31,,,1,70,,9774,31,,,1,30,,9768,31,,,1,70,,9800,31,,,1,30,,9769,31,,,1,70,,9777,31,,,1,30,,9803,31,,,1,70,,9761,31,,,1,30,,9778,31,,,1,68,,9758,31,,,1,32,,9771,31,,,1,70,,9804,31,,,1,21,,9757,31,,,1,17,,9785,31,,,1,18,,9773,31,,,1,53,,9759,31,,,1,13,,9764,31,,,1,14,,9766,31,,,1,14,,9765,31,,,1,52,,9788,31,,,1,13,,9775,31,,,1,17,,9781,31,,,1,14,,9776,31,,,1,59,,9787,31,,,1,34,,9791,31,,,1,66,,9779,31,,,1,33,,9782,31,,,1,68,,9794,31,,,1,29,,9784,31,,,1,70,,9786,31,,,1,27,,9783,31,,,1,73,,9790,31,,,1,30,,9795,31,,,1,70,,9797,31,,,1,35,,9789,31,,,1,70,,9792,31,,,1,27,,9793,31,,,1,162,,9796,31,,,1
7401,'DIM',733,,9897,31,,,2,99,,9898,31,,,2,101,,9904,31,,,2,99,,9902,31,,,2,101,,9899,31,,,2,100,,9900,31,,,2,102,,9901,31,,,2,100,,9905,31,,,2,100,,9903,31,,,2,99,,9906,31,,,2,100,,9890,31,,,2,98,,9894,31,,,2,100,,9896,31,,,2,101,,9895,31,,,2,101,,9893,31,,,2,98,,9891,31,,,2,99,,9892,31,,,2
7401,'SAM',734,,9917,31,,,2,100,,9915,31,,,2,101,,9920,31,,,2,99,,9923,31,,,2,100,,9918,31,,,2,100,,9921,31,,,2,99,,9916,31,,,2,102,,9922,31,,,2,100,,9919,31,,,2,101,,9909,31,,,2,98,,9907,31,,,2,100,,9913,31,,,2,100,,9914,31,,,2,101,,9912,31,,,2,101,,9908,31,,,2,96,,9910,31,,,2,99,,9911,31,,,2
7401,'SEM',635,,9941,31,,,2,98,,9942,31,,,2,100,,9928,31,,,2,105,,9930,31,,,2,97,,9927,31,,,2,100,,9940,31,,,2,101,,9943,31,,,2,101,,9926,31,,,2,100,,9924,31,,,2,100,,9931,31,,,2,93,,9925,31,,,2,101,,9934,31,,,2,27,,9929,31,,,2,79,,9938,31,,,2,98,,9932,31,,,2,99,,9936,31,,,2,99,,9935,31,,,2,97,,9933,31,,,2,103,,9937,31,,,2,98,,9939,31,,,2
