1704,'DIM',456,,5896,10,,,1,89,,5899,10,,,1,105,,5902,10,,,1,96,,5895,10,,,1,98,,5889,10,,,1,100,,5894,10,,,1,100,,5897,10,,,1,100,,5901,10,,,1,103,,5898,10,,,1,100,,5903,10,,,1,102,,5905,10,,,1,99,,5893,10,,,1,101,,5900,10,,,1,102,,5885,10,,,1,98,,5904,10,,,1,99,,5888,10,,,1,99,,5886,10,,,1,102,,5887,10,,,1,99,,5890,10,,,1,100,,5892,10,,,1,96,,5891,10,,,1
1704,'SAM',457,,5917,10,,,1,88,,5914,10,,,1,105,,5909,10,,,1,96,,5916,10,,,1,98,,5922,10,,,1,101,,5919,10,,,1,99,,5920,10,,,1,100,,5918,10,,,1,102,,5924,10,,,1,100,,5915,10,,,1,101,,5921,10,,,1,101,,5925,10,,,1,102,,5923,10,,,1,101,,5926,10,,,1,98,,5906,10,,,1,99,,5907,10,,,1,99,,5908,10,,,1,102,,5913,10,,,1,99,,5911,10,,,1,100,,5912,10,,,1,96,,5910,10,,,1
1704,'SEM',506,,5938,10,,,1,102,,5948,10,,,1,20,,5928,10,,,1,20,,5932,10,,,1,55,,5934,10,,,1,25,,5949,10,,,1,73,,5927,10,,,1,102,,5931,10,,,1,45,,5936,10,,,1,99,,5930,10,,,1,101,,5939,10,,,1,100,,5935,10,,,1,100,,5929,10,,,1,101,,5933,10,,,1,103,,5937,10,,,1,98,,5944,10,,,1,102,,5942,10,,,1,100,,5940,10,,,1,99,,5946,10,,,1,100,,5941,10,,,1,100,,5943,10,,,1,101,,5947,10,,,1,99,,5945,10,,,1
3104,'DIM',615,,1107,20,,,1,101,,6844,20,,,1,100,,6843,20,,,1,100,,6848,20,,,1,101,,6851,20,,,1,100,,6852,20,,,1,101,,6849,20,,,1,101,,6845,20,,,1,102,,6847,20,,,1,102,,6835,20,,,1,96,,6846,20,,,1,101,,6850,20,,,1,98,,6838,20,,,1,101,,6837,20,,,1,99,,6839,20,,,1,101,,6836,20,,,1,100,,6842,20,,,1,98,,6841,20,,,1,101,,6840,20,,,1
3104,'SAM',515,,6869,20,,,1,98,,6863,20,,,1,103,,6865,20,,,1,101,,6868,20,,,1,99,,6866,20,,,1,100,,6870,20,,,1,99,,6872,20,,,1,101,,6853,20,,,1,103,,6862,20,,,1,101,,6867,20,,,1,101,,6864,20,,,1,102,,6871,20,,,1,97,,6856,20,,,1,100,,6857,20,,,1,99,,6859,20,,,1,99,,6854,20,,,1,101,,6860,20,,,1,100,,6861,20,,,1,98,,6855,20,,,1,101,,6858,20,,,1
3104,'SEM',446,,6889,20,,,1,69,,1143,20,,,1,44,,6890,20,,,1,61,,6892,20,,,1,23,,6875,20,,,1,72,,6877,20,,,1,32,,6888,20,,,1,70,,6874,20,,,1,30,,6876,20,,,1,71,,6893,20,,,1,100,,6895,20,,,1,100,,6894,20,,,1,100,,6873,20,,,1,100,,6891,20,,,1,100,,6878,20,,,1,103,,6879,20,,,1,102,,6882,20,,,1,101,,6880,20,,,1,98,,6887,20,,,1,99,,6884,20,,,1,101,,6885,20,,,1,101,,6881,20,,,1,99,,6883,20,,,1,106,,6886,20,,,1
3904,'DIM',816,,1465,10,,,1,99,,7195,10,,,1,95,,7201,10,,,1,14,,7199,10,,,1,34,,7203,10,,,1,68,,7208,10,,,1,74,,7196,10,,,1,30,,7207,10,,,1,71,,7194,10,,,1,29,,7189,10,,,1,76,,7198,10,,,1,25,,7197,10,,,1,28,,7202,10,,,1,67,,7205,10,,,1,77,,7204,10,,,1,30,,7191,10,,,1,70,,7200,10,,,1,30,,7206,10,,,1,80,,7192,10,,,1,45,,7187,10,,,1,100,,7190,10,,,1,97,,7193,10,,,1,100,,7188,10,,,1
3904,'SAM',816,,7223,10,,,1,101,,7222,10,,,1,93,,7224,10,,,1,14,,7228,10,,,1,76,,7225,10,,,1,30,,7220,10,,,1,70,,7227,10,,,1,30,,7229,10,,,1,70,,7219,10,,,1,30,,7218,10,,,1,75,,7221,10,,,1,29,,7209,10,,,1,69,,7210,10,,,1,25,,7226,10,,,1,75,,7213,10,,,1,30,,7230,10,,,1,70,,7214,10,,,1,30,,7216,10,,,1,80,,7211,10,,,1,45,,7215,10,,,1,100,,7217,10,,,1,97,,7212,10,,,1,100,,1475,10,,,1
3904,'SEM',605,,7253,10,,,1,39,,7234,10,,,1,12,,7241,10,,,1,50,,7243,10,,,1,33,,7235,10,,,1,69,,7233,10,,,1,35,,7244,10,,,1,67,,7242,10,,,1,30,,7256,10,,,1,69,,7240,10,,,1,30,,7252,10,,,1,70,,7250,10,,,1,30,,7232,10,,,1,70,,7255,10,,,1,30,,7251,10,,,1,70,,7254,10,,,1,35,,7239,10,,,1,70,,7237,10,,,1,30,,7231,10,,,1,73,,7236,10,,,1,105,,7245,10,,,1,107,,7238,10,,,1,105,,7249,10,,,1,102,,7247,10,,,1,100,,7248,10,,,1,99,,7246,10,,,1
4504,'DIM',613,,2173,10,,,1,100,,7949,10,,,1,99,,2174,10,,,1,101,,7951,10,,,1,99,,7948,10,,,1,101,,7950,10,,,1,98,,7947,10,,,1,106,,7954,10,,,1,100,,7941,10,,,1,96,,7953,10,,,1,106,,7939,10,,,1,90,,7952,10,,,1,100,,7940,10,,,1,100,,7945,10,,,1,100,,7942,10,,,1,100,,7946,10,,,1,100,,7944,10,,,1,100,,7943,10,,,1
4504,'SAM',607,,7965,10,,,1,106,,7963,10,,,1,99,,7967,10,,,1,101,,7969,10,,,1,99,,7970,10,,,1,101,,7955,10,,,1,100,,7968,10,,,1,104,,7964,10,,,1,102,,7966,10,,,1,99,,7972,10,,,1,96,,7959,10,,,1,95,,7971,10,,,1,100,,7960,10,,,1,100,,7957,10,,,1,100,,7956,10,,,1,100,,7961,10,,,1,100,,7958,10,,,1,100,,7962,10,,,1
4504,'SEM',527,,7996,10,,,1,18,,8000,10,,,1,77,,7995,10,,,1,26,,7976,10,,,1,10,,7980,10,,,1,53,,7984,10,,,1,14,,7985,10,,,1,26,,7973,10,,,1,52,,7983,10,,,1,46,,7974,10,,,1,153,,7981,10,,,1,108,,7997,10,,,1,96,,7998,10,,,1,94,,7999,10,,,1,101,,7986,10,,,1,44,,7977,10,,,1,78,,7979,10,,,1,18,,7978,10,,,1,68,,7988,10,,,1,38,,7982,10,,,1,83,,7975,10,,,1,73,,7994,10,,,1,109,,7992,10,,,1,102,,7991,10,,,1,103,,7987,10,,,1,94,,7989,10,,,1,95,,7990,10,,,1,95,,7993,10,,,1
