3903,'DIM',917,,1387,3,,,1,16,,7125,3,,,1,74,,7128,3,,,1,28,,7133,3,,,1,72,,7122,3,,,1,30,,7132,3,,,1,71,,7121,3,,,1,29,,7114,3,,,1,74,,7124,3,,,1,25,,7123,3,,,1,68,,7127,3,,,1,27,,7130,3,,,1,76,,7129,3,,,1,30,,7117,3,,,1,70,,7126,3,,,1,30,,7131,3,,,1,66,,7119,3,,,1,10,,7112,3,,,1,25,,7118,3,,,1,65,,7111,3,,,1,100,,7116,3,,,1,100,,7120,3,,,1,99,,7113,3,,,1,104,,7115,3,,,1
3903,'SAM',917,,7150,3,,,1,16,,7154,3,,,1,74,,7151,3,,,1,30,,7147,3,,,1,70,,7153,3,,,1,30,,7155,3,,,1,68,,7146,3,,,1,32,,7145,3,,,1,73,,7148,3,,,1,27,,7135,3,,,1,71,,7136,3,,,1,25,,7152,3,,,1,74,,7139,3,,,1,30,,7156,3,,,1,70,,7140,3,,,1,30,,7142,3,,,1,66,,7149,3,,,1,11,,7143,3,,,1,24,,7157,3,,,1,65,,7141,3,,,1,102,,7144,3,,,1,98,,7137,3,,,1,99,,1409,3,,,1,104,,7138,3,,,1
3903,'SEM',711,,7163,3,,,1,102,,7169,3,,,1,101,,7168,3,,,1,31,,7164,3,,,1,68,,7183,3,,,1,30,,7162,3,,,1,70,,7186,3,,,1,30,,7184,3,,,1,70,,7185,3,,,1,30,,7161,3,,,1,70,,7167,3,,,1,33,,7159,3,,,1,71,,7165,3,,,1,16,,7172,3,,,1,24,,7173,3,,,1,56,,7174,3,,,1,23,,7179,3,,,1,16,,7160,3,,,1,66,,7166,3,,,1,30,,7181,3,,,1,74,,7171,3,,,1,35,,7170,3,,,1,81,,7178,3,,,1,100,,7180,3,,,1,105,,7176,3,,,1,99,,7175,3,,,1,100,,7177,3,,,1,78,,7182,3,,,1
5001,'DIM',520,,8284,3,,,1,100,,8297,3,,,1,100,,8291,3,,,1,100,,8296,3,,,1,100,,8299,3,,,1,26,,8290,3,,,1,72,,8292,3,,,1,27,,8303,3,,,1,78,,8295,3,,,1,28,,8293,3,,,1,76,,8302,3,,,1,24,,8289,3,,,1,75,,8294,3,,,1,22,,8278,3,,,1,73,,8280,3,,,1,30,,8277,3,,,1,74,,8300,3,,,1,26,,8298,3,,,1,76,,8285,3,,,1,81,,8301,3,,,1,21,,8287,3,,,1,98,,8288,3,,,1,102,,8279,3,,,1,99,,8282,3,,,1,100,,8281,3,,,1,100,,8283,3,,,1,100,,8286,3,,,1
5001,'SAM',520,,8311,3,,,1,100,,8304,3,,,1,100,,8321,3,,,1,102,,8325,3,,,1,101,,8317,3,,,1,23,,8327,3,,,1,75,,8330,3,,,1,27,,8319,3,,,1,75,,8326,3,,,1,26,,8328,3,,,1,73,,8320,3,,,1,28,,8322,3,,,1,74,,8329,3,,,1,31,,8307,3,,,1,72,,8323,3,,,1,22,,8306,3,,,1,72,,8324,3,,,1,30,,8312,3,,,1,76,,8314,3,,,1,81,,8305,3,,,1,21,,8313,3,,,1,101,,8315,3,,,1,99,,8308,3,,,1,100,,8309,3,,,1,100,,8316,3,,,1,99,,8310,3,,,1,100,,8318,3,,,1
5001,'SEM',510,,8356,3,,,1,98,,8358,3,,,1,37,,8340,3,,,1,60,,8362,3,,,1,40,,8333,3,,,1,69,,8342,3,,,1,28,,8337,3,,,1,70,,8359,3,,,1,30,,8360,3,,,1,70,,8343,3,,,1,30,,8338,3,,,1,70,,8336,3,,,1,30,,8361,3,,,1,70,,8357,3,,,1,30,,8332,3,,,1,70,,8347,3,,,1,30,,8334,3,,,1,70,,8331,3,,,1,43,,8339,3,,,1,69,,8344,3,,,1,30,,8341,3,,,1,70,,8335,3,,,1,30,,8350,3,,,1,72,,8345,3,,,1,31,,8348,3,,,1,68,,8346,3,,,1,79,,8352,3,,,1,104,,8354,3,,,1,104,,8349,3,,,1,105,,8351,3,,,1,105,,8353,3,,,1,105,,8355,3,,,1
6001,'DIM',802,,8888,30,,,1,102,,8896,30,,,1,100,,8895,30,,,1,102,,8899,30,,,1,104,,8897,30,,,1,107,,8901,30,,,1,100,,8898,30,,,1,101,,8900,30,,,1,100,,8902,30,,,1,98,,8887,30,,,1,96,,8903,30,,,1,95,,8894,30,,,1,97,,8890,30,,,1,97,,8889,30,,,1,58,,8892,30,,,1,100,,8891,30,,,1,100,,8893,30,,,1
6001,'SAM',659,,8907,30,,,1,143,,8917,30,,,1,102,,8916,30,,,1,54,,8919,30,,,1,148,,8915,30,,,1,104,,8913,30,,,1,107,,8921,30,,,1,100,,8920,30,,,1,107,,8914,30,,,1,94,,8918,30,,,1,98,,8905,30,,,1,96,,8909,30,,,1,95,,8910,30,,,1,97,,8904,30,,,1,97,,8908,30,,,1,58,,8906,30,,,1,100,,8912,30,,,1,100,,8911,30,,,1
6001,'SEM',539,,8938,30,,,1,102,,8922,30,,,1,94,,8923,30,,,1,72,,8925,30,,,1,45,,8928,30,,,1,92,,8939,30,,,1,103,,8940,30,,,1,99,,8924,30,,,1,100,,8926,30,,,1,101,,8941,30,,,1,100,,8930,30,,,1,99,,8927,30,,,1,108,,8933,30,,,1,101,,8929,30,,,1,93,,8936,30,,,1,98,,8932,30,,,1,89,,8935,30,,,1,100,,8937,30,,,1,95,,8931,30,,,1,100,,8934,30,,,1
6304,'DIM',747,,9201,44,,,1,101,,9207,44,,,1,101,,9202,44,,,1,102,,9204,44,,,1,95,,9203,44,,,1,107,,9208,44,,,1,95,,9205,44,,,1,103,,9206,44,,,1,100,,9195,44,,,1,102,,9209,44,,,1,102,,9193,44,,,1,98,,9200,44,,,1,99,,9194,44,,,1,98,,9196,44,,,1,100,,9198,44,,,1,100,,9197,44,,,1,100,,9199,44,,,1
6304,'SAM',642,,9224,44,,,1,102,,9220,44,,,1,104,,9216,44,,,1,101,,9223,44,,,1,102,,9222,44,,,1,103,,9225,44,,,1,99,,9227,44,,,1,96,,9221,44,,,1,104,,9228,44,,,1,106,,9212,44,,,1,95,,9226,44,,,1,101,,9210,44,,,1,99,,9213,44,,,1,102,,9211,44,,,1,94,,9214,44,,,1,100,,9217,44,,,1,100,,9215,44,,,1,99,,9218,44,,,1,95,,9219,44,,,1
6304,'SEM',504,,9260,44,,,1,112,,9258,44,,,1,22,,9261,44,,,1,81,,9238,44,,,1,9,,9241,44,,,1,75,,9245,44,,,1,26,,9229,44,,,1,18,,9263,44,,,1,67,,9234,44,,,1,29,,9243,44,,,1,70,,9244,44,,,1,30,,9231,44,,,1,64,,9230,44,,,1,30,,9259,44,,,1,70,,9236,44,,,1,31,,9237,44,,,1,72,,9242,44,,,1,30,,9262,44,,,1,70,,9232,44,,,1,31,,9233,44,,,1,72,,9235,44,,,1,38,,9239,44,,,1,6,,9249,44,,,1,71,,9240,44,,,1,22,,9246,44,,,1,74,,9252,44,,,1,14,,9251,44,,,1,68,,9255,44,,,1,32,,9257,44,,,1,78,,9250,44,,,1,94,,9254,44,,,1,38,,9256,44,,,1,90,,9247,44,,,1,99,,9248,44,,,1,93,,9253,44,,,1
6504,'DIM',720,,9360,60,,,2,102,,9359,60,,,2,101,,9363,60,,,2,102,,9364,60,,,2,97,,9358,60,,,2,108,,9365,60,,,2,102,,9350,60,,,2,100,,9362,60,,,2,94,,9351,60,,,2,105,,9361,60,,,2,97,,9352,60,,,2,101,,9357,60,,,2,98,,9366,60,,,2,100,,9353,60,,,2,100,,9355,60,,,2,97,,9354,60,,,2,98,,9356,60,,,2
6504,'SAM',720,,9377,60,,,2,102,,9375,60,,,2,101,,9376,60,,,2,102,,9381,60,,,2,98,,9380,60,,,2,106,,9383,60,,,2,102,,9379,60,,,2,101,,9378,60,,,2,100,,9368,60,,,2,99,,9382,60,,,2,97,,9367,60,,,2,98,,9384,60,,,2,101,,9372,60,,,2,100,,9370,60,,,2,100,,9374,60,,,2,97,,9369,60,,,2,98,,9371,60,,,2,100,,9373,60,,,2
6504,'SEM',537,,9402,60,,,2,89,,9416,60,,,2,16,,9428,60,,,2,16,,9386,60,,,2,45,,9430,45,,,2,12,,9413,60,,,2,5,,9431,45,,,2,4,,9419,60,,,2,4,,9432,45,,,2,4,,9391,60,,,2,3,,9433,45,,,2,7,,9421,60,,,2,8,,9429,60,,,2,8,,9418,60,,,2,54,,9387,60,,,2,21,,9390,60,,,2,10,,9420,60,,,2,13,,9425,60,,,2,56,,9394,60,,,2,24,,9417,60,,,2,69,,9395,60,,,2,31,,9426,60,,,2,69,,9388,60,,,2,30,,9424,60,,,2,73,,9423,60,,,2,26,,9408,60,,,2,79,,9422,60,,,2,21,,9385,60,,,2,71,,9427,60,,,2,30,,9392,60,,,2,70,,9393,60,,,2,37,,9396,60,,,2,67,,9403,60,,,2,31,,9405,60,,,2,16,,9406,60,,,2,71,,9412,60,,,2,16,,9400,60,,,2,67,,9389,60,,,2,35,,9407,60,,,2,72,,9415,60,,,2,27,,9398,60,,,2,70,,9410,60,,,2,44,,9397,60,,,2,70,,9399,60,,,2,30,,9401,60,,,2,61,,9404,60,,,2,36,,9411,60,,,2,100,,9409,60,,,2,101,,9414,60,,,2
7601,'DIM',507,,10027,35,,,2,100,,10004,80,,,2,25,,10015,80,,,2,104,,10001,80,,,2,101,,10017,80,,,2,100,,10009,80,,,2,70,,10022,80,,,2,30,,10020,80,,,2,71,,10025,80,,,2,30,,10018,80,,,2,70,,10023,80,,,2,29,,10005,80,,,2,71,,10010,80,,,2,32,,10008,80,,,2,70,,10021,80,,,2,30,,9997,80,,,2,70,,10011,80,,,2,29,,10016,80,,,2,70,,10002,80,,,2,30,,10006,80,,,2,70,,10024,80,,,2,31,,10026,80,,,2,69,,10003,80,,,2,35,,10019,80,,,2,96,,9999,80,,,2,100,,9998,80,,,2,100,,10000,80,,,2,98,,10014,80,,,2,100,,10007,80,,,2,100,,10012,80,,,2,95,,10013,80,,,2
7601,'SAM',507,,10058,35,,,2,106,,10032,80,,,2,19,,10040,80,,,2,104,,10046,80,,,2,101,,10043,80,,,2,102,,10051,80,,,2,68,,10053,80,,,2,30,,10044,80,,,2,71,,10037,80,,,2,30,,10048,80,,,2,70,,10054,80,,,2,27,,10052,80,,,2,73,,10045,80,,,2,26,,10031,80,,,2,76,,10041,80,,,2,30,,10049,80,,,2,70,,10050,80,,,2,29,,10056,80,,,2,71,,10042,80,,,2,27,,10047,80,,,2,72,,10028,80,,,2,31,,10055,80,,,2,75,,10057,80,,,2,27,,10033,80,,,2,98,,10035,80,,,2,100,,10039,80,,,2,99,,10036,80,,,2,99,,10029,80,,,2,100,,10030,80,,,2,102,,10034,80,,,2,93,,10038,80,,,2
7601,'SEM',528,,10063,80,,,2,89,,10089,80,,,2,21,,10087,80,,,2,63,,10096,80,,,2,12,,10093,80,,,2,9,,10059,80,,,2,14,,10079,80,,,2,19,,10068,80,,,2,52,,10090,80,,,2,18,,10088,80,,,2,24,,10097,80,,,2,58,,10073,80,,,2,19,,10064,80,,,2,20,,10070,80,,,2,75,,10061,80,,,2,26,,10067,80,,,2,70,,10091,80,,,2,30,,10072,80,,,2,70,,10095,80,,,2,30,,10086,80,,,2,70,,10092,80,,,2,30,,10094,80,,,2,70,,10066,80,,,2,35,,10071,80,,,2,68,,10060,80,,,2,29,,10069,80,,,2,65,,10065,80,,,2,33,,10077,80,,,2,61,,10080,80,,,2,29,,10062,80,,,2,67,,10083,80,,,2,27,,10084,80,,,2,70,,10078,80,,,2,32,,10082,80,,,2,77,,10074,80,,,2,98,,10075,80,,,2,99,,10076,80,,,2,100,,10081,80,,,2,103,,10085,80,,,2
