4603,'DIM',643,,8014,13,,,1,104,,8015,13,,,1,101,,8013,13,,,1,101,,8018,13,,,1,100,,8019,13,,,1,99,,8020,13,,,1,102,,8016,13,,,1,95,,8001,13,,,1,107,,8017,13,,,1,96,,8005,13,,,1,103,,8007,13,,,1,105,,8002,13,,,1,94,,8010,13,,,1,100,,8003,13,,,1,99,,8008,13,,,1,100,,8011,13,,,1,100,,8004,13,,,1,99,,8009,13,,,1,100,,8006,13,,,1,155,,8012,13,,,1
4603,'SAM',643,,8034,13,,,1,104,,8035,13,,,1,101,,8039,13,,,1,101,,8037,13,,,1,100,,8036,13,,,1,101,,8040,13,,,1,97,,8021,13,,,1,101,,8033,13,,,1,105,,8032,13,,,1,97,,8038,13,,,1,100,,8023,13,,,1,101,,8026,13,,,1,101,,8031,13,,,1,98,,8024,13,,,1,102,,8027,13,,,1,97,,8022,13,,,1,100,,8025,13,,,1,99,,8028,13,,,1,100,,8030,13,,,1,155,,8029,13,,,1
4603,'SEM',650,,8070,13,,,1,104,,8048,13,,,1,70,,8053,13,,,1,33,,8049,13,,,1,70,,8042,13,,,1,29,,8051,13,,,1,70,,8059,13,,,1,30,,8072,13,,,1,70,,8073,13,,,1,30,,8074,13,,,1,70,,8071,13,,,1,30,,8041,13,,,1,69,,8044,13,,,1,30,,8043,13,,,1,70,,8056,13,,,1,75,,8046,13,,,1,16,,8045,13,,,1,17,,8060,13,,,1,23,,8052,13,,,1,54,,8057,13,,,1,19,,8047,13,,,1,20,,8054,13,,,1,60,,8066,13,,,1,18,,8061,13,,,1,17,,8050,13,,,1,69,,8069,13,,,1,29,,8055,13,,,1,69,,8068,13,,,1,39,,8067,13,,,1,101,,8058,13,,,1,100,,8062,13,,,1,99,,8065,13,,,1,103,,8063,13,,,1,104,,8064,13,,,1
6001,'DIM',744,,8888,9,,,1,101,,8896,9,,,1,100,,8895,9,,,1,102,,8899,9,,,1,103,,8897,9,,,1,106,,8901,9,,,1,100,,8898,9,,,1,101,,8900,9,,,1,100,,8902,9,,,1,98,,8887,9,,,1,97,,8903,9,,,1,98,,8894,9,,,1,98,,8890,9,,,1,98,,8889,9,,,1,98,,8892,9,,,1,100,,8891,9,,,1,100,,8893,9,,,1
6001,'SAM',644,,8907,9,,,1,100,,8917,9,,,1,101,,8916,9,,,1,94,,8919,9,,,1,108,,8915,9,,,1,103,,8913,9,,,1,106,,8921,9,,,1,100,,8920,9,,,1,147,,8914,9,,,1,54,,8918,9,,,1,98,,8905,9,,,1,97,,8909,9,,,1,98,,8910,9,,,1,98,,8904,9,,,1,98,,8908,9,,,1,98,,8906,9,,,1,100,,8912,9,,,1,100,,8911,9,,,1
6001,'SEM',525,,8938,9,,,1,102,,8922,9,,,1,92,,8923,9,,,1,31,,8925,9,,,1,84,,8928,9,,,1,91,,8939,9,,,1,102,,8940,9,,,1,99,,8924,9,,,1,100,,8926,9,,,1,100,,8941,9,,,1,100,,8930,9,,,1,99,,8927,9,,,1,108,,8933,9,,,1,101,,8929,9,,,1,95,,8936,9,,,1,100,,8932,9,,,1,90,,8935,9,,,1,100,,8937,9,,,1,96,,8931,9,,,1,100,,8934,9,,,1
15103,'DIM',636,,10398,12,,,2,14,,10400,12,,,2,62,,10396,12,,,2,20,,10381,12,,,2,20,,10402,12,,,2,71,,10404,12,,,2,25,,10399,12,,,2,74,,10397,12,,,2,31,,10392,12,,,2,80,,10405,12,,,2,67,,10411,12,,,2,34,,10403,12,,,2,74,,10393,12,,,2,38,,10406,12,,,2,69,,10401,12,,,2,37,,10409,12,,,2,75,,10412,12,,,2,77,,10407,12,,,2,29,,10413,12,,,2,79,,10410,12,,,2,33,,10382,12,,,2,77,,10408,12,,,2,29,,10414,12,,,2,76,,10379,12,,,2,32,,10384,12,,,2,74,,10389,12,,,2,67,,10391,12,,,2,31,,10380,12,,,2,71,,10383,12,,,2,33,,10390,12,,,2,69,,10385,12,,,2,30,,10394,12,,,2,72,,10387,12,,,2,53,,10386,12,,,2,98,,10388,12,,,2,74,,10395,12,,,2
15103,'SAM',636,,10438,12,,,2,11,,10440,12,,,2,65,,10434,12,,,2,20,,10436,12,,,2,20,,10439,12,,,2,71,,10443,12,,,2,24,,10441,12,,,2,75,,10435,12,,,2,31,,10437,12,,,2,80,,10444,12,,,2,21,,10450,12,,,2,80,,10432,12,,,2,74,,10446,12,,,2,38,,10445,12,,,2,69,,10451,12,,,2,39,,10433,12,,,2,72,,10447,12,,,2,78,,10448,12,,,2,29,,10442,12,,,2,79,,10416,12,,,2,32,,10415,12,,,2,78,,10449,12,,,2,29,,10418,12,,,2,76,,10417,12,,,2,32,,10425,12,,,2,74,,10423,12,,,2,67,,10427,12,,,2,34,,10430,12,,,2,68,,10426,12,,,2,33,,10424,12,,,2,69,,10419,12,,,2,30,,10431,12,,,2,72,,10421,12,,,2,96,,10420,12,,,2,55,,10422,12,,,2,74,,10429,12,,,2,93,,10428,12,,,2
15103,'SEM',604,,10502,12,,,2,20,,10452,12,,,2,20,,10500,12,,,2,10,,10497,12,,,2,55,,10505,12,,,2,25,,10506,12,,,2,20,,10457,12,,,2,54,,10456,12,,,2,26,,10498,12,,,2,24,,10470,12,,,2,61,,10466,12,,,2,18,,10510,12,,,2,18,,10453,12,,,2,61,,10460,12,,,2,29,,10468,12,,,2,61,,10471,12,,,2,19,,10465,12,,,2,18,,10499,12,,,2,57,,10492,12,,,2,22,,10503,12,,,2,31,,10501,12,,,2,60,,10504,12,,,2,19,,10507,12,,,2,20,,10508,12,,,2,63,,10455,12,,,2,22,,10462,12,,,2,19,,10458,12,,,2,61,,10509,12,,,2,18,,10511,12,,,2,18,,10475,12,,,2,48,,10480,12,,,2,10,,10454,12,,,2,7,,10464,12,,,2,13,,10463,12,,,2,8,,10461,12,,,2,4,,10478,12,,,2,14,,10469,12,,,2,48,,10472,12,,,2,6,,10486,12,,,2,14,,10459,12,,,2,16,,10484,12,,,2,12,,10467,12,,,2,53,,10473,12,,,2,17,,10476,12,,,2,19,,10496,12,,,2,69,,10481,12,,,2,30,,10483,12,,,2,69,,10474,12,,,2,26,,10491,12,,,2,75,,10490,12,,,2,30,,10495,12,,,2,73,,10477,12,,,2,30,,10479,12,,,2,66,,10482,12,,,2,33,,10485,12,,,2,70,,10487,12,,,2,37,,10489,12,,,2,76,,10488,12,,,2,80,,10494,12,,,2,26,,10493,12,,,2
25103,'SEM',1527,,10731,8,,,1,18,,10730,8,,,1,105,,10732,8,,,1
