2201,'DIM',641,,6066,33,,,2,100,,6067,33,,,2,104,,6064,33,,,2,100,,6071,33,,,2,100,,6062,33,,,2,101,,6069,33,,,2,99,,6065,33,,,2,103,,6070,33,,,2,95,,6068,33,,,2,97,,6073,33,,,2,104,,6059,33,,,2,103,,6072,33,,,2,98,,6063,33,,,2,101,,6061,33,,,2,100,,6058,33,,,2,100,,6060,33,,,2
2201,'SAM',642,,6085,33,,,2,101,,6076,33,,,2,100,,6086,33,,,2,103,,6087,33,,,2,100,,6088,33,,,2,98,,6089,33,,,2,100,,6090,33,,,2,104,,6075,33,,,2,95,,6078,33,,,2,99,,6074,33,,,2,102,,6079,33,,,2,101,,6081,33,,,2,100,,6084,33,,,2,102,,6077,33,,,2,100,,6082,33,,,2,98,,6080,33,,,2,101,,6083,33,,,2
2201,'SEM',634,,6110,33,,,2,72,,6109,33,,,2,29,,6092,33,,,2,94,,6096,33,,,2,80,,6098,33,,,2,35,,6093,33,,,2,98,,6097,33,,,2,100,,6104,33,,,2,100,,6099,33,,,2,100,,6091,33,,,2,95,,6094,33,,,2,106,,6095,33,,,2,102,,6106,33,,,2,100,,6101,33,,,2,100,,6102,33,,,2,97,,6108,33,,,2,100,,6100,33,,,2,100,,6103,33,,,2,100,,6107,33,,,2,101,,6105,33,,,2
5801,'DIM',543,,8777,48,,,2,101,,8769,48,,,2,91,,2987,48,,,2,102,,8767,48,,,2,100,,8768,48,,,2,99,,8773,48,,,2,100,,8770,48,,,2,101,,8766,48,,,2,100,,8771,48,,,2,100,,8775,48,,,2,98,,8772,48,,,2,109,,8776,48,,,2,94,,8760,48,,,2,102,,8774,48,,,2,97,,8765,48,,,2,100,,8762,48,,,2,99,,8764,48,,,2,100,,8761,48,,,2,99,,8759,48,,,2,109,,8763,48,,,2
5801,'SAM',548,,8794,48,,,2,96,,8790,48,,,2,94,,8792,48,,,2,99,,8795,48,,,2,100,,8780,48,,,2,99,,8782,48,,,2,103,,8793,48,,,2,98,,8785,48,,,2,105,,8791,48,,,2,94,,8778,48,,,2,111,,8779,48,,,2,99,,8797,48,,,2,100,,8796,48,,,2,88,,8787,48,,,2,107,,8784,48,,,2,96,,8781,48,,,2,99,,8783,48,,,2,100,,8788,48,,,2,99,,8789,48,,,2,109,,8786,48,,,2
5801,'SEM',531,,8802,48,,,2,69,,8824,48,,,2,43,,8822,48,,,2,71,,8826,30,,,2,10,,8798,48,,,2,90,,8799,48,,,2,43,,8808,48,,,2,100,,8807,48,,,2,100,,8821,48,,,2,100,,8803,48,,,2,100,,8823,48,,,2,100,,8805,48,,,2,82,,8804,48,,,2,87,,8825,48,,,2,31,,8811,48,,,2,72,,8809,48,,,2,20,,8806,48,,,2,59,,8801,48,,,2,20,,8812,48,,,2,20,,8816,48,,,2,55,,8800,48,,,2,24,,8819,48,,,2,19,,8813,48,,,2,69,,8810,48,,,2,99,,8818,48,,,2,100,,8814,48,,,2,101,,8817,48,,,2,105,,8815,48,,,2,99,,8820,48,,,2
22201,'DIM',1411,,10688,33,,,2,815,,10686,33,,,2,84,,10687,33,,,2
22201,'SAM',1412,,10693,33,,,2,814,,10692,33,,,2,82,,10691,33,,,2,102,,10689,33,,,2,112,,10690,33,,,2
22201,'SEM',714,,10695,33,,,2,10,,10694,33,,,2,683,,10699,33,,,2,105,,10700,33,,,2,101,,10698,33,,,2,102,,10697,33,,,2,90,,10696,33,,,2,622,,10701,33,,,2
32201,'DIM',523,,10832,34,,,2,798,,10834,33,,,2,802,,10833,33,,,2
32201,'SAM',523,,10835,34,,,2,798,,10836,33,,,2
32201,'SEM',524,,10837,34,,,2,18,,10838,34,,,2,69,,10839,34,,,2,711,,10841,33,,,2,798,,10840,33,,,2
