3704,'DIM',658,,7061,9,,,2,74,,7064,9,,,2,100,,7070,9,,,2,100,,7067,9,,,2,101,,7065,9,,,2,100,,7060,9,,,2,101,,7066,9,,,2,98,,7062,9,,,2,100,,7063,9,,,2,100,,7069,9,,,2,100,,7058,9,,,2,104,,7068,9,,,2,87,,7059,9,,,2
3704,'SAM',658,,7080,9,,,2,78,,7078,9,,,2,100,,7083,9,,,2,96,,7074,9,,,2,104,,7071,9,,,2,97,,7075,9,,,2,101,,7082,9,,,2,100,,7081,9,,,2,104,,7079,9,,,2,99,,7072,9,,,2,99,,7073,9,,,2,99,,7076,9,,,2,89,,7077,9,,,2
3704,'SEM',544,,7107,9,,,2,78,,7084,9,,,2,99,,7093,9,,,2,80,,7110,9,,,2,37,,7108,9,,,2,76,,7106,9,,,2,28,,7086,9,,,2,96,,7101,9,,,2,100,,7088,9,,,2,101,,7109,9,,,2,100,,7087,9,,,2,103,,7089,9,,,2,78,,7091,9,,,2,20,,7090,9,,,2,14,,7099,9,,,2,57,,7095,9,,,2,20,,7098,9,,,2,9,,7085,9,,,2,19,,7094,9,,,2,60,,7092,9,,,2,94,,7100,9,,,2,100,,7104,9,,,2,100,,7097,9,,,2,99,,7096,9,,,2,100,,7103,9,,,2,100,,7105,9,,,2,96,,7102,9,,,2
6304,'DIM',739,,9201,33,,,1,100,,9207,33,,,1,100,,9202,33,,,1,102,,9204,33,,,1,95,,9203,33,,,1,107,,9208,33,,,1,95,,9205,33,,,1,103,,9206,33,,,1,100,,9195,33,,,1,102,,9209,33,,,1,102,,9193,33,,,1,98,,9200,33,,,1,100,,9194,33,,,1,99,,9196,33,,,1,100,,9198,33,,,1,100,,9197,33,,,1,100,,9199,33,,,1
6304,'SAM',634,,9224,33,,,1,102,,9220,33,,,1,103,,9216,33,,,1,100,,9223,33,,,1,102,,9222,33,,,1,103,,9225,33,,,1,99,,9227,33,,,1,96,,9221,33,,,1,104,,9228,33,,,1,106,,9212,33,,,1,95,,9226,33,,,1,101,,9210,33,,,1,99,,9213,33,,,1,103,,9211,33,,,1,95,,9214,33,,,1,100,,9217,33,,,1,100,,9215,33,,,1,99,,9218,33,,,1,95,,9219,33,,,1
6304,'SEM',456,,9260,33,,,1,152,,9258,33,,,1,22,,9261,33,,,1,79,,9238,33,,,1,9,,9241,33,,,1,35,,9245,33,,,1,66,,9229,33,,,1,18,,9263,33,,,1,67,,9234,33,,,1,29,,9243,33,,,1,70,,9244,33,,,1,30,,9231,33,,,1,24,,9230,33,,,1,70,,9259,33,,,1,30,,9236,33,,,1,71,,9237,33,,,1,31,,9242,33,,,1,70,,9262,33,,,1,30,,9232,33,,,1,71,,9233,33,,,1,72,,9235,33,,,1,38,,9239,33,,,1,6,,9249,33,,,1,71,,9240,33,,,1,22,,9246,33,,,1,74,,9252,33,,,1,14,,9251,33,,,1,28,,9255,33,,,1,72,,9257,33,,,1,79,,9250,33,,,1,94,,9254,33,,,1,40,,9256,33,,,1,90,,9247,33,,,1,99,,9248,33,,,1,93,,9253,33,,,1
6504,'DIM',716,,9360,52,,,2,102,,9359,52,,,2,101,,9363,52,,,2,101,,9364,52,,,2,97,,9358,52,,,2,107,,9365,52,,,2,102,,9350,52,,,2,100,,9362,52,,,2,94,,9351,52,,,2,106,,9361,52,,,2,97,,9352,52,,,2,102,,9357,52,,,2,98,,9366,52,,,2,100,,9353,52,,,2,100,,9355,52,,,2,97,,9354,52,,,2,98,,9356,52,,,2
6504,'SAM',716,,9377,52,,,2,102,,9375,52,,,2,101,,9376,52,,,2,101,,9381,52,,,2,98,,9380,52,,,2,105,,9383,52,,,2,102,,9379,52,,,2,101,,9378,52,,,2,100,,9368,52,,,2,100,,9382,52,,,2,97,,9367,52,,,2,99,,9384,52,,,2,101,,9372,52,,,2,100,,9370,52,,,2,100,,9374,52,,,2,97,,9369,52,,,2,98,,9371,52,,,2,100,,9373,52,,,2
6504,'SEM',533,,9402,52,,,2,89,,9416,52,,,2,16,,9428,52,,,2,16,,9386,52,,,2,5,,9430,37,,,2,51,,9413,52,,,2,5,,9431,37,,,2,4,,9419,52,,,2,4,,9432,37,,,2,4,,9391,52,,,2,3,,9433,37,,,2,7,,9421,52,,,2,8,,9429,52,,,2,8,,9418,52,,,2,54,,9387,52,,,2,21,,9390,52,,,2,10,,9420,52,,,2,13,,9425,52,,,2,56,,9394,52,,,2,24,,9417,52,,,2,69,,9395,52,,,2,31,,9426,52,,,2,69,,9388,52,,,2,30,,9424,52,,,2,73,,9423,52,,,2,26,,9408,52,,,2,79,,9422,52,,,2,21,,9385,52,,,2,30,,9427,52,,,2,70,,9392,52,,,2,30,,9393,52,,,2,77,,9396,52,,,2,67,,9403,52,,,2,31,,9405,52,,,2,16,,9406,52,,,2,71,,9412,52,,,2,16,,9400,52,,,2,67,,9389,52,,,2,36,,9407,52,,,2,72,,9415,52,,,2,27,,9398,52,,,2,71,,9410,52,,,2,44,,9397,52,,,2,70,,9399,52,,,2,30,,9401,52,,,2,61,,9404,52,,,2,36,,9411,52,,,2,100,,9409,52,,,2,101,,9414,52,,,2
7002,'DIM',558,,9654,36,,,1,80,,9655,36,,,1,90,,3827,59,,,1,101,,9644,59,,,1,100,,9645,59,,,1,102,,9642,59,,,1,27,,9640,59,,,1,73,,9631,59,,,1,72,,9652,59,,,1,29,,9641,59,,,1,27,,9637,59,,,1,73,,9639,59,,,1,70,,9648,59,,,1,30,,9646,59,,,1,70,,9647,59,,,1,30,,9635,59,,,1,71,,9643,59,,,1,24,,9649,59,,,1,78,,9632,59,,,1,33,,9651,59,,,1,74,,9630,59,,,1,34,,9650,59,,,1,95,,9653,59,,,1,94,,9633,59,,,1,95,,9629,59,,,1,98,,9636,59,,,1,99,,9634,59,,,1,103,,9638,59,,,1
7002,'SAM',558,,9682,36,,,1,80,,3875,36,,,1,90,,9673,59,,,1,97,,9671,59,,,1,99,,9676,59,,,1,101,,9675,59,,,1,75,,9669,59,,,1,31,,9672,59,,,1,72,,9668,59,,,1,29,,9661,59,,,1,72,,9674,59,,,1,27,,9666,59,,,1,75,,9679,59,,,1,26,,9657,59,,,1,76,,9667,59,,,1,29,,9678,59,,,1,63,,9670,59,,,1,32,,9681,59,,,1,69,,9680,59,,,1,31,,9677,59,,,1,82,,9656,59,,,1,32,,9663,59,,,1,95,,9665,59,,,1,89,,9664,59,,,1,98,,9658,59,,,1,99,,9659,59,,,1,100,,9660,59,,,1,101,,9662,59,,,1
7002,'SEM',604,,9703,59,,,1,100,,9688,59,,,1,27,,9709,59,,,1,70,,9715,59,,,1,33,,9687,59,,,1,69,,9689,59,,,1,30,,9713,59,,,1,70,,9712,59,,,1,30,,9685,59,,,1,70,,9702,59,,,1,30,,9710,59,,,1,70,,9684,59,,,1,30,,9711,59,,,1,71,,9704,59,,,1,30,,9714,59,,,1,80,,9686,59,,,1,20,,9683,59,,,1,68,,9691,59,,,1,33,,9695,59,,,1,71,,9690,59,,,1,32,,9697,59,,,1,71,,9692,59,,,1,28,,9693,59,,,1,71,,9696,59,,,1,35,,9694,59,,,1,70,,9700,59,,,1,38,,9701,59,,,1,85,,9707,59,,,1,100,,9698,59,,,1,103,,9699,59,,,1,105,,9705,59,,,1,102,,9708,59,,,1,104,,9706,59,,,1
7601,'DIM',503,,10027,27,,,2,100,,10004,72,,,2,25,,10015,72,,,2,104,,10001,72,,,2,100,,10017,72,,,2,100,,10009,72,,,2,70,,10022,72,,,2,30,,10020,72,,,2,70,,10025,72,,,2,30,,10018,72,,,2,70,,10023,72,,,2,29,,10005,72,,,2,71,,10010,72,,,2,32,,10008,72,,,2,70,,10021,72,,,2,30,,9997,72,,,2,70,,10011,72,,,2,29,,10016,72,,,2,70,,10002,72,,,2,31,,10006,72,,,2,70,,10024,72,,,2,31,,10026,72,,,2,70,,10003,72,,,2,35,,10019,72,,,2,96,,9999,72,,,2,100,,9998,72,,,2,100,,10000,72,,,2,98,,10014,72,,,2,100,,10007,72,,,2,100,,10012,72,,,2,95,,10013,72,,,2
7601,'SAM',503,,10058,27,,,2,106,,10032,72,,,2,19,,10040,72,,,2,104,,10046,72,,,2,100,,10043,72,,,2,102,,10051,72,,,2,68,,10053,72,,,2,30,,10044,72,,,2,70,,10037,72,,,2,30,,10048,72,,,2,70,,10054,72,,,2,27,,10052,72,,,2,73,,10045,72,,,2,26,,10031,72,,,2,76,,10041,72,,,2,30,,10049,72,,,2,70,,10050,72,,,2,29,,10056,72,,,2,71,,10042,72,,,2,28,,10047,72,,,2,72,,10028,72,,,2,31,,10055,72,,,2,76,,10057,72,,,2,27,,10033,72,,,2,98,,10035,72,,,2,100,,10039,72,,,2,99,,10036,72,,,2,99,,10029,72,,,2,100,,10030,72,,,2,102,,10034,72,,,2,93,,10038,72,,,2
7601,'SEM',524,,10063,72,,,2,89,,10089,72,,,2,20,,10087,72,,,2,23,,10096,72,,,2,52,,10093,72,,,2,9,,10059,72,,,2,13,,10079,72,,,2,19,,10068,72,,,2,52,,10090,72,,,2,18,,10088,72,,,2,25,,10097,72,,,2,58,,10073,72,,,2,19,,10064,72,,,2,20,,10070,72,,,2,75,,10061,72,,,2,25,,10067,72,,,2,70,,10091,72,,,2,30,,10072,72,,,2,70,,10095,72,,,2,30,,10086,72,,,2,70,,10092,72,,,2,30,,10094,72,,,2,70,,10066,72,,,2,35,,10071,72,,,2,68,,10060,72,,,2,29,,10069,72,,,2,64,,10065,72,,,2,34,,10077,72,,,2,61,,10080,72,,,2,29,,10062,72,,,2,27,,10083,72,,,2,68,,10084,72,,,2,30,,10078,72,,,2,73,,10082,72,,,2,77,,10074,72,,,2,98,,10075,72,,,2,99,,10076,72,,,2,100,,10081,72,,,2,103,,10085,72,,,2
