2202,'DIM',728,,6117,37,,,2,100,,6118,37,,,2,100,,6119,37,,,2,100,,6123,37,,,2,101,,6125,37,,,2,100,,6122,37,,,2,98,,6126,37,,,2,104,,6116,37,,,2,97,,6120,37,,,2,114,,6121,37,,,2,89,,6124,37,,,2,100,,6111,37,,,2,98,,6114,37,,,2,101,,6115,37,,,2,100,,6112,37,,,2,100,,6113,37,,,2
2202,'SAM',629,,6143,21,,,2,97,,6138,37,,,2,99,,6136,37,,,2,102,,6134,37,,,2,101,,6142,37,,,2,101,,6141,37,,,2,98,,6137,37,,,2,100,,6139,37,,,2,102,,6135,37,,,2,98,,6140,37,,,2,114,,6127,37,,,2,88,,6129,37,,,2,102,,6131,37,,,2,97,,6132,37,,,2,100,,6133,37,,,2,101,,6130,37,,,2,99,,6128,37,,,2
2202,'SEM',611,,6164,37,,,2,14,,6165,37,,,2,105,,6163,37,,,2,27,,6161,37,,,2,74,,6145,37,,,2,100,,6149,37,,,2,70,,6151,37,,,2,30,,6146,37,,,2,100,,6150,37,,,2,100,,6162,37,,,2,100,,6152,37,,,2,100,,6144,37,,,2,101,,6147,37,,,2,102,,6153,37,,,2,21,,6148,37,,,2,84,,6157,37,,,2,93,,6156,37,,,2,100,,6158,37,,,2,100,,6160,37,,,2,100,,6154,37,,,2,105,,6155,37,,,2,95,,6159,37,,,2
5002,'DIM',607,,8370,14,,,1,100,,8382,14,,,1,100,,8377,14,,,1,100,,8383,14,,,1,101,,8386,14,,,1,24,,8376,14,,,1,72,,8378,14,,,1,28,,8389,14,,,1,79,,8381,14,,,1,28,,8379,14,,,1,77,,8388,14,,,1,24,,8375,14,,,1,75,,8380,14,,,1,21,,8384,14,,,1,74,,8366,14,,,1,31,,8364,14,,,1,74,,8387,14,,,1,26,,8385,14,,,1,76,,8371,14,,,1,102,,8373,14,,,1,100,,8374,14,,,1,100,,8365,14,,,1,100,,8368,14,,,1,100,,8367,14,,,1,96,,8369,14,,,1,100,,8372,14,,,1
5002,'SAM',602,,8395,14,,,1,105,,8403,14,,,1,100,,8406,14,,,1,100,,8410,14,,,1,102,,8401,14,,,1,23,,8412,14,,,1,76,,8415,14,,,1,27,,8404,14,,,1,76,,8411,14,,,1,26,,8413,14,,,1,74,,8405,14,,,1,28,,8407,14,,,1,74,,8414,14,,,1,31,,8391,14,,,1,72,,8408,14,,,1,23,,8390,14,,,1,72,,8409,14,,,1,30,,8396,14,,,1,76,,8398,14,,,1,102,,8397,14,,,1,100,,8399,14,,,1,100,,8392,14,,,1,100,,8393,14,,,1,99,,8400,14,,,1,97,,8394,14,,,1,100,,8402,14,,,1
5002,'SEM',458,,8422,14,,,1,75,,8445,14,,,1,67,,2661,14,,,1,29,,8418,14,,,1,29,,8446,14,,,1,53,,8430,14,,,1,34,,8417,14,,,1,58,,8427,14,,,1,32,,8416,14,,,1,69,,8431,14,,,1,27,,8424,14,,,1,70,,8447,14,,,1,30,,8448,14,,,1,70,,8432,14,,,1,30,,8425,14,,,1,70,,8423,14,,,1,30,,8449,14,,,1,71,,8444,14,,,1,30,,8419,14,,,1,70,,8435,14,,,1,39,,8420,14,,,1,78,,8436,14,,,1,36,,8428,14,,,1,67,,8433,14,,,1,29,,8429,14,,,1,70,,8421,14,,,1,29,,8426,14,,,1,70,,8434,14,,,1,31,,8441,14,,,1,105,,8439,14,,,1,145,,8442,14,,,1,101,,8437,14,,,1,112,,8438,14,,,1,101,,8440,14,,,1,96,,8443,14,,,1
5802,'DIM',606,,8843,14,,,2,100,,8840,14,,,2,51,,3051,14,,,2,100,,8834,14,,,2,100,,8835,14,,,2,99,,8839,14,,,2,100,,8836,14,,,2,101,,8833,14,,,2,100,,8837,14,,,2,100,,8841,14,,,2,98,,8838,14,,,2,149,,8842,14,,,2,54,,8827,14,,,2,100,,8829,14,,,2,100,,8832,14,,,2,100,,8830,14,,,2,100,,8831,14,,,2,100,,8828,14,,,2
5802,'SAM',606,,8859,14,,,2,100,,8844,14,,,2,51,,8857,14,,,2,100,,8860,14,,,2,100,,8848,14,,,2,99,,8850,14,,,2,103,,8858,14,,,2,98,,8853,14,,,2,145,,8856,14,,,2,54,,8845,14,,,2,151,,8847,14,,,2,99,,8861,14,,,2,52,,8846,14,,,2,100,,8854,14,,,2,143,,8852,14,,,2,57,,8849,14,,,2,100,,8851,14,,,2,100,,8855,14,,,2
5802,'SEM',526,,8881,14,,,2,25,,8865,14,,,2,76,,8885,14,,,2,13,,8864,14,,,2,18,,8886,6,,,2,49,,8883,14,,,2,30,,8868,14,,,2,17,,8862,14,,,2,82,,8863,14,,,2,82,,8870,14,,,2,100,,8869,14,,,2,100,,8882,14,,,2,100,,8866,14,,,2,101,,8884,14,,,2,101,,8867,14,,,2,25,,8874,14,,,2,70,,8871,14,,,2,106,,8873,14,,,2,30,,8880,14,,,2,100,,8875,14,,,2,99,,8876,14,,,2,87,,8872,14,,,2,99,,8879,14,,,2,100,,8877,14,,,2,100,,8878,14,,,2
22202,'DIM',1442,,10702,26,,,2
22202,'SAM',1442,,10705,26,,,2,895,,10704,26,,,2,103,,10703,26,,,2
22202,'SEM',548,,10712,26,,,2,110,,10706,26,,,2,89,,10707,26,,,2,768,,10708,26,,,2,29,,10709,26,,,2,704,,10711,26,,,2,65,,10710,26,,,2
32202,'SAM',2553,,10842,20,,,2
32202,'SEM',2422,,10843,20,,,2,85,,10844,20,,,2
