1703,'DIM',620,,5836,7,,,1,84,,94,7,,,1,99,,5826,7,,,1,99,,5831,7,,,1,99,,5832,7,,,1,101,,5835,7,,,1,101,,5833,7,,,1,100,,5837,7,,,1,100,,5839,7,,,1,99,,5830,7,,,1,102,,5834,7,,,1,96,,5822,7,,,1,100,,5838,7,,,1,100,,5825,7,,,1,102,,5823,7,,,1,99,,5824,7,,,1,101,,5827,7,,,1,100,,89,7,,,1,102,,5829,7,,,1,120,,5828,7,,,1
1703,'SAM',537,,5851,7,,,1,83,,5843,7,,,1,84,,5850,7,,,1,98,,5856,7,,,1,100,,5853,7,,,1,100,,5854,7,,,1,102,,5852,7,,,1,99,,5858,7,,,1,100,,5849,7,,,1,100,,5855,7,,,1,99,,5859,7,,,1,102,,5857,7,,,1,97,,5860,7,,,1,99,,5840,7,,,1,59,,5841,7,,,1,141,,5842,7,,,1,59,,5848,7,,,1,143,,5846,7,,,1,100,,5847,7,,,1,103,,5844,7,,,1,121,,5845,7,,,1
1703,'SEM',551,,5881,7,,,1,152,,5863,7,,,1,102,,5869,7,,,1,96,,5868,7,,,1,99,,5884,7,,,1,100,,5871,7,,,1,100,,5867,7,,,1,100,,5864,7,,,1,59,,5865,7,,,1,96,,5870,7,,,1,77,,5872,7,,,1,22,,5866,7,,,1,75,,5861,7,,,1,27,,5877,7,,,1,75,,5862,7,,,1,77,,5874,7,,,1,29,,5873,7,,,1,68,,5879,7,,,1,100,,5875,7,,,1,100,,5876,7,,,1,100,,5880,7,,,1,100,,5878,7,,,1,52,,5883,7,,,1,150,,5882,7,,,1
2703,'DIM',858,,6673,7,,,2,100,,6668,7,,,2,95,,6669,7,,,2,104,,6671,7,,,2,101,,6667,7,,,2,100,,6665,7,,,2,96,,6666,7,,,2,148,,6670,7,,,2,98,,6672,7,,,2,100,,6658,7,,,2,100,,6657,7,,,2,58,,6663,7,,,2,100,,6661,7,,,2,100,,6662,7,,,2,142,,6659,7,,,2,100,,6660,7,,,2,100,,6664,7,,,2
2703,'SAM',658,,6687,7,,,2,100,,6684,7,,,2,96,,6689,7,,,2,104,,6691,7,,,2,95,,6683,7,,,2,104,,6674,7,,,2,96,,6685,7,,,2,105,,6688,7,,,2,147,,6686,7,,,2,95,,6690,7,,,2,100,,6692,7,,,2,100,,6677,7,,,2,100,,6680,7,,,2,58,,6676,7,,,2,100,,6678,7,,,2,99,,6675,7,,,2,143,,6681,7,,,2,100,,6679,7,,,2,100,,6682,7,,,2
2703,'SEM',815,,6693,7,,,2,41,,6696,7,,,2,98,,6713,7,,,2,100,,6712,7,,,2,98,,6698,7,,,2,94,,6705,7,,,2,100,,6701,7,,,2,101,,6695,7,,,2,80,,6697,7,,,2,80,,6700,7,,,2,15,,6703,7,,,2,30,,6706,7,,,2,70,,6694,7,,,2,24,,6699,7,,,2,104,,6708,7,,,2,91,,6711,7,,,2,108,,6704,7,,,2,100,,6702,7,,,2,99,,6707,7,,,2,101,,6709,7,,,2,95,,6710,7,,,2
3103,'DIM',634,,6784,9,,,1,99,,6783,9,,,1,99,,6788,9,,,1,99,,6791,9,,,1,99,,6792,9,,,1,101,,6789,9,,,1,100,,6785,9,,,1,101,,6787,9,,,1,101,,6775,9,,,1,96,,6786,9,,,1,101,,6790,9,,,1,102,,6779,9,,,1,98,,6777,9,,,1,100,,6778,9,,,1,102,,6776,9,,,1,100,,6782,9,,,1,100,,6781,9,,,1,100,,6780,9,,,1
3103,'SAM',634,,6805,9,,,1,100,,6808,9,,,1,98,,6806,9,,,1,98,,6809,9,,,1,98,,6811,9,,,1,101,,6793,9,,,1,102,,6803,9,,,1,100,,6807,9,,,1,100,,6804,9,,,1,102,,6810,9,,,1,97,,6796,9,,,1,102,,6797,9,,,1,99,,6800,9,,,1,99,,6794,9,,,1,100,,6801,9,,,1,102,,6802,9,,,1,102,,6795,9,,,1,97,,6799,9,,,1,98,,6798,9,,,1
3103,'SEM',629,,6834,9,,,1,100,,6813,9,,,1,101,,6831,9,,,1,100,,6833,9,,,1,100,,6832,9,,,1,100,,6812,9,,,1,99,,6830,9,,,1,100,,6815,9,,,1,100,,6816,9,,,1,97,,6820,9,,,1,23,,6822,9,,,1,74,,6817,9,,,1,20,,6814,9,,,1,82,,6827,9,,,1,30,,6829,9,,,1,70,,6823,9,,,1,33,,6819,9,,,1,77,,6825,9,,,1,102,,6818,9,,,1,99,,6821,9,,,1,102,,6826,9,,,1,97,,6824,9,,,1,110,,6828,9,,,1
4303,'DIM',634,,7751,7,,,1,100,,7752,7,,,1,100,,7753,7,,,1,100,,7744,7,,,1,106,,7745,7,,,1,103,,7754,7,,,1,99,,7757,7,,,1,101,,7755,7,,,1,97,,7758,7,,,1,100,,7756,7,,,1,102,,7739,7,,,1,105,,7743,7,,,1,94,,7750,7,,,1,100,,7747,7,,,1,100,,7741,7,,,1,99,,7740,7,,,1,100,,7742,7,,,1,94,,7746,7,,,1,100,,7749,7,,,1,100,,7748,7,,,1
4303,'SAM',634,,7765,7,,,1,100,,7766,7,,,1,100,,7770,7,,,1,105,,7773,7,,,1,103,,7776,7,,,1,101,,7774,7,,,1,100,,7759,7,,,1,103,,7775,7,,,1,97,,7772,7,,,1,97,,7771,7,,,1,101,,7778,7,,,1,100,,7777,7,,,1,104,,7760,7,,,1,96,,7762,7,,,1,100,,7761,7,,,1,99,,7768,7,,,1,100,,7764,7,,,1,94,,7763,7,,,1,100,,7769,7,,,1,100,,7767,7,,,1
4303,'SEM',635,,7784,7,,,1,100,,7798,7,,,1,82,,7782,7,,,1,103,,7789,7,,,1,30,,7781,7,,,1,70,,7779,7,,,1,29,,7806,7,,,1,70,,7793,7,,,1,30,,7783,7,,,1,70,,7804,7,,,1,30,,7805,7,,,1,70,,7787,7,,,1,30,,7790,7,,,1,71,,7786,7,,,1,30,,7780,7,,,1,70,,7791,7,,,1,25,,7785,7,,,1,70,,7796,7,,,1,25,,7792,7,,,1,70,,7795,7,,,1,30,,7788,7,,,1,70,,7794,7,,,1,99,,7803,7,,,1,100,,7799,7,,,1,105,,7801,7,,,1,100,,7797,7,,,1,108,,7802,7,,,1,110,,7800,7,,,1
4803,'DIM',703,,8156,7,,,1,103,,8152,7,,,1,102,,8157,7,,,1,100,,8155,7,,,1,99,,8158,7,,,1,102,,8161,7,,,1,96,,8153,7,,,1,104,,8159,7,,,1,100,,8154,7,,,1,99,,8160,7,,,1,102,,8149,7,,,1,100,,8162,7,,,1,100,,8146,7,,,1,100,,8144,7,,,1,99,,8150,7,,,1,100,,8145,7,,,1,100,,8148,7,,,1,30,,8147,7,,,1,161,,8151,7,,,1
4803,'SAM',605,,8179,7,,,1,99,,8175,7,,,1,102,,8163,7,,,1,102,,8176,7,,,1,100,,8181,7,,,1,100,,8180,7,,,1,95,,8182,7,,,1,106,,8177,7,,,1,100,,8178,7,,,1,100,,8174,7,,,1,99,,8164,7,,,1,102,,8167,7,,,1,100,,8165,7,,,1,100,,8172,7,,,1,100,,8170,7,,,1,99,,8166,7,,,1,100,,8168,7,,,1,100,,8169,7,,,1,30,,8171,7,,,1,161,,8173,7,,,1
4803,'SEM',531,,8185,7,,,1,28,,8199,7,,,1,60,,8203,7,,,1,38,,8209,7,,,1,73,,8186,7,,,1,70,,8189,7,,,1,21,,8188,7,,,1,33,,8198,7,,,1,75,,8212,7,,,1,105,,8207,7,,,1,100,,8208,7,,,1,100,,8211,7,,,1,93,,8210,7,,,1,80,,8193,7,,,1,30,,8187,7,,,1,75,,8184,7,,,1,31,,8191,7,,,1,65,,8194,7,,,1,29,,8190,7,,,1,72,,8183,7,,,1,29,,8192,7,,,1,71,,8195,7,,,1,49,,8201,7,,,1,145,,8200,7,,,1,100,,8197,7,,,1,99,,8196,7,,,1,100,,8205,7,,,1,54,,8202,7,,,1,91,,8204,7,,,1,79,,8206,7,,,1
5801,'DIM',524,,8777,7,,,2,100,,8769,7,,,2,90,,2987,7,,,2,101,,8767,7,,,2,100,,8768,7,,,2,99,,8773,7,,,2,100,,8770,7,,,2,101,,8766,7,,,2,100,,8771,7,,,2,100,,8775,7,,,2,98,,8772,7,,,2,109,,8776,7,,,2,94,,8760,7,,,2,102,,8774,7,,,2,97,,8765,7,,,2,100,,8762,7,,,2,100,,8764,7,,,2,100,,8761,7,,,2,99,,8759,7,,,2,109,,8763,7,,,2
5801,'SAM',529,,8794,7,,,2,95,,8790,7,,,2,93,,8792,7,,,2,98,,8795,7,,,2,100,,8780,7,,,2,99,,8782,7,,,2,103,,8793,7,,,2,98,,8785,7,,,2,105,,8791,7,,,2,94,,8778,7,,,2,111,,8779,7,,,2,99,,8797,7,,,2,100,,8796,7,,,2,88,,8787,7,,,2,107,,8784,7,,,2,96,,8781,7,,,2,100,,8783,7,,,2,100,,8788,7,,,2,99,,8789,7,,,2,109,,8786,7,,,2
5801,'SEM',511,,8802,7,,,2,28,,8824,7,,,2,82,,8822,7,,,2,38,,8798,7,,,2,92,,8799,7,,,2,84,,8808,7,,,2,100,,8807,7,,,2,100,,8821,7,,,2,100,,8803,7,,,2,100,,8823,7,,,2,100,,8805,7,,,2,80,,8804,7,,,2,87,,8825,7,,,2,31,,8811,7,,,2,71,,8809,7,,,2,20,,8806,7,,,2,19,,8801,7,,,2,60,,8812,7,,,2,20,,8816,7,,,2,15,,8800,7,,,2,65,,8819,7,,,2,19,,8813,7,,,2,30,,8810,7,,,2,100,,8818,7,,,2,100,,8814,7,,,2,102,,8817,7,,,2,105,,8815,7,,,2,99,,8820,7,,,2
6002,'DIM',654,,8943,7,,,1,99,,8952,7,,,1,100,,8951,7,,,1,101,,8955,7,,,1,100,,8953,7,,,1,100,,8957,7,,,1,100,,8954,7,,,1,100,,8956,7,,,1,100,,8958,7,,,1,99,,8942,7,,,1,100,,8959,7,,,1,100,,8949,7,,,1,100,,8945,7,,,1,101,,8944,7,,,1,100,,8947,7,,,1,100,,8946,7,,,1,100,,8948,7,,,1,99,,8950,7,,,1
6002,'SAM',654,,8973,7,,,1,99,,8972,7,,,1,94,,8975,7,,,1,107,,8971,7,,,1,100,,8969,7,,,1,100,,8977,7,,,1,100,,8976,7,,,1,97,,8970,7,,,1,103,,8974,7,,,1,99,,8961,7,,,1,100,,8965,7,,,1,100,,8966,7,,,1,100,,8960,7,,,1,101,,8964,7,,,1,100,,8962,7,,,1,100,,8968,7,,,1,100,,8967,7,,,1,99,,8963,7,,,1
6002,'SEM',629,,8978,7,,,1,116,,8994,7,,,1,82,,8993,7,,,1,102,,8981,7,,,1,96,,8980,7,,,1,100,,8982,7,,,1,100,,8996,7,,,1,100,,8995,7,,,1,96,,8983,7,,,1,104,,8979,7,,,1,101,,8984,7,,,1,100,,8990,7,,,1,101,,8986,7,,,1,98,,8989,7,,,1,100,,8992,7,,,1,99,,8985,7,,,1,100,,8988,7,,,1,90,,8987,7,,,1,100,,8991,7,,,1
7002,'DIM',658,,3827,7,,,1,101,,9644,7,,,1,100,,9645,7,,,1,100,,9642,7,,,1,67,,9640,7,,,1,33,,9631,7,,,1,72,,9652,7,,,1,69,,9641,7,,,1,27,,9637,7,,,1,73,,9639,7,,,1,30,,9648,7,,,1,70,,9646,7,,,1,30,,9647,7,,,1,70,,9635,7,,,1,31,,9643,7,,,1,24,,9649,7,,,1,78,,9632,7,,,1,74,,9651,7,,,1,34,,9630,7,,,1,74,,9650,7,,,1,95,,9653,7,,,1,95,,9633,7,,,1,95,,9629,7,,,1,100,,9636,7,,,1,59,,9634,7,,,1,143,,9638,7,,,1
7002,'SAM',658,,9673,7,,,1,97,,9671,7,,,1,99,,9676,7,,,1,99,,9675,7,,,1,75,,9669,7,,,1,31,,9672,7,,,1,72,,9668,7,,,1,69,,9661,7,,,1,32,,9674,7,,,1,27,,9666,7,,,1,75,,9679,7,,,1,66,,9657,7,,,1,36,,9667,7,,,1,69,,9678,7,,,1,23,,9670,7,,,1,72,,9681,7,,,1,29,,9680,7,,,1,72,,9677,7,,,1,42,,9656,7,,,1,72,,9663,7,,,1,95,,9665,7,,,1,90,,9664,7,,,1,58,,9658,7,,,1,101,,9659,7,,,1,100,,9660,7,,,1,141,,9662,7,,,1
7002,'SEM',531,,9703,7,,,1,97,,9688,7,,,1,25,,9709,7,,,1,71,,9715,7,,,1,33,,9687,7,,,1,72,,9689,7,,,1,71,,9713,7,,,1,30,,9712,7,,,1,70,,9685,7,,,1,30,,9702,7,,,1,70,,9710,7,,,1,30,,9684,7,,,1,70,,9711,7,,,1,31,,9704,7,,,1,70,,9714,7,,,1,40,,9686,7,,,1,60,,9683,7,,,1,27,,9691,7,,,1,31,,9695,7,,,1,70,,9690,7,,,1,71,,9697,7,,,1,31,,9692,7,,,1,69,,9693,7,,,1,33,,9696,7,,,1,75,,9694,7,,,1,31,,9700,7,,,1,81,,9701,7,,,1,87,,9707,7,,,1,100,,9698,7,,,1,104,,9699,7,,,1,105,,9705,7,,,1,102,,9708,7,,,1,104,,9706,7,,,1
7303,'DIM',649,,9733,7,,,1,99,,9728,7,,,1,99,,9730,7,,,1,99,,9727,7,,,1,101,,9729,7,,,1,99,,9731,7,,,1,102,,9720,7,,,1,98,,9726,7,,,1,100,,9732,7,,,1,100,,9734,7,,,1,101,,9718,7,,,1,100,,9719,7,,,1,98,,9716,7,,,1,102,,9721,7,,,1,100,,9724,7,,,1,100,,9717,7,,,1,100,,9722,7,,,1,101,,9725,7,,,1,106,,9723,7,,,1
7303,'SAM',554,,9749,7,,,1,95,,9736,7,,,1,99,,9753,7,,,1,99,,9751,7,,,1,99,,9738,7,,,1,101,,9750,7,,,1,100,,9754,7,,,1,100,,9752,7,,,1,100,,9735,7,,,1,100,,9755,7,,,1,100,,9756,7,,,1,100,,9741,7,,,1,100,,9737,7,,,1,99,,9743,7,,,1,101,,9742,7,,,1,100,,9739,7,,,1,100,,9740,7,,,1,100,,9744,7,,,1,102,,9745,7,,,1,105,,9747,7,,,1,102,,9746,7,,,1,98,,9748,7,,,1
7303,'SEM',542,,9801,7,,,1,65,,9798,7,,,1,37,,9799,7,,,1,7,,9767,7,,,1,77,,9763,7,,,1,23,,9770,7,,,1,81,,9772,7,,,1,14,,9780,7,,,1,69,,9762,7,,,1,30,,9760,7,,,1,70,,9802,7,,,1,30,,9774,7,,,1,70,,9768,7,,,1,30,,9800,7,,,1,69,,9769,7,,,1,30,,9777,7,,,1,70,,9803,7,,,1,30,,9761,7,,,1,70,,9778,7,,,1,26,,9758,7,,,1,71,,9771,7,,,1,30,,9804,7,,,1,60,,9757,7,,,1,17,,9785,7,,,1,18,,9773,7,,,1,13,,9759,7,,,1,54,,9764,7,,,1,15,,9766,7,,,1,15,,9765,7,,,1,14,,9788,7,,,1,53,,9775,7,,,1,17,,9781,7,,,1,14,,9776,7,,,1,19,,9787,7,,,1,75,,9791,7,,,1,26,,9779,7,,,1,73,,9782,7,,,1,28,,9794,7,,,1,71,,9784,7,,,1,30,,9786,7,,,1,67,,9783,7,,,1,33,,9790,7,,,1,70,,9795,7,,,1,30,,9797,7,,,1,75,,9789,7,,,1,30,,9792,7,,,1,67,,9793,7,,,1,122,,9796,7,,,1
7401,'DIM',719,,9897,7,,,2,98,,9898,7,,,2,100,,9904,7,,,2,99,,9902,7,,,2,101,,9899,7,,,2,100,,9900,7,,,2,101,,9901,7,,,2,100,,9905,7,,,2,100,,9903,7,,,2,99,,9906,7,,,2,100,,9890,7,,,2,98,,9894,7,,,2,100,,9896,7,,,2,102,,9895,7,,,2,101,,9893,7,,,2,99,,9891,7,,,2,100,,9892,7,,,2
7401,'SAM',720,,9917,7,,,2,99,,9915,7,,,2,100,,9920,7,,,2,99,,9923,7,,,2,100,,9918,7,,,2,100,,9921,7,,,2,98,,9916,7,,,2,102,,9922,7,,,2,100,,9919,7,,,2,101,,9909,7,,,2,98,,9907,7,,,2,100,,9913,7,,,2,100,,9914,7,,,2,102,,9912,7,,,2,101,,9908,7,,,2,97,,9910,7,,,2,100,,9911,7,,,2
7401,'SEM',621,,9941,7,,,2,95,,9942,7,,,2,100,,9928,7,,,2,106,,9930,7,,,2,97,,9927,7,,,2,100,,9940,7,,,2,101,,9943,7,,,2,100,,9926,7,,,2,99,,9924,7,,,2,99,,9931,7,,,2,90,,9925,7,,,2,102,,9934,7,,,2,30,,9929,7,,,2,80,,9938,7,,,2,99,,9932,7,,,2,100,,9936,7,,,2,100,,9935,7,,,2,97,,9933,7,,,2,103,,9937,7,,,2,98,,9939,7,,,2
33503,'DIM',2637,,10845,3,,,2
33503,'SAM',2637,,10846,3,,,2
33503,'SEM',2637,,10847,3,,,2
