1704,'DIM',508,,5896,37,,,1,50,,5899,37,,,1,146,,5902,37,,,1,97,,5895,37,,,1,100,,5889,37,,,1,102,,5894,37,,,1,100,,5897,37,,,1,100,,5901,37,,,1,103,,5898,37,,,1,100,,5903,37,,,1,102,,5905,37,,,1,99,,5893,37,,,1,101,,5900,37,,,1,99,,5885,37,,,1,98,,5904,37,,,1,99,,5888,37,,,1,99,,5886,37,,,1,99,,5887,37,,,1,99,,5890,37,,,1,99,,5892,37,,,1,56,,5891,37,,,1
1704,'SAM',509,,5917,37,,,1,49,,5914,37,,,1,146,,5909,37,,,1,97,,5916,37,,,1,100,,5922,37,,,1,103,,5919,37,,,1,99,,5920,37,,,1,100,,5918,37,,,1,102,,5924,37,,,1,100,,5915,37,,,1,101,,5921,37,,,1,101,,5925,37,,,1,102,,5923,37,,,1,98,,5926,37,,,1,98,,5906,37,,,1,99,,5907,37,,,1,99,,5908,37,,,1,99,,5913,37,,,1,99,,5911,37,,,1,99,,5912,37,,,1,56,,5910,37,,,1
1704,'SEM',521,,5938,37,,,1,103,,5948,37,,,1,20,,5928,37,,,1,62,,5932,37,,,1,16,,5934,37,,,1,25,,5949,37,,,1,74,,5927,37,,,1,101,,5931,37,,,1,84,,5936,37,,,1,99,,5930,37,,,1,101,,5939,37,,,1,100,,5935,37,,,1,100,,5929,37,,,1,102,,5933,37,,,1,103,,5937,37,,,1,98,,5944,37,,,1,101,,5942,37,,,1,98,,5940,37,,,1,98,,5946,37,,,1,100,,5941,37,,,1,98,,5943,37,,,1,100,,5947,37,,,1,99,,5945,37,,,1
2704,'DIM',755,,6730,42,,,2,101,,6731,42,,,2,100,,6733,42,,,2,99,,6728,42,,,2,95,,6729,42,,,2,105,,6732,42,,,2,102,,6727,42,,,2,100,,6726,42,,,2,95,,6720,42,,,2,101,,6721,42,,,2,105,,6725,42,,,2,99,,6719,42,,,2,100,,6718,42,,,2,98,,6724,42,,,2,100,,6722,42,,,2,100,,6723,42,,,2
2704,'SAM',654,,6749,42,,,2,101,,6746,42,,,2,100,,6744,42,,,2,96,,6748,42,,,2,104,,6750,42,,,2,95,,6743,42,,,2,105,,6734,42,,,2,96,,6745,42,,,2,106,,6747,42,,,2,146,,6739,42,,,2,55,,6741,42,,,2,100,,6742,42,,,2,99,,6737,42,,,2,100,,6740,42,,,2,98,,6736,42,,,2,100,,6738,42,,,2,99,,6735,42,,,2
2704,'SEM',619,,6770,42,,,2,29,,6754,42,,,2,74,,6752,42,,,2,24,,6757,42,,,2,64,,6772,42,,,2,29,,6769,42,,,2,79,,6751,42,,,2,40,,6756,42,,,2,96,,6773,42,,,2,150,,6771,42,,,2,55,,6753,42,,,2,90,,6774,42,,,2,101,,6760,42,,,2,105,,6755,42,,,2,79,,6759,42,,,2,80,,6758,42,,,2,16,,6767,42,,,2,27,,6763,42,,,2,73,,6765,42,,,2,73,,6764,42,,,2,100,,6762,42,,,2,45,,6768,42,,,2,99,,6761,42,,,2,100,,6766,42,,,2
3104,'DIM',628,,1107,47,,,1,103,,6844,47,,,1,100,,6843,47,,,1,102,,6848,47,,,1,102,,6851,47,,,1,100,,6852,47,,,1,101,,6849,47,,,1,101,,6845,47,,,1,102,,6847,47,,,1,102,,6835,47,,,1,96,,6846,47,,,1,101,,6850,47,,,1,97,,6838,47,,,1,100,,6837,47,,,1,99,,6839,47,,,1,99,,6836,47,,,1,99,,6842,47,,,1,98,,6841,47,,,1,101,,6840,47,,,1
3104,'SAM',527,,6869,47,,,1,99,,6863,47,,,1,105,,6865,47,,,1,101,,6868,47,,,1,101,,6866,47,,,1,101,,6870,47,,,1,99,,6872,47,,,1,101,,6853,47,,,1,103,,6862,47,,,1,101,,6867,47,,,1,101,,6864,47,,,1,102,,6871,47,,,1,97,,6856,47,,,1,99,,6857,47,,,1,98,,6859,47,,,1,99,,6854,47,,,1,99,,6860,47,,,1,99,,6861,47,,,1,98,,6855,47,,,1,101,,6858,47,,,1
3104,'SEM',458,,6889,47,,,1,71,,1143,47,,,1,85,,6890,47,,,1,22,,6892,47,,,1,23,,6875,47,,,1,74,,6877,47,,,1,72,,6888,47,,,1,30,,6874,47,,,1,70,,6876,47,,,1,31,,6893,47,,,1,100,,6895,47,,,1,100,,6894,47,,,1,100,,6873,47,,,1,100,,6891,47,,,1,100,,6878,47,,,1,104,,6879,47,,,1,102,,6882,47,,,1,101,,6880,47,,,1,97,,6887,47,,,1,97,,6884,47,,,1,101,,6885,47,,,1,99,,6881,47,,,1,99,,6883,47,,,1,105,,6886,47,,,1
3904,'DIM',839,,1465,47,,,1,99,,7195,47,,,1,95,,7201,47,,,1,14,,7199,47,,,1,74,,7203,47,,,1,28,,7208,47,,,1,74,,7196,47,,,1,31,,7207,47,,,1,71,,7194,47,,,1,29,,7189,47,,,1,76,,7198,47,,,1,25,,7197,47,,,1,68,,7202,47,,,1,27,,7205,47,,,1,76,,7204,47,,,1,30,,7191,47,,,1,70,,7200,47,,,1,30,,7206,47,,,1,79,,7192,47,,,1,85,,7187,47,,,1,100,,7190,47,,,1,97,,7193,47,,,1,99,,7188,47,,,1
3904,'SAM',839,,7223,47,,,1,101,,7222,47,,,1,93,,7224,47,,,1,14,,7228,47,,,1,76,,7225,47,,,1,30,,7220,47,,,1,70,,7227,47,,,1,31,,7229,47,,,1,70,,7219,47,,,1,30,,7218,47,,,1,75,,7221,47,,,1,29,,7209,47,,,1,69,,7210,47,,,1,25,,7226,47,,,1,74,,7213,47,,,1,30,,7230,47,,,1,70,,7214,47,,,1,30,,7216,47,,,1,79,,7211,47,,,1,85,,7215,47,,,1,100,,7217,47,,,1,97,,7212,47,,,1,99,,1475,47,,,1
3904,'SEM',628,,7253,47,,,1,81,,7234,47,,,1,12,,7241,47,,,1,10,,7243,47,,,1,74,,7235,47,,,1,28,,7233,47,,,1,75,,7244,47,,,1,27,,7242,47,,,1,70,,7256,47,,,1,29,,7240,47,,,1,70,,7252,47,,,1,30,,7250,47,,,1,70,,7232,47,,,1,30,,7255,47,,,1,70,,7251,47,,,1,30,,7254,47,,,1,75,,7239,47,,,1,30,,7237,47,,,1,70,,7231,47,,,1,33,,7236,47,,,1,106,,7245,47,,,1,107,,7238,47,,,1,102,,7249,47,,,1,100,,7247,47,,,1,99,,7248,47,,,1,99,,7246,47,,,1
4304,'DIM',505,,2049,22,,,1,102,,2043,22,,,1,101,,7817,22,,,1,102,,7818,22,,,1,101,,7819,22,,,1,100,,7812,22,,,1,106,,7813,22,,,1,102,,7820,22,,,1,99,,7823,22,,,1,102,,7821,22,,,1,98,,7824,22,,,1,102,,7822,22,,,1,100,,7807,22,,,1,105,,7811,22,,,1,95,,7816,22,,,1,100,,7815,22,,,1,100,,7809,22,,,1,99,,7808,22,,,1,99,,7810,22,,,1,91,,7814,22,,,1
4304,'SAM',505,,2068,22,,,1,102,,7835,22,,,1,101,,7831,22,,,1,102,,7832,22,,,1,101,,7836,22,,,1,104,,7839,22,,,1,103,,7842,22,,,1,101,,7840,22,,,1,100,,7825,22,,,1,104,,7841,22,,,1,98,,7838,22,,,1,98,,7837,22,,,1,101,,7844,22,,,1,100,,7843,22,,,1,102,,7826,22,,,1,98,,7828,22,,,1,100,,7827,22,,,1,99,,7833,22,,,1,99,,7830,22,,,1,91,,7829,22,,,1,100,,7834,22,,,1
4304,'SEM',525,,7870,22,,,1,32,,7873,22,,,1,76,,7846,22,,,1,20,,7850,22,,,1,60,,7853,22,,,1,21,,7860,22,,,1,23,,7874,22,,,1,67,,7866,22,,,1,33,,7849,22,,,1,70,,7852,22,,,1,73,,7857,22,,,1,28,,7848,22,,,1,30,,7845,22,,,1,70,,7877,22,,,1,30,,7861,22,,,1,70,,7851,22,,,1,30,,7875,22,,,1,70,,7876,22,,,1,30,,7856,22,,,1,71,,7858,22,,,1,71,,7855,22,,,1,31,,7847,22,,,1,72,,7859,22,,,1,26,,7854,22,,,1,30,,7864,22,,,1,97,,7863,22,,,1,95,,7862,22,,,1,99,,7872,22,,,1,100,,7868,22,,,1,99,,7869,22,,,1,100,,7865,22,,,1,110,,7867,22,,,1,62,,7871,22,,,1
7304,'DIM',543,,4008,65,,,1,70,,3997,65,,,1,102,,9816,65,,,1,101,,9822,65,,,1,101,,9817,65,,,1,102,,9819,65,,,1,101,,9815,65,,,1,100,,9818,65,,,1,101,,9820,65,,,1,101,,9809,65,,,1,101,,9814,65,,,1,101,,9821,65,,,1,100,,9823,65,,,1,98,,9807,65,,,1,98,,9808,65,,,1,99,,9805,65,,,1,99,,9810,65,,,1,99,,9812,65,,,1,98,,9806,65,,,1,101,,9811,65,,,1,99,,9813,65,,,1
7304,'SAM',543,,9846,65,,,1,70,,9834,65,,,1,104,,9838,65,,,1,99,,9826,65,,,1,101,,9842,65,,,1,102,,9840,65,,,1,102,,9827,65,,,1,101,,9839,65,,,1,99,,9843,65,,,1,101,,9841,65,,,1,101,,9824,65,,,1,102,,9844,65,,,1,99,,9845,65,,,1,98,,9830,65,,,1,98,,9825,65,,,1,99,,9832,65,,,1,99,,9831,65,,,1,99,,9828,65,,,1,98,,9829,65,,,1,101,,9833,65,,,1,99,,9835,65,,,1,100,,9837,65,,,1,99,,9836,65,,,1
7304,'SEM',507,,9876,65,,,1,44,,9874,65,,,1,81,,9885,65,,,1,18,,9887,65,,,1,66,,9886,65,,,1,12,,9853,65,,,1,12,,9882,65,,,1,13,,9859,65,,,1,61,,9862,65,,,1,16,,9883,65,,,1,15,,9854,65,,,1,66,,9851,65,,,1,29,,9857,65,,,1,82,,9866,65,,,1,29,,9852,65,,,1,70,,9849,65,,,1,30,,9888,65,,,1,70,,9861,65,,,1,35,,9855,65,,,1,66,,9884,65,,,1,30,,9856,65,,,1,70,,9863,65,,,1,30,,9889,65,,,1,72,,9850,65,,,1,82,,9864,65,,,1,13,,9848,65,,,1,19,,9847,65,,,1,75,,9858,65,,,1,15,,9871,65,,,1,25,,9870,65,,,1,73,,9860,65,,,1,74,,9877,65,,,1,23,,9875,65,,,1,32,,9867,65,,,1,66,,9873,65,,,1,31,,9879,65,,,1,71,,9865,65,,,1,27,,9868,65,,,1,70,,9880,65,,,1,29,,9869,65,,,1,70,,9872,65,,,1,100,,9878,65,,,1,94,,9881,65,,,1
7402,'DIM',643,,9951,78,,,2,102,,9955,78,,,2,102,,9954,78,,,2,101,,9956,78,,,2,102,,9958,78,,,2,101,,9947,78,,,2,100,,9952,78,,,2,101,,9953,78,,,2,102,,9957,78,,,2,99,,9959,78,,,2,99,,9960,78,,,2,100,,9944,78,,,2,98,,9946,78,,,2,98,,9948,78,,,2,99,,9950,78,,,2,100,,9949,78,,,2,99,,9945,78,,,2
7402,'SAM',643,,9971,78,,,2,102,,9974,78,,,2,100,,9962,78,,,2,101,,9976,78,,,2,104,,9975,78,,,2,101,,9970,78,,,2,99,,9973,78,,,2,101,,9972,78,,,2,103,,9961,78,,,2,99,,9977,78,,,2,100,,9964,78,,,2,97,,9965,78,,,2,98,,9966,78,,,2,100,,9969,78,,,2,98,,9963,78,,,2,100,,9967,78,,,2,99,,9968,78,,,2
7402,'SEM',606,,9995,78,,,2,48,,9996,78,,,2,56,,9981,78,,,2,47,,9985,78,,,2,96,,9980,78,,,2,98,,9983,78,,,2,98,,9992,78,,,2,100,,9984,78,,,2,100,,9993,78,,,2,100,,9978,78,,,2,100,,9982,78,,,2,106,,9979,78,,,2,99,,9987,78,,,2,101,,9991,78,,,2,96,,9986,78,,,2,98,,9990,78,,,2,99,,9994,78,,,2,99,,9989,78,,,2,100,,9988,78,,,2
