5503,'SEM',702,,8560,42,,,2,122,,8565,42,,,2,100,,8564,42,,,2,103,,8562,42,,,2,91,,8576,42,,,2,100,,8561,42,,,2,101,,8563,42,,,2,101,,8566,42,,,2,96,,8567,42,,,2,42,,8570,42,,,2,86,,8571,42,,,2,76,,8572,42,,,2,28,,8573,42,,,2,70,,8568,42,,,2,97,,8574,42,,,2,87,,8575,42,,,2,104,,8569,42,,,2
6103,'DIM',753,,9010,25,,,2,102,,9011,25,,,2,100,,3228,25,,,2,101,,9008,25,,,2,100,,9012,25,,,2,148,,9009,25,,,2,98,,9007,25,,,2,103,,8999,25,,,2,101,,9002,25,,,2,100,,9001,25,,,2,98,,9003,25,,,2,52,,9013,25,,,2,100,,9004,25,,,2,99,,8997,25,,,2,100,,8998,25,,,2,99,,9000,25,,,2,100,,9006,25,,,2,99,,9005,25,,,2
6103,'SAM',753,,9022,25,,,2,102,,9029,25,,,2,98,,9031,25,,,2,103,,9026,25,,,2,146,,9030,25,,,2,102,,9014,25,,,2,101,,9027,25,,,2,95,,9016,25,,,2,103,,9028,25,,,2,101,,9020,25,,,2,99,,9015,25,,,2,53,,9024,25,,,2,100,,9017,25,,,2,99,,9023,25,,,2,100,,9018,25,,,2,99,,9021,25,,,2,100,,9019,25,,,2,102,,9025,25,,,2
6103,'SEM',618,,9054,25,,,2,100,,9039,25,,,2,103,,9035,25,,,2,100,,9038,25,,,2,100,,9036,25,,,2,100,,9055,25,,,2,102,,9056,25,,,2,100,,9033,25,,,2,101,,9034,25,,,2,31,,9032,25,,,2,87,,9043,25,,,2,11,,9044,25,,,2,72,,9047,25,,,2,27,,9049,25,,,2,68,,9037,25,,,2,31,,9045,25,,,2,70,,9053,25,,,2,30,,9040,25,,,2,67,,9041,25,,,2,33,,9050,25,,,2,86,,9051,25,,,2,93,,9042,25,,,2,98,,9048,25,,,2,99,,9046,25,,,2,108,,9052,25,,,2
15103,'DIM',647,,10398,27,,,2,54,,10400,27,,,2,23,,10396,27,,,2,20,,10381,27,,,2,60,,10402,27,,,2,31,,10404,27,,,2,65,,10399,27,,,2,34,,10397,27,,,2,71,,10392,27,,,2,41,,10405,27,,,2,67,,10411,27,,,2,35,,10403,27,,,2,74,,10393,27,,,2,78,,10406,27,,,2,29,,10401,27,,,2,77,,10409,27,,,2,35,,10412,27,,,2,77,,10407,27,,,2,29,,10413,27,,,2,79,,10410,27,,,2,33,,10382,27,,,2,77,,10408,27,,,2,68,,10414,27,,,2,35,,10379,27,,,2,72,,10384,27,,,2,34,,10389,27,,,2,67,,10391,27,,,2,30,,10380,27,,,2,71,,10383,27,,,2,33,,10390,27,,,2,69,,10385,27,,,2,30,,10394,27,,,2,72,,10387,27,,,2,91,,10386,27,,,2,98,,10388,27,,,2,34,,10395,27,,,2
15103,'SAM',647,,10438,27,,,2,11,,10440,27,,,2,66,,10434,27,,,2,20,,10436,27,,,2,60,,10439,27,,,2,31,,10443,27,,,2,24,,10441,27,,,2,75,,10435,27,,,2,71,,10437,27,,,2,41,,10444,27,,,2,61,,10450,27,,,2,41,,10432,27,,,2,74,,10446,27,,,2,78,,10445,27,,,2,29,,10451,27,,,2,79,,10433,27,,,2,32,,10447,27,,,2,78,,10448,27,,,2,29,,10442,27,,,2,79,,10416,27,,,2,32,,10415,27,,,2,78,,10449,27,,,2,68,,10418,27,,,2,35,,10417,27,,,2,72,,10425,27,,,2,34,,10423,27,,,2,67,,10427,27,,,2,33,,10430,27,,,2,68,,10426,27,,,2,33,,10424,27,,,2,69,,10419,27,,,2,30,,10431,27,,,2,72,,10421,27,,,2,94,,10420,27,,,2,95,,10422,27,,,2,34,,10429,27,,,2,93,,10428,27,,,2
15103,'SEM',615,,10502,27,,,2,20,,10452,27,,,2,20,,10500,27,,,2,50,,10497,27,,,2,15,,10505,27,,,2,26,,10506,27,,,2,60,,10457,27,,,2,14,,10456,27,,,2,26,,10498,27,,,2,64,,10470,27,,,2,21,,10466,27,,,2,18,,10510,27,,,2,58,,10453,27,,,2,21,,10460,27,,,2,29,,10468,27,,,2,61,,10471,27,,,2,19,,10465,27,,,2,18,,10499,27,,,2,57,,10492,27,,,2,22,,10503,27,,,2,71,,10501,27,,,2,20,,10504,27,,,2,19,,10507,27,,,2,60,,10508,27,,,2,24,,10455,27,,,2,22,,10462,27,,,2,59,,10458,27,,,2,22,,10509,27,,,2,18,,10511,27,,,2,58,,10475,27,,,2,8,,10480,27,,,2,10,,10454,27,,,2,7,,10464,27,,,2,13,,10463,27,,,2,8,,10461,27,,,2,4,,10478,27,,,2,54,,10469,27,,,2,8,,10472,27,,,2,6,,10486,27,,,2,12,,10459,27,,,2,16,,10484,27,,,2,52,,10467,27,,,2,13,,10473,27,,,2,17,,10476,27,,,2,19,,10496,27,,,2,69,,10481,27,,,2,29,,10483,27,,,2,69,,10474,27,,,2,26,,10491,27,,,2,75,,10490,27,,,2,30,,10495,27,,,2,73,,10477,27,,,2,29,,10479,27,,,2,65,,10482,27,,,2,33,,10485,27,,,2,69,,10487,27,,,2,37,,10489,27,,,2,76,,10488,27,,,2,80,,10494,27,,,2,25,,10493,27,,,2
25103,'SEM',1541,,10731,23,,,1,18,,10730,23,,,1,145,,10732,23,,,1
25503,'DIM',838,,10758,39,,,2,101,,10760,39,,,2,99,,10759,39,,,2,100,,10761,39,,,2,102,,10756,39,,,2,100,,10746,39,,,2,101,,10757,39,,,2,100,,10747,39,,,2,101,,10751,39,,,2,100,,10762,39,,,2,102,,10752,39,,,2,94,,10748,39,,,2,100,,10755,39,,,2,98,,10749,39,,,2,100,,10753,39,,,2,100,,10750,39,,,2,99,,10754,39,,,2
25503,'SAM',838,,10774,39,,,2,101,,10776,39,,,2,99,,10775,39,,,2,100,,10777,39,,,2,102,,10763,39,,,2,100,,10778,39,,,2,101,,10764,39,,,2,100,,10779,39,,,2,101,,10765,39,,,2,100,,10768,39,,,2,101,,10772,39,,,2,95,,10769,39,,,2,100,,10773,39,,,2,98,,10766,39,,,2,100,,10770,39,,,2,100,,10767,39,,,2,99,,10771,39,,,2
25503,'SEM',2206,,10780,39,,,2,99,,10781,39,,,2,116,,10782,39,,,2
