1704,'DIM',512,,5896,45,,,1,90,,5899,45,,,1,106,,5902,45,,,1,97,,5895,45,,,1,100,,5889,45,,,1,102,,5894,45,,,1,101,,5897,45,,,1,100,,5901,45,,,1,103,,5898,45,,,1,100,,5903,45,,,1,102,,5905,45,,,1,99,,5893,45,,,1,101,,5900,45,,,1,99,,5885,45,,,1,98,,5904,45,,,1,99,,5888,45,,,1,99,,5886,45,,,1,98,,5887,45,,,1,99,,5890,45,,,1,99,,5892,45,,,1,96,,5891,45,,,1
1704,'SAM',513,,5917,45,,,1,89,,5914,45,,,1,106,,5909,45,,,1,97,,5916,45,,,1,100,,5922,45,,,1,103,,5919,45,,,1,100,,5920,45,,,1,100,,5918,45,,,1,102,,5924,45,,,1,100,,5915,45,,,1,101,,5921,45,,,1,101,,5925,45,,,1,102,,5923,45,,,1,98,,5926,45,,,1,98,,5906,45,,,1,99,,5907,45,,,1,99,,5908,45,,,1,98,,5913,45,,,1,99,,5911,45,,,1,99,,5912,45,,,1,96,,5910,45,,,1
1704,'SEM',525,,5938,45,,,1,103,,5948,45,,,1,21,,5928,45,,,1,63,,5932,45,,,1,16,,5934,45,,,1,25,,5949,45,,,1,74,,5927,45,,,1,101,,5931,45,,,1,84,,5936,45,,,1,99,,5930,45,,,1,101,,5939,45,,,1,100,,5935,45,,,1,100,,5929,45,,,1,102,,5933,45,,,1,103,,5937,45,,,1,98,,5944,45,,,1,101,,5942,45,,,1,97,,5940,45,,,1,98,,5946,45,,,1,100,,5941,45,,,1,98,,5943,45,,,1,99,,5947,45,,,1,99,,5945,45,,,1
2704,'DIM',759,,6730,50,,,2,141,,6731,50,,,2,100,,6733,50,,,2,59,,6728,50,,,2,96,,6729,50,,,2,145,,6732,50,,,2,102,,6727,50,,,2,100,,6726,50,,,2,55,,6720,50,,,2,101,,6721,50,,,2,145,,6725,50,,,2,98,,6719,50,,,2,100,,6718,50,,,2,58,,6724,50,,,2,100,,6722,50,,,2,100,,6723,50,,,2
2704,'SAM',658,,6749,50,,,2,101,,6746,50,,,2,100,,6744,50,,,2,96,,6748,50,,,2,104,,6750,50,,,2,96,,6743,50,,,2,145,,6734,50,,,2,56,,6745,50,,,2,146,,6747,50,,,2,106,,6739,50,,,2,95,,6741,50,,,2,100,,6742,50,,,2,98,,6737,50,,,2,100,,6740,50,,,2,58,,6736,50,,,2,100,,6738,50,,,2,99,,6735,50,,,2
2704,'SEM',623,,6770,50,,,2,30,,6754,50,,,2,75,,6752,50,,,2,24,,6757,50,,,2,64,,6772,50,,,2,29,,6769,50,,,2,79,,6751,50,,,2,79,,6756,50,,,2,56,,6773,50,,,2,150,,6771,50,,,2,95,,6753,50,,,2,50,,6774,50,,,2,101,,6760,50,,,2,146,,6755,50,,,2,39,,6759,50,,,2,79,,6758,50,,,2,16,,6767,50,,,2,67,,6763,50,,,2,33,,6765,50,,,2,73,,6764,50,,,2,99,,6762,50,,,2,45,,6768,50,,,2,99,,6761,50,,,2,100,,6766,50,,,2
3104,'DIM',632,,1107,55,,,1,103,,6844,55,,,1,100,,6843,55,,,1,102,,6848,55,,,1,103,,6851,55,,,1,100,,6852,55,,,1,101,,6849,55,,,1,101,,6845,55,,,1,102,,6847,55,,,1,102,,6835,55,,,1,96,,6846,55,,,1,101,,6850,55,,,1,97,,6838,55,,,1,100,,6837,55,,,1,99,,6839,55,,,1,99,,6836,55,,,1,99,,6842,55,,,1,97,,6841,55,,,1,101,,6840,55,,,1
3104,'SAM',531,,6869,55,,,1,99,,6863,55,,,1,105,,6865,55,,,1,101,,6868,55,,,1,101,,6866,55,,,1,102,,6870,55,,,1,99,,6872,55,,,1,101,,6853,55,,,1,103,,6862,55,,,1,101,,6867,55,,,1,101,,6864,55,,,1,102,,6871,55,,,1,97,,6856,55,,,1,99,,6857,55,,,1,98,,6859,55,,,1,99,,6854,55,,,1,99,,6860,55,,,1,99,,6861,55,,,1,97,,6855,55,,,1,101,,6858,55,,,1
3104,'SEM',502,,6889,55,,,1,31,,1143,55,,,1,86,,6890,55,,,1,22,,6892,55,,,1,64,,6875,55,,,1,34,,6877,55,,,1,72,,6888,55,,,1,30,,6874,55,,,1,69,,6876,55,,,1,31,,6893,55,,,1,100,,6895,55,,,1,100,,6894,55,,,1,100,,6873,55,,,1,100,,6891,55,,,1,101,,6878,55,,,1,104,,6879,55,,,1,102,,6882,55,,,1,101,,6880,55,,,1,96,,6887,55,,,1,97,,6884,55,,,1,101,,6885,55,,,1,99,,6881,55,,,1,98,,6883,55,,,1,105,,6886,55,,,1
4304,'DIM',509,,2049,30,,,1,102,,2043,30,,,1,101,,7817,30,,,1,102,,7818,30,,,1,101,,7819,30,,,1,100,,7812,30,,,1,107,,7813,30,,,1,102,,7820,30,,,1,99,,7823,30,,,1,102,,7821,30,,,1,98,,7824,30,,,1,102,,7822,30,,,1,99,,7807,30,,,1,105,,7811,30,,,1,95,,7816,30,,,1,100,,7815,30,,,1,100,,7809,30,,,1,99,,7808,30,,,1,99,,7810,30,,,1,91,,7814,30,,,1
4304,'SAM',509,,2068,30,,,1,102,,7835,30,,,1,101,,7831,30,,,1,102,,7832,30,,,1,101,,7836,30,,,1,104,,7839,30,,,1,104,,7842,30,,,1,101,,7840,30,,,1,100,,7825,30,,,1,104,,7841,30,,,1,98,,7838,30,,,1,98,,7837,30,,,1,100,,7844,30,,,1,100,,7843,30,,,1,102,,7826,30,,,1,98,,7828,30,,,1,100,,7827,30,,,1,99,,7833,30,,,1,99,,7830,30,,,1,91,,7829,30,,,1,100,,7834,30,,,1
4304,'SEM',529,,7870,30,,,1,73,,7873,30,,,1,36,,7846,30,,,1,20,,7850,30,,,1,60,,7853,30,,,1,22,,7860,30,,,1,63,,7874,30,,,1,27,,7866,30,,,1,73,,7849,30,,,1,29,,7852,30,,,1,73,,7857,30,,,1,28,,7848,30,,,1,70,,7845,30,,,1,30,,7877,30,,,1,70,,7861,30,,,1,30,,7851,30,,,1,70,,7875,30,,,1,30,,7876,30,,,1,70,,7856,30,,,1,32,,7858,30,,,1,71,,7855,30,,,1,31,,7847,30,,,1,72,,7859,30,,,1,26,,7854,30,,,1,70,,7864,30,,,1,96,,7863,30,,,1,54,,7862,30,,,1,99,,7872,30,,,1,100,,7868,30,,,1,99,,7869,30,,,1,100,,7865,30,,,1,150,,7867,30,,,1,22,,7871,30,,,1
6001,'DIM',815,,8888,54,,,1,103,,8896,54,,,1,101,,8895,54,,,1,103,,8899,54,,,1,105,,8897,54,,,1,107,,8901,54,,,1,100,,8898,54,,,1,101,,8900,54,,,1,100,,8902,54,,,1,98,,8887,54,,,1,94,,8903,54,,,1,95,,8894,54,,,1,97,,8890,54,,,1,97,,8889,54,,,1,97,,8892,54,,,1,100,,8891,54,,,1,100,,8893,54,,,1
6001,'SAM',711,,8907,54,,,1,104,,8917,54,,,1,103,,8916,54,,,1,95,,8919,54,,,1,109,,8915,54,,,1,105,,8913,54,,,1,107,,8921,54,,,1,100,,8920,54,,,1,107,,8914,54,,,1,94,,8918,54,,,1,98,,8905,54,,,1,94,,8909,54,,,1,95,,8910,54,,,1,97,,8904,54,,,1,97,,8908,54,,,1,97,,8906,54,,,1,100,,8912,54,,,1,100,,8911,54,,,1
6001,'SEM',552,,8938,54,,,1,106,,8922,54,,,1,95,,8923,54,,,1,72,,8925,54,,,1,85,,8928,54,,,1,92,,8939,54,,,1,103,,8940,54,,,1,99,,8924,54,,,1,101,,8926,54,,,1,102,,8941,54,,,1,100,,8930,54,,,1,101,,8927,54,,,1,108,,8933,54,,,1,97,,8929,54,,,1,92,,8936,54,,,1,96,,8932,54,,,1,49,,8935,54,,,1,99,,8937,54,,,1,95,,8931,54,,,1,100,,8934,54,,,1
7304,'DIM',547,,4008,73,,,1,70,,3997,73,,,1,102,,9816,73,,,1,101,,9822,73,,,1,101,,9817,73,,,1,103,,9819,73,,,1,101,,9815,73,,,1,100,,9818,73,,,1,101,,9820,73,,,1,101,,9809,73,,,1,101,,9814,73,,,1,101,,9821,73,,,1,100,,9823,73,,,1,98,,9807,73,,,1,98,,9808,73,,,1,99,,9805,73,,,1,99,,9810,73,,,1,99,,9812,73,,,1,97,,9806,73,,,1,101,,9811,73,,,1,99,,9813,73,,,1
7304,'SAM',547,,9846,73,,,1,70,,9834,73,,,1,104,,9838,73,,,1,99,,9826,73,,,1,101,,9842,73,,,1,103,,9840,73,,,1,102,,9827,73,,,1,101,,9839,73,,,1,99,,9843,73,,,1,101,,9841,73,,,1,101,,9824,73,,,1,102,,9844,73,,,1,99,,9845,73,,,1,98,,9830,73,,,1,98,,9825,73,,,1,99,,9832,73,,,1,99,,9831,73,,,1,99,,9828,73,,,1,97,,9829,73,,,1,101,,9833,73,,,1,99,,9835,73,,,1,100,,9837,73,,,1,99,,9836,73,,,1
7304,'SEM',511,,9876,73,,,1,44,,9874,73,,,1,82,,9885,73,,,1,18,,9887,73,,,1,67,,9886,73,,,1,12,,9853,73,,,1,12,,9882,73,,,1,13,,9859,73,,,1,61,,9862,73,,,1,16,,9883,73,,,1,15,,9854,73,,,1,66,,9851,73,,,1,29,,9857,73,,,1,82,,9866,73,,,1,29,,9852,73,,,1,70,,9849,73,,,1,30,,9888,73,,,1,70,,9861,73,,,1,75,,9855,73,,,1,26,,9884,73,,,1,30,,9856,73,,,1,70,,9863,73,,,1,30,,9889,73,,,1,72,,9850,73,,,1,82,,9864,73,,,1,13,,9848,73,,,1,19,,9847,73,,,1,75,,9858,73,,,1,15,,9871,73,,,1,25,,9870,73,,,1,73,,9860,73,,,1,73,,9877,73,,,1,23,,9875,73,,,1,72,,9867,73,,,1,26,,9873,73,,,1,31,,9879,73,,,1,71,,9865,73,,,1,27,,9868,73,,,1,70,,9880,73,,,1,28,,9869,73,,,1,70,,9872,73,,,1,100,,9878,73,,,1,94,,9881,73,,,1
7402,'DIM',647,,9951,86,,,2,102,,9955,86,,,2,102,,9954,86,,,2,102,,9956,86,,,2,102,,9958,86,,,2,101,,9947,86,,,2,100,,9952,86,,,2,101,,9953,86,,,2,102,,9957,86,,,2,99,,9959,86,,,2,99,,9960,86,,,2,100,,9944,86,,,2,98,,9946,86,,,2,98,,9948,86,,,2,99,,9950,86,,,2,100,,9949,86,,,2,98,,9945,86,,,2
7402,'SAM',647,,9971,86,,,2,102,,9974,86,,,2,100,,9962,86,,,2,102,,9976,86,,,2,104,,9975,86,,,2,101,,9970,86,,,2,99,,9973,86,,,2,101,,9972,86,,,2,103,,9961,86,,,2,99,,9977,86,,,2,100,,9964,86,,,2,97,,9965,86,,,2,98,,9966,86,,,2,100,,9969,86,,,2,98,,9963,86,,,2,100,,9967,86,,,2,98,,9968,86,,,2
7402,'SEM',611,,9995,86,,,2,89,,9996,86,,,2,16,,9981,86,,,2,87,,9985,86,,,2,56,,9980,86,,,2,98,,9983,86,,,2,98,,9992,86,,,2,100,,9984,86,,,2,100,,9993,86,,,2,100,,9978,86,,,2,100,,9982,86,,,2,147,,9979,86,,,2,98,,9987,86,,,2,100,,9991,86,,,2,56,,9986,86,,,2,97,,9990,86,,,2,99,,9994,86,,,2,99,,9989,86,,,2,100,,9988,86,,,2
