1202,'DIM',925,,5788,10,4,,2,100,,5783,10,4,,2,102,,5790,10,4,,2,98,,5786,10,4,,2,103,,5791,10,4,,2,97,,5787,10,4,,2,102,,5789,10,4,,2,102,,5785,10,4,,2,96,,5784,10,4,,2
1202,'SAM',927,,5796,10,4,,2,98,,5795,10,4,,2,102,,5800,10,4,,2,98,,5792,10,4,,2,103,,5793,10,4,,2,97,,5798,10,4,,2,101,,5797,10,4,,2,99,,5794,10,4,,2,100,,5799,10,4,,2
1202,'SEM',816,,5807,10,4,,2,106,,5804,10,4,,2,96,,5806,10,4,,2,100,,5802,10,4,,2,100,,5808,10,4,,2,100,,5801,10,4,,2,106,,5810,10,4,,2,101,,5809,10,4,,2,100,,5803,10,4,,2,100,,5805,10,4,,2
1704,'DIM',516,,5896,52,4,,1,90,,5899,52,4,,1,106,,5902,52,4,,1,97,,5895,52,4,,1,101,,5889,52,4,,1,102,,5894,52,4,,1,101,,5897,52,4,,1,100,,5901,52,4,,1,103,,5898,52,4,,1,100,,5903,52,4,,1,102,,5905,52,4,,1,99,,5893,52,4,,1,101,,5900,52,4,,1,99,,5885,52,4,,1,98,,5904,52,4,,1,99,,5888,52,4,,1,99,,5886,52,4,,1,98,,5887,52,4,,1,99,,5890,52,4,,1,98,,5892,52,4,,1,96,,5891,52,4,,1
1704,'SAM',517,,5917,52,4,,1,89,,5914,52,4,,1,106,,5909,52,4,,1,97,,5916,52,4,,1,101,,5922,52,4,,1,103,,5919,52,4,,1,100,,5920,52,4,,1,100,,5918,52,4,,1,102,,5924,52,4,,1,100,,5915,52,4,,1,101,,5921,52,4,,1,101,,5925,52,4,,1,102,,5923,52,4,,1,98,,5926,52,4,,1,98,,5906,52,4,,1,99,,5907,52,4,,1,99,,5908,52,4,,1,98,,5913,52,4,,1,99,,5911,52,4,,1,98,,5912,52,4,,1,96,,5910,52,4,,1
1704,'SEM',530,,5938,52,4,,1,103,,5948,52,4,,1,21,,5928,52,4,,1,64,,5932,52,4,,1,16,,5934,52,4,,1,25,,5949,52,4,,1,74,,5927,52,4,,1,100,,5931,52,4,,1,84,,5936,52,4,,1,99,,5930,52,4,,1,101,,5939,52,4,,1,100,,5935,52,4,,1,100,,5929,52,4,,1,102,,5933,52,4,,1,103,,5937,52,4,,1,98,,5944,52,4,,1,101,,5942,52,4,,1,97,,5940,52,4,,1,98,,5946,52,4,,1,100,,5941,52,4,,1,98,,5943,52,4,,1,99,,5947,52,4,,1,99,,5945,52,4,,1
2001,'DIM',726,,5958,55,4,,1,101,,5962,55,4,,1,102,,5963,55,4,,1,100,,5965,55,4,,1,100,,5959,55,4,,1,101,,5960,55,4,,1,101,,5961,55,4,,1,102,,5966,55,4,,1,96,,5954,55,4,,1,104,,5952,55,4,,1,102,,5955,55,4,,1,95,,5964,55,4,,1,100,,5950,55,4,,1,99,,5951,55,4,,1,100,,5953,55,4,,1,99,,5956,55,4,,1,99,,5957,55,4,,1
2001,'SAM',624,,5968,55,4,,1,102,,5978,55,4,,1,101,,5981,55,4,,1,102,,5979,55,4,,1,100,,5976,55,4,,1,101,,5983,55,4,,1,100,,5980,55,4,,1,102,,5977,55,4,,1,97,,5970,55,4,,1,99,,5984,55,4,,1,105,,5982,55,4,,1,102,,5967,55,4,,1,101,,5971,55,4,,1,94,,5972,55,4,,1,99,,5969,55,4,,1,100,,5974,55,4,,1,99,,5975,55,4,,1,99,,5973,55,4,,1
2001,'SEM',612,,5987,55,4,,1,88,,5985,55,4,,1,51,,6001,55,4,,1,97,,5989,55,4,,1,86,,6003,55,4,,1,97,,5986,55,4,,1,99,,5991,55,4,,1,100,,6002,55,4,,1,100,,5988,55,4,,1,100,,5990,55,4,,1,102,,5993,55,4,,1,108,,5996,55,4,,1,86,,5992,55,4,,1,99,,5997,55,4,,1,99,,5998,55,4,,1,94,,5994,55,4,,1,100,,6000,55,4,,1,98,,5999,55,4,,1,105,,5995,55,4,,1
2202,'DIM',747,,6117,74,4,,2,100,,6118,74,4,,2,100,,6119,74,4,,2,100,,6123,74,4,,2,101,,6125,74,4,,2,100,,6122,74,4,,2,98,,6126,74,4,,2,104,,6116,74,4,,2,97,,6120,74,4,,2,154,,6121,74,4,,2,49,,6124,74,4,,2,100,,6111,74,4,,2,98,,6114,74,4,,2,101,,6115,74,4,,2,100,,6112,74,4,,2,100,,6113,74,4,,2
2202,'SAM',648,,6143,58,4,,2,97,,6138,74,4,,2,99,,6136,74,4,,2,102,,6134,74,4,,2,101,,6142,74,4,,2,101,,6141,74,4,,2,98,,6137,74,4,,2,100,,6139,74,4,,2,102,,6135,74,4,,2,98,,6140,74,4,,2,154,,6127,74,4,,2,48,,6129,74,4,,2,102,,6131,74,4,,2,97,,6132,74,4,,2,100,,6133,74,4,,2,101,,6130,74,4,,2,99,,6128,74,4,,2
2202,'SEM',630,,6164,74,4,,2,15,,6165,74,4,,2,107,,6163,74,4,,2,66,,6161,74,4,,2,33,,6145,74,4,,2,99,,6149,74,4,,2,70,,6151,74,4,,2,30,,6146,74,4,,2,100,,6150,74,4,,2,100,,6162,74,4,,2,100,,6152,74,4,,2,102,,6144,74,4,,2,101,,6147,74,4,,2,102,,6153,74,4,,2,61,,6148,74,4,,2,84,,6157,74,4,,2,51,,6156,74,4,,2,100,,6158,74,4,,2,100,,6160,74,4,,2,100,,6154,74,4,,2,105,,6155,74,4,,2,95,,6159,74,4,,2
2401,'DIM',706,,6179,49,4,,1,99,,444,49,4,,1,105,,6178,49,4,,1,103,,6175,49,4,,1,102,,6181,49,4,,1,30,,6177,49,4,,1,70,,6184,49,4,,1,30,,6183,49,4,,1,66,,6186,49,4,,1,37,,6187,49,4,,1,64,,6180,49,4,,1,36,,6166,49,4,,1,64,,6188,49,4,,1,32,,6182,49,4,,1,72,,6167,49,4,,1,32,,6185,49,4,,1,74,,6170,49,4,,1,24,,6189,49,4,,1,70,,6168,49,4,,1,98,,6171,49,4,,1,99,,6172,49,4,,1,100,,6169,49,4,,1,97,,6176,49,4,,1,98,,6173,49,4,,1,93,,6174,49,4,,1,99,,439,49,4,,1
2401,'SAM',636,,6205,49,4,,1,70,,6216,49,4,,1,99,,6206,49,4,,1,106,,6201,49,4,,1,102,,6214,49,4,,1,101,,6207,49,4,,1,30,,6215,49,4,,1,70,,6210,49,4,,1,31,,6192,49,4,,1,70,,6202,49,4,,1,33,,6204,49,4,,1,72,,6190,49,4,,1,27,,6203,49,4,,1,75,,6208,49,4,,1,31,,6212,49,4,,1,63,,6209,49,4,,1,30,,6211,49,4,,1,71,,6213,49,4,,1,29,,6195,49,4,,1,76,,6193,49,4,,1,92,,6196,49,4,,1,99,,6194,49,4,,1,100,,6199,49,4,,1,97,,6191,49,4,,1,98,,6197,49,4,,1,93,,6198,49,4,,1,101,,6200,49,4,,1
2401,'SEM',516,,6222,49,4,,1,37,,6246,49,4,,1,81,,6230,49,4,,1,21,,6218,49,4,,1,52,,6221,49,4,,1,12,,6239,49,4,,1,9,,6228,49,4,,1,14,,6251,49,4,,1,14,,6248,49,4,,1,53,,6252,49,4,,1,13,,6220,49,4,,1,25,,6229,49,4,,1,67,,6224,49,4,,1,31,,6225,49,4,,1,67,,6243,49,4,,1,30,,6231,49,4,,1,70,,6226,49,4,,1,30,,6249,49,4,,1,70,,6254,49,4,,1,30,,6217,49,4,,1,70,,6247,49,4,,1,30,,6250,49,4,,1,70,,6223,49,4,,1,32,,6253,49,4,,1,70,,6227,49,4,,1,86,,6219,49,4,,1,27,,6232,49,4,,1,25,,6235,49,4,,1,69,,6233,49,4,,1,28,,6234,49,4,,1,68,,6238,49,4,,1,29,,6242,49,4,,1,98,,6245,49,4,,1,89,,6241,49,4,,1,100,,6237,49,4,,1,99,,6236,49,4,,1,98,,6240,49,4,,1,100,,6244,49,4,,1
2704,'DIM',804,,6730,57,4,,2,101,,6731,57,4,,2,100,,6733,57,4,,2,99,,6728,57,4,,2,96,,6729,57,4,,2,105,,6732,57,4,,2,102,,6727,57,4,,2,100,,6726,57,4,,2,95,,6720,57,4,,2,101,,6721,57,4,,2,105,,6725,57,4,,2,98,,6719,57,4,,2,100,,6718,57,4,,2,98,,6724,57,4,,2,100,,6722,57,4,,2,100,,6723,57,4,,2
2704,'SAM',703,,6749,57,4,,2,101,,6746,57,4,,2,100,,6744,57,4,,2,96,,6748,57,4,,2,104,,6750,57,4,,2,96,,6743,57,4,,2,105,,6734,57,4,,2,96,,6745,57,4,,2,106,,6747,57,4,,2,106,,6739,57,4,,2,95,,6741,57,4,,2,100,,6742,57,4,,2,98,,6737,57,4,,2,100,,6740,57,4,,2,98,,6736,57,4,,2,100,,6738,57,4,,2,99,,6735,57,4,,2
2704,'SEM',628,,6770,57,4,,2,31,,6754,57,4,,2,75,,6752,57,4,,2,24,,6757,57,4,,2,64,,6772,57,4,,2,29,,6769,57,4,,2,79,,6751,57,4,,2,78,,6756,57,4,,2,96,,6773,57,4,,2,110,,6771,57,4,,2,95,,6753,57,4,,2,50,,6774,57,4,,2,141,,6760,57,4,,2,107,,6755,57,4,,2,39,,6759,57,4,,2,79,,6758,57,4,,2,16,,6767,57,4,,2,66,,6763,57,4,,2,33,,6765,57,4,,2,73,,6764,57,4,,2,99,,6762,57,4,,2,45,,6768,57,4,,2,99,,6761,57,4,,2,99,,6766,57,4,,2
3304,'DIM',758,,6946,50,4,,1,171,,6947,50,4,,1,130,,6949,50,4,,1,171,,6948,50,4,,1,170,,6950,50,4,,1,133,,6951,50,4,,1,169,,6941,50,4,,1,129,,6943,50,4,,1,170,,6944,50,4,,1,129,,6945,50,4,,1,129,,6942,50,4,,1
3304,'SAM',758,,1221,50,4,,1,171,,1223,50,4,,1,130,,6955,50,4,,1,170,,6958,50,4,,1,171,,6960,50,4,,1,133,,6954,50,4,,1,169,,6959,50,4,,1,131,,6952,50,4,,1,168,,6957,50,4,,1,129,,6953,50,4,,1,129,,6956,50,4,,1
3304,'SEM',519,,6969,50,4,,1,91,,6963,50,4,,1,35,,6961,50,4,,1,66,,6982,50,4,,1,42,,6965,50,4,,1,60,,6967,50,4,,1,26,,6971,50,4,,1,72,,6964,50,4,,1,95,,6970,50,4,,1,105,,6985,50,4,,1,100,,6983,50,4,,1,91,,6968,50,4,,1,111,,6962,50,4,,1,108,,6976,50,4,,1,25,,6978,50,4,,1,90,,6981,50,4,,1,85,,6966,50,4,,1,30,,6972,50,4,,1,82,,6973,50,4,,1,19,,6984,50,4,,1,67,,6974,50,4,,1,91,,6975,50,4,,1,100,,6979,50,4,,1,109,,6977,50,4,,1,40,,6980,50,4,,1
3704,'DIM',719,,7061,49,4,,2,34,,7064,49,4,,2,102,,7070,49,4,,2,100,,7067,49,4,,2,101,,7065,49,4,,2,100,,7060,49,4,,2,101,,7066,49,4,,2,100,,7062,49,4,,2,100,,7063,49,4,,2,100,,7069,49,4,,2,100,,7058,49,4,,2,143,,7068,49,4,,2,47,,7059,49,4,,2
3704,'SAM',719,,7080,49,4,,2,38,,7078,49,4,,2,102,,7083,49,4,,2,96,,7074,49,4,,2,104,,7071,49,4,,2,97,,7075,49,4,,2,101,,7082,49,4,,2,102,,7081,49,4,,2,144,,7079,49,4,,2,99,,7072,49,4,,2,99,,7073,49,4,,2,58,,7076,49,4,,2,89,,7077,49,4,,2
3704,'SEM',607,,7107,49,4,,2,40,,7084,49,4,,2,101,,7093,49,4,,2,80,,7110,49,4,,2,77,,7108,49,4,,2,34,,7106,49,4,,2,68,,7086,49,4,,2,96,,7101,49,4,,2,100,,7088,49,4,,2,101,,7109,49,4,,2,101,,7087,49,4,,2,107,,7089,49,4,,2,42,,7091,49,4,,2,60,,7090,49,4,,2,14,,7099,49,4,,2,17,,7095,49,4,,2,60,,7098,49,4,,2,9,,7085,49,4,,2,18,,7094,49,4,,2,18,,7092,49,4,,2,89,,7100,49,4,,2,98,,7104,49,4,,2,99,,7097,49,4,,2,99,,7096,49,4,,2,99,,7103,49,4,,2,100,,7105,49,4,,2,96,,7102,49,4,,2
4304,'DIM',512,,2049,37,4,,1,103,,2043,37,4,,1,102,,7817,37,4,,1,102,,7818,37,4,,1,101,,7819,37,4,,1,100,,7812,37,4,,1,107,,7813,37,4,,1,102,,7820,37,4,,1,99,,7823,37,4,,1,102,,7821,37,4,,1,98,,7824,37,4,,1,102,,7822,37,4,,1,99,,7807,37,4,,1,104,,7811,37,4,,1,95,,7816,37,4,,1,100,,7815,37,4,,1,100,,7809,37,4,,1,99,,7808,37,4,,1,99,,7810,37,4,,1,91,,7814,37,4,,1
4304,'SAM',512,,2068,37,4,,1,103,,7835,37,4,,1,102,,7831,37,4,,1,102,,7832,37,4,,1,101,,7836,37,4,,1,104,,7839,37,4,,1,104,,7842,37,4,,1,101,,7840,37,4,,1,100,,7825,37,4,,1,104,,7841,37,4,,1,98,,7838,37,4,,1,98,,7837,37,4,,1,100,,7844,37,4,,1,99,,7843,37,4,,1,102,,7826,37,4,,1,98,,7828,37,4,,1,100,,7827,37,4,,1,99,,7833,37,4,,1,99,,7830,37,4,,1,91,,7829,37,4,,1,100,,7834,37,4,,1
4304,'SEM',533,,7870,37,4,,1,74,,7873,37,4,,1,36,,7846,37,4,,1,60,,7850,37,4,,1,21,,7853,37,4,,1,22,,7860,37,4,,1,63,,7874,37,4,,1,27,,7866,37,4,,1,72,,7849,37,4,,1,29,,7852,37,4,,1,73,,7857,37,4,,1,28,,7848,37,4,,1,70,,7845,37,4,,1,30,,7877,37,4,,1,70,,7861,37,4,,1,30,,7851,37,4,,1,70,,7875,37,4,,1,30,,7876,37,4,,1,70,,7856,37,4,,1,32,,7858,37,4,,1,71,,7855,37,4,,1,31,,7847,37,4,,1,72,,7859,37,4,,1,26,,7854,37,4,,1,70,,7864,37,4,,1,96,,7863,37,4,,1,94,,7862,37,4,,1,59,,7872,37,4,,1,100,,7868,37,4,,1,99,,7869,37,4,,1,100,,7865,37,4,,1,150,,7867,37,4,,1,21,,7871,37,4,,1
4804,'DIM',613,,2444,67,4,,1,110,,8225,67,4,,1,104,,8224,67,4,,1,108,,8221,67,4,,1,108,,8226,67,4,,1,101,,8223,67,4,,1,99,,8227,67,4,,1,104,,8229,67,4,,1,97,,8222,67,4,,1,106,,8228,67,4,,1,100,,8216,67,4,,1,99,,8219,67,4,,1,97,,8217,67,4,,1,98,,8220,67,4,,1,97,,8215,67,4,,1,100,,8213,67,4,,1,100,,8218,67,4,,1,98,,8214,67,4,,1
4804,'SAM',612,,8241,67,4,,1,113,,8246,67,4,,1,103,,8243,67,4,,1,107,,8230,67,4,,1,108,,8244,67,4,,1,101,,8248,67,4,,1,100,,8247,67,4,,1,97,,8249,67,4,,1,107,,8245,67,4,,1,102,,8231,67,4,,1,100,,8234,67,4,,1,99,,8238,67,4,,1,97,,8235,67,4,,1,98,,8232,67,4,,1,97,,8242,67,4,,1,100,,8239,67,4,,1,100,,8233,67,4,,1,98,,8236,67,4,,1,92,,8237,67,4,,1,26,,8240,67,4,,1
4804,'SEM',545,,2475,67,4,,1,85,,8270,67,4,,1,21,,8272,67,4,,1,60,,8252,67,4,,1,24,,8263,67,4,,1,65,,8266,67,4,,1,19,,8258,67,4,,1,22,,8275,67,4,,1,69,,8253,67,4,,1,29,,8256,67,4,,1,70,,8255,67,4,,1,30,,8271,67,4,,1,67,,8276,67,4,,1,107,,8273,67,4,,1,100,,8274,67,4,,1,101,,8250,67,4,,1,99,,8260,67,4,,1,39,,8257,67,4,,1,74,,8254,67,4,,1,77,,8251,67,4,,1,51,,8261,67,4,,1,68,,8268,67,4,,1,103,,8259,67,4,,1,106,,8265,67,4,,1,103,,8264,67,4,,1,97,,8262,67,4,,1,97,,8269,67,4,,1,100,,8267,67,4,,1
5802,'DIM',630,,8843,65,4,,2,101,,8840,65,4,,2,93,,3051,65,4,,2,101,,8834,65,4,,2,100,,8835,65,4,,2,99,,8839,65,4,,2,100,,8836,65,4,,2,101,,8833,65,4,,2,101,,8837,65,4,,2,100,,8841,65,4,,2,98,,8838,65,4,,2,109,,8842,65,4,,2,94,,8827,65,4,,2,99,,8829,65,4,,2,99,,8832,65,4,,2,99,,8830,65,4,,2,99,,8831,65,4,,2,98,,8828,65,4,,2
5802,'SAM',630,,8859,65,4,,2,101,,8844,65,4,,2,93,,8857,65,4,,2,101,,8860,65,4,,2,100,,8848,65,4,,2,99,,8850,65,4,,2,103,,8858,65,4,,2,98,,8853,65,4,,2,106,,8856,65,4,,2,94,,8845,65,4,,2,111,,8847,65,4,,2,99,,8861,65,4,,2,92,,8846,65,4,,2,99,,8854,65,4,,2,102,,8852,65,4,,2,96,,8849,65,4,,2,99,,8851,65,4,,2,98,,8855,65,4,,2
5802,'SEM',553,,8881,65,4,,2,68,,8865,65,4,,2,79,,8885,65,4,,2,13,,8864,65,4,,2,18,,8886,57,4,,2,9,,8883,65,4,,2,70,,8868,65,4,,2,16,,8862,65,4,,2,81,,8863,65,4,,2,41,,8870,65,4,,2,100,,8869,65,4,,2,100,,8882,65,4,,2,100,,8866,65,4,,2,102,,8884,65,4,,2,102,,8867,65,4,,2,65,,8874,65,4,,2,31,,8871,65,4,,2,105,,8873,65,4,,2,69,,8880,65,4,,2,97,,8875,65,4,,2,99,,8876,65,4,,2,86,,8872,65,4,,2,97,,8879,65,4,,2,100,,8877,65,4,,2,99,,8878,65,4,,2
6001,'DIM',820,,8888,61,4,,1,103,,8896,61,4,,1,101,,8895,61,4,,1,103,,8899,61,4,,1,106,,8897,61,4,,1,107,,8901,61,4,,1,100,,8898,61,4,,1,101,,8900,61,4,,1,100,,8902,61,4,,1,98,,8887,61,4,,1,93,,8903,61,4,,1,95,,8894,61,4,,1,97,,8890,61,4,,1,97,,8889,61,4,,1,97,,8892,61,4,,1,100,,8891,61,4,,1,100,,8893,61,4,,1
6001,'SAM',715,,8907,61,4,,1,105,,8917,61,4,,1,103,,8916,61,4,,1,95,,8919,61,4,,1,109,,8915,61,4,,1,106,,8913,61,4,,1,107,,8921,61,4,,1,100,,8920,61,4,,1,107,,8914,61,4,,1,94,,8918,61,4,,1,98,,8905,61,4,,1,93,,8909,61,4,,1,95,,8910,61,4,,1,97,,8904,61,4,,1,97,,8908,61,4,,1,97,,8906,61,4,,1,100,,8912,61,4,,1,100,,8911,61,4,,1
6001,'SEM',557,,8938,61,4,,1,147,,8922,61,4,,1,55,,8923,61,4,,1,72,,8925,61,4,,1,85,,8928,61,4,,1,91,,8939,61,4,,1,103,,8940,61,4,,1,99,,8924,61,4,,1,101,,8926,61,4,,1,102,,8941,61,4,,1,101,,8930,61,4,,1,101,,8927,61,4,,1,108,,8933,61,4,,1,97,,8929,61,4,,1,91,,8936,61,4,,1,96,,8932,61,4,,1,49,,8935,61,4,,1,99,,8937,61,4,,1,95,,8931,61,4,,1,100,,8934,61,4,,1
6304,'DIM',805,,9201,75,4,,1,103,,9207,75,4,,1,102,,9202,75,4,,1,103,,9204,75,4,,1,95,,9203,75,4,,1,107,,9208,75,4,,1,96,,9205,75,4,,1,103,,9206,75,4,,1,100,,9195,75,4,,1,102,,9209,75,4,,1,102,,9193,75,4,,1,97,,9200,75,4,,1,98,,9194,75,4,,1,98,,9196,75,4,,1,100,,9198,75,4,,1,100,,9197,75,4,,1,96,,9199,75,4,,1
6304,'SAM',700,,9224,75,4,,1,102,,9220,75,4,,1,106,,9216,75,4,,1,102,,9223,75,4,,1,103,,9222,75,4,,1,103,,9225,75,4,,1,99,,9227,75,4,,1,97,,9221,75,4,,1,104,,9228,75,4,,1,106,,9212,75,4,,1,95,,9226,75,4,,1,101,,9210,75,4,,1,98,,9213,75,4,,1,101,,9211,75,4,,1,94,,9214,75,4,,1,100,,9217,75,4,,1,100,,9215,75,4,,1,95,,9218,75,4,,1,95,,9219,75,4,,1
6304,'SEM',522,,9260,75,4,,1,116,,9258,75,4,,1,63,,9261,75,4,,1,42,,9238,75,4,,1,11,,9241,75,4,,1,74,,9245,75,4,,1,26,,9229,75,4,,1,57,,9263,75,4,,1,26,,9234,75,4,,1,69,,9243,75,4,,1,30,,9244,75,4,,1,70,,9231,75,4,,1,24,,9230,75,4,,1,70,,9259,75,4,,1,31,,9236,75,4,,1,71,,9237,75,4,,1,33,,9242,75,4,,1,70,,9262,75,4,,1,31,,9232,75,4,,1,71,,9233,75,4,,1,34,,9235,75,4,,1,79,,9239,75,4,,1,6,,9249,75,4,,1,31,,9240,75,4,,1,61,,9246,75,4,,1,33,,9252,75,4,,1,53,,9251,75,4,,1,28,,9255,75,4,,1,70,,9257,75,4,,1,37,,9250,75,4,,1,93,,9254,75,4,,1,78,,9256,75,4,,1,49,,9247,75,4,,1,97,,9248,75,4,,1,93,,9253,75,4,,1
7001,'DIM',746,,9555,85,4,,1,100,,9558,85,4,,1,102,,9557,85,4,,1,101,,9561,85,4,,1,66,,9562,85,4,,1,31,,9564,85,4,,1,64,,9559,85,4,,1,43,,9563,85,4,,1,60,,9560,85,4,,1,38,,9566,85,4,,1,71,,9565,85,4,,1,32,,9542,85,4,,1,61,,9556,85,4,,1,38,,9541,85,4,,1,60,,9546,85,4,,1,34,,9543,85,4,,1,75,,9548,85,4,,1,32,,9545,85,4,,1,74,,9547,85,4,,1,29,,9552,85,4,,1,94,,9550,85,4,,1,99,,9549,85,4,,1,100,,9544,85,4,,1,99,,9553,85,4,,1,98,,9554,85,4,,1,96,,9551,85,4,,1
7001,'SAM',746,,9587,85,4,,1,100,,9585,85,4,,1,102,,9590,85,4,,1,101,,9586,85,4,,1,67,,9592,85,4,,1,28,,9591,85,4,,1,67,,9589,85,4,,1,42,,9567,85,4,,1,64,,9568,85,4,,1,33,,9588,85,4,,1,67,,9570,85,4,,1,33,,9584,85,4,,1,64,,9569,85,4,,1,39,,9572,85,4,,1,69,,9573,85,4,,1,27,,9576,85,4,,1,71,,9571,85,4,,1,34,,9577,85,4,,1,74,,9578,85,4,,1,29,,9581,85,4,,1,94,,9580,85,4,,1,99,,9582,85,4,,1,100,,9579,85,4,,1,99,,9575,85,4,,1,99,,9574,85,4,,1,95,,9583,85,4,,1
7001,'SEM',602,,9594,85,4,,1,18,,9628,85,4,,1,29,,9598,85,4,,1,54,,9627,85,4,,1,31,,9607,85,4,,1,71,,9626,85,4,,1,35,,9597,85,4,,1,15,,9602,85,4,,1,72,,9593,85,4,,1,27,,9603,85,4,,1,67,,9604,85,4,,1,35,,9599,85,4,,1,67,,9624,85,4,,1,30,,9625,85,4,,1,71,,9613,85,4,,1,29,,9596,85,4,,1,72,,9595,85,4,,1,30,,9600,85,4,,1,73,,9605,85,4,,1,29,,9606,85,4,,1,78,,9608,85,4,,1,70,,9610,85,4,,1,29,,9614,85,4,,1,66,,9616,85,4,,1,39,,9601,85,4,,1,67,,9619,85,4,,1,29,,9620,85,4,,1,65,,9615,85,4,,1,39,,9611,85,4,,1,75,,9609,85,4,,1,41,,9618,85,4,,1,100,,9612,85,4,,1,101,,9617,85,4,,1,144,,9622,85,4,,1,50,,9621,85,4,,1,174,,9623,85,4,,1
7304,'DIM',551,,4008,80,4,,1,70,,3997,80,4,,1,102,,9816,80,4,,1,101,,9822,80,4,,1,102,,9817,80,4,,1,103,,9819,80,4,,1,101,,9815,80,4,,1,100,,9818,80,4,,1,101,,9820,80,4,,1,101,,9809,80,4,,1,101,,9814,80,4,,1,101,,9821,80,4,,1,100,,9823,80,4,,1,98,,9807,80,4,,1,98,,9808,80,4,,1,99,,9805,80,4,,1,99,,9810,80,4,,1,99,,9812,80,4,,1,97,,9806,80,4,,1,100,,9811,80,4,,1,99,,9813,80,4,,1
7304,'SAM',551,,9846,80,4,,1,70,,9834,80,4,,1,104,,9838,80,4,,1,99,,9826,80,4,,1,102,,9842,80,4,,1,103,,9840,80,4,,1,102,,9827,80,4,,1,101,,9839,80,4,,1,99,,9843,80,4,,1,101,,9841,80,4,,1,101,,9824,80,4,,1,102,,9844,80,4,,1,99,,9845,80,4,,1,98,,9830,80,4,,1,98,,9825,80,4,,1,99,,9832,80,4,,1,99,,9831,80,4,,1,99,,9828,80,4,,1,97,,9829,80,4,,1,100,,9833,80,4,,1,99,,9835,80,4,,1,100,,9837,80,4,,1,99,,9836,80,4,,1
7304,'SEM',515,,9876,80,4,,1,85,,9874,80,4,,1,42,,9885,80,4,,1,58,,9887,80,4,,1,28,,9886,80,4,,1,12,,9853,80,4,,1,12,,9882,80,4,,1,53,,9859,80,4,,1,21,,9862,80,4,,1,16,,9883,80,4,,1,15,,9854,80,4,,1,65,,9851,80,4,,1,29,,9857,80,4,,1,82,,9866,80,4,,1,69,,9852,80,4,,1,30,,9849,80,4,,1,70,,9888,80,4,,1,30,,9861,80,4,,1,75,,9855,80,4,,1,26,,9884,80,4,,1,70,,9856,80,4,,1,31,,9863,80,4,,1,70,,9889,80,4,,1,32,,9850,80,4,,1,82,,9864,80,4,,1,13,,9848,80,4,,1,19,,9847,80,4,,1,75,,9858,80,4,,1,15,,9871,80,4,,1,65,,9870,80,4,,1,32,,9860,80,4,,1,73,,9877,80,4,,1,23,,9875,80,4,,1,72,,9867,80,4,,1,26,,9873,80,4,,1,71,,9879,80,4,,1,31,,9865,80,4,,1,67,,9868,80,4,,1,30,,9880,80,4,,1,28,,9869,80,4,,1,70,,9872,80,4,,1,99,,9878,80,4,,1,93,,9881,80,4,,1
7402,'DIM',651,,9951,93,4,,2,103,,9955,93,4,,2,102,,9954,93,4,,2,102,,9956,93,4,,2,142,,9958,93,4,,2,101,,9947,93,4,,2,100,,9952,93,4,,2,101,,9953,93,4,,2,102,,9957,93,4,,2,99,,9959,93,4,,2,99,,9960,93,4,,2,100,,9944,93,4,,2,98,,9946,93,4,,2,58,,9948,93,4,,2,99,,9950,93,4,,2,100,,9949,93,4,,2,98,,9945,93,4,,2
7402,'SAM',651,,9971,93,4,,2,103,,9974,93,4,,2,100,,9962,93,4,,2,102,,9976,93,4,,2,144,,9975,93,4,,2,101,,9970,93,4,,2,99,,9973,93,4,,2,101,,9972,93,4,,2,103,,9961,93,4,,2,99,,9977,93,4,,2,100,,9964,93,4,,2,97,,9965,93,4,,2,58,,9966,93,4,,2,100,,9969,93,4,,2,98,,9963,93,4,,2,100,,9967,93,4,,2,98,,9968,93,4,,2
7402,'SEM',616,,9995,93,4,,2,90,,9996,93,4,,2,16,,9981,93,4,,2,87,,9985,93,4,,2,96,,9980,93,4,,2,97,,9983,93,4,,2,98,,9992,93,4,,2,100,,9984,93,4,,2,100,,9993,93,4,,2,100,,9978,93,4,,2,100,,9982,93,4,,2,108,,9979,93,4,,2,98,,9987,93,4,,2,99,,9991,93,4,,2,96,,9986,93,4,,2,57,,9990,93,4,,2,99,,9994,93,4,,2,99,,9989,93,4,,2,100,,9988,93,4,,2
22202,'DIM',1501,,10702,63,4,,2
22202,'SAM',1501,,10705,63,4,,2,855,,10704,63,4,,2,103,,10703,63,4,,2
22202,'SEM',607,,10712,63,4,,2,114,,10706,63,4,,2,90,,10707,63,4,,2,725,,10708,63,4,,2,69,,10709,63,4,,2,702,,10711,63,4,,2,25,,10710,63,4,,2
90104,'SEM',647,,10877,18,4,,2,68,,10876,18,4,,2,40,,10875,18,4,,2,76,,10874,18,4,,2
