2202,'DIM',727,,6117,36,,,2,100,,6118,36,,,2,100,,6119,36,,,2,100,,6123,36,,,2,101,,6125,36,,,2,100,,6122,36,,,2,98,,6126,36,,,2,104,,6116,36,,,2,97,,6120,36,,,2,114,,6121,36,,,2,89,,6124,36,,,2,100,,6111,36,,,2,98,,6114,36,,,2,101,,6115,36,,,2,100,,6112,36,,,2,100,,6113,36,,,2
2202,'SAM',628,,6143,20,,,2,97,,6138,36,,,2,99,,6136,36,,,2,102,,6134,36,,,2,101,,6142,36,,,2,101,,6141,36,,,2,98,,6137,36,,,2,100,,6139,36,,,2,102,,6135,36,,,2,98,,6140,36,,,2,114,,6127,36,,,2,88,,6129,36,,,2,102,,6131,36,,,2,97,,6132,36,,,2,100,,6133,36,,,2,101,,6130,36,,,2,99,,6128,36,,,2
2202,'SEM',610,,6164,36,,,2,14,,6165,36,,,2,106,,6163,36,,,2,27,,6161,36,,,2,73,,6145,36,,,2,100,,6149,36,,,2,70,,6151,36,,,2,30,,6146,36,,,2,100,,6150,36,,,2,100,,6162,36,,,2,100,,6152,36,,,2,101,,6144,36,,,2,101,,6147,36,,,2,102,,6153,36,,,2,21,,6148,36,,,2,84,,6157,36,,,2,92,,6156,36,,,2,100,,6158,36,,,2,100,,6160,36,,,2,100,,6154,36,,,2,105,,6155,36,,,2,95,,6159,36,,,2
5002,'DIM',606,,8370,13,,,1,100,,8382,13,,,1,100,,8377,13,,,1,100,,8383,13,,,1,101,,8386,13,,,1,24,,8376,13,,,1,72,,8378,13,,,1,28,,8389,13,,,1,79,,8381,13,,,1,28,,8379,13,,,1,77,,8388,13,,,1,24,,8375,13,,,1,76,,8380,13,,,1,21,,8384,13,,,1,74,,8366,13,,,1,31,,8364,13,,,1,74,,8387,13,,,1,26,,8385,13,,,1,76,,8371,13,,,1,101,,8373,13,,,1,100,,8374,13,,,1,100,,8365,13,,,1,100,,8368,13,,,1,100,,8367,13,,,1,96,,8369,13,,,1,100,,8372,13,,,1
5002,'SAM',601,,8395,13,,,1,105,,8403,13,,,1,100,,8406,13,,,1,100,,8410,13,,,1,102,,8401,13,,,1,23,,8412,13,,,1,76,,8415,13,,,1,27,,8404,13,,,1,76,,8411,13,,,1,26,,8413,13,,,1,74,,8405,13,,,1,28,,8407,13,,,1,75,,8414,13,,,1,31,,8391,13,,,1,72,,8408,13,,,1,23,,8390,13,,,1,72,,8409,13,,,1,30,,8396,13,,,1,76,,8398,13,,,1,101,,8397,13,,,1,100,,8399,13,,,1,100,,8392,13,,,1,100,,8393,13,,,1,99,,8400,13,,,1,97,,8394,13,,,1,100,,8402,13,,,1
5002,'SEM',457,,8422,13,,,1,75,,8445,13,,,1,68,,2661,13,,,1,29,,8418,13,,,1,29,,8446,13,,,1,52,,8430,13,,,1,35,,8417,13,,,1,58,,8427,13,,,1,32,,8416,13,,,1,69,,8431,13,,,1,27,,8424,13,,,1,70,,8447,13,,,1,30,,8448,13,,,1,70,,8432,13,,,1,30,,8425,13,,,1,70,,8423,13,,,1,30,,8449,13,,,1,71,,8444,13,,,1,30,,8419,13,,,1,70,,8435,13,,,1,39,,8420,13,,,1,78,,8436,13,,,1,35,,8428,13,,,1,67,,8433,13,,,1,30,,8429,13,,,1,70,,8421,13,,,1,29,,8426,13,,,1,70,,8434,13,,,1,31,,8441,13,,,1,104,,8439,13,,,1,145,,8442,13,,,1,101,,8437,13,,,1,112,,8438,13,,,1,101,,8440,13,,,1,96,,8443,13,,,1
5802,'DIM',606,,8843,13,,,2,100,,8840,13,,,2,51,,3051,13,,,2,100,,8834,13,,,2,100,,8835,13,,,2,99,,8839,13,,,2,100,,8836,13,,,2,101,,8833,13,,,2,100,,8837,13,,,2,100,,8841,13,,,2,98,,8838,13,,,2,149,,8842,13,,,2,54,,8827,13,,,2,100,,8829,13,,,2,100,,8832,13,,,2,100,,8830,13,,,2,100,,8831,13,,,2,99,,8828,13,,,2
5802,'SAM',606,,8859,13,,,2,100,,8844,13,,,2,51,,8857,13,,,2,100,,8860,13,,,2,100,,8848,13,,,2,99,,8850,13,,,2,103,,8858,13,,,2,98,,8853,13,,,2,145,,8856,13,,,2,54,,8845,13,,,2,151,,8847,13,,,2,99,,8861,13,,,2,52,,8846,13,,,2,100,,8854,13,,,2,143,,8852,13,,,2,57,,8849,13,,,2,100,,8851,13,,,2,99,,8855,13,,,2
5802,'SEM',525,,8881,13,,,2,26,,8865,13,,,2,76,,8885,13,,,2,13,,8864,13,,,2,18,,8886,5,,,2,48,,8883,13,,,2,30,,8868,13,,,2,18,,8862,13,,,2,82,,8863,13,,,2,82,,8870,13,,,2,100,,8869,13,,,2,100,,8882,13,,,2,100,,8866,13,,,2,100,,8884,13,,,2,101,,8867,13,,,2,25,,8874,13,,,2,70,,8871,13,,,2,106,,8873,13,,,2,30,,8880,13,,,2,100,,8875,13,,,2,100,,8876,13,,,2,87,,8872,13,,,2,99,,8879,13,,,2,100,,8877,13,,,2,100,,8878,13,,,2
22202,'DIM',1441,,10702,25,,,2
22202,'SAM',1441,,10705,25,,,2,895,,10704,25,,,2,103,,10703,25,,,2
22202,'SEM',547,,10712,25,,,2,111,,10706,25,,,2,89,,10707,25,,,2,768,,10708,25,,,2,29,,10709,25,,,2,703,,10711,25,,,2,65,,10710,25,,,2
32202,'SAM',2552,,10842,19,,,2
32202,'SEM',2421,,10843,19,,,2,85,,10844,19,,,2
