3703,'DIM',643,,7005,40,,,2,75,,7008,40,,,2,101,,7015,40,,,2,100,,7013,40,,,2,100,,7010,40,,,2,100,,7004,40,,,2,101,,7011,40,,,2,99,,7006,40,,,2,100,,7007,40,,,2,100,,7009,40,,,2,100,,7012,40,,,2,104,,7014,40,,,2,87,,7016,40,,,2
3703,'SAM',643,,7024,40,,,2,79,,7021,40,,,2,97,,7028,40,,,2,100,,7019,40,,,2,100,,7017,40,,,2,100,,7020,40,,,2,101,,7026,40,,,2,101,,7025,40,,,2,103,,7023,40,,,2,95,,7018,40,,,2,104,,7022,40,,,2,99,,7027,40,,,2,89,,7029,40,,,2
3703,'SEM',603,,7040,40,,,2,15,,7030,40,,,2,19,,7031,40,,,2,18,,7056,40,,,2,53,,7053,40,,,2,13,,7054,40,,,2,24,,7057,40,,,2,77,,7052,40,,,2,36,,7051,40,,,2,68,,7035,40,,,2,97,,7047,40,,,2,100,,7033,40,,,2,100,,7055,40,,,2,100,,7049,40,,,2,101,,7034,40,,,2,80,,7037,40,,,2,20,,7036,40,,,2,31,,7041,40,,,2,65,,7032,40,,,2,38,,7038,40,,,2,100,,7046,40,,,2,97,,7039,40,,,2,145,,7043,40,,,2,58,,7042,40,,,2,100,,7050,40,,,2,100,,7044,40,,,2,97,,7048,40,,,2,98,,7045,40,,,2
6303,'DIM',758,,9132,38,,,1,101,,9126,38,,,1,143,,9128,38,,,1,55,,9127,38,,,1,146,,9133,38,,,1,55,,9129,38,,,1,143,,9131,38,,,1,103,,9130,38,,,1,98,,9134,38,,,1,102,,9117,38,,,1,105,,9135,38,,,1,92,,9118,38,,,1,58,,9119,38,,,1,100,,9122,38,,,1,100,,9120,38,,,1,100,,9123,38,,,1,99,,9121,38,,,1,100,,9124,38,,,1,98,,9125,38,,,1
6303,'SAM',657,,9148,38,,,1,101,,9142,38,,,1,101,,9151,38,,,1,143,,9150,38,,,1,103,,9152,38,,,1,98,,9154,38,,,1,56,,9149,38,,,1,144,,9155,38,,,1,105,,9138,38,,,1,95,,9153,38,,,1,101,,9136,38,,,1,100,,9139,38,,,1,103,,9137,38,,,1,52,,9140,38,,,1,100,,9143,38,,,1,100,,9141,38,,,1,100,,9144,38,,,1,99,,9145,38,,,1,100,,9147,38,,,1,98,,9146,38,,,1
6303,'SEM',520,,9192,2,,,1,99,,9182,38,,,1,19,,9189,38,,,1,19,,9187,38,,,1,79,,9188,38,,,1,16,,9156,38,,,1,68,,9167,38,,,1,23,,9169,38,,,1,75,,9171,38,,,1,33,,9158,38,,,1,64,,9157,38,,,1,30,,9190,38,,,1,70,,9162,38,,,1,31,,9163,38,,,1,71,,9168,38,,,1,30,,9191,38,,,1,70,,9159,38,,,1,31,,9160,38,,,1,69,,9161,38,,,1,31,,9164,38,,,1,75,,9165,38,,,1,22,,9173,38,,,1,75,,9170,38,,,1,15,,9177,38,,,1,70,,9180,38,,,1,31,,9166,38,,,1,23,,9172,38,,,1,65,,9176,38,,,1,89,,9179,38,,,1,41,,9181,38,,,1,95,,9174,38,,,1,98,,9175,38,,,1,84,,9178,38,,,1,104,,9183,38,,,1,99,,9185,38,,,1,105,,9184,38,,,1,91,,9186,38,,,1
6503,'DIM',719,,9277,14,,,2,101,,9280,14,,,2,100,,9281,14,,,2,96,,9276,14,,,2,104,,9282,14,,,2,102,,9264,14,,,2,100,,9279,14,,,2,94,,9265,14,,,2,107,,9278,14,,,2,98,,9266,14,,,2,102,,9272,14,,,2,102,,9270,14,,,2,96,,9267,14,,,2,100,,9269,14,,,2,99,,9268,14,,,2,100,,9271,14,,,2,99,,9273,14,,,2,99,,9274,14,,,2,100,,9275,14,,,2
6503,'SAM',719,,9294,14,,,2,101,,9295,14,,,2,100,,9300,14,,,2,97,,9298,14,,,2,104,,9302,14,,,2,101,,9297,14,,,2,100,,9296,14,,,2,100,,9283,14,,,2,101,,9301,14,,,2,102,,9299,14,,,2,95,,9303,14,,,2,101,,9289,14,,,2,101,,9285,14,,,2,99,,9292,14,,,2,99,,9284,14,,,2,100,,9286,14,,,2,99,,9291,14,,,2,99,,9287,14,,,2,100,,9288,14,,,2,85,,9290,14,,,2,40,,9293,14,,,2
6503,'SEM',509,,9349,2,,,2,97,,9334,14,,,2,24,,9341,14,,,2,71,,9348,14,,,2,22,,9305,14,,,2,21,,9308,14,,,2,81,,9340,14,,,2,30,,9312,14,,,2,72,,9345,14,,,2,30,,9309,14,,,2,70,,9344,14,,,2,26,,9343,14,,,2,70,,9327,14,,,2,30,,9342,14,,,2,70,,9304,14,,,2,30,,9346,14,,,2,70,,9313,14,,,2,31,,9314,14,,,2,70,,9316,14,,,2,31,,9322,14,,,2,65,,9323,14,,,2,15,,9325,14,,,2,15,,9307,14,,,2,55,,9333,14,,,2,12,,9320,14,,,2,11,,9347,14,,,2,14,,9310,14,,,2,11,,9315,14,,,2,50,,9311,14,,,2,15,,9306,14,,,2,15,,9326,14,,,2,15,,9329,14,,,2,55,,9339,14,,,2,16,,9338,14,,,2,15,,9318,14,,,2,14,,9324,14,,,2,60,,9331,14,,,2,15,,9328,14,,,2,30,,9317,14,,,2,70,,9319,14,,,2,30,,9321,14,,,2,70,,9337,14,,,2,23,,9332,14,,,2,106,,9330,14,,,2,100,,9336,14,,,2,100,,9335,14,,,2
7001,'DIM',713,,9555,30,,,1,100,,9558,30,,,1,102,,9557,30,,,1,100,,9561,30,,,1,25,,9562,30,,,1,71,,9564,30,,,1,24,,9559,30,,,1,82,,9563,30,,,1,20,,9560,30,,,1,78,,9566,30,,,1,31,,9565,30,,,1,72,,9542,30,,,1,21,,9556,30,,,1,78,,9541,30,,,1,20,,9546,30,,,1,74,,9543,30,,,1,35,,9548,30,,,1,73,,9545,30,,,1,34,,9547,30,,,1,70,,9552,30,,,1,94,,9550,30,,,1,99,,9549,30,,,1,100,,9544,30,,,1,100,,9553,30,,,1,98,,9554,30,,,1,97,,9551,30,,,1
7001,'SAM',713,,9587,30,,,1,100,,9585,30,,,1,102,,9590,30,,,1,100,,9586,30,,,1,26,,9592,30,,,1,68,,9591,30,,,1,27,,9589,30,,,1,81,,9567,30,,,1,24,,9568,30,,,1,73,,9588,30,,,1,27,,9570,30,,,1,73,,9584,30,,,1,24,,9569,30,,,1,79,,9572,30,,,1,29,,9573,30,,,1,67,,9576,30,,,1,31,,9571,30,,,1,75,,9577,30,,,1,34,,9578,30,,,1,70,,9581,30,,,1,94,,9580,30,,,1,99,,9582,30,,,1,100,,9579,30,,,1,100,,9575,30,,,1,99,,9574,30,,,1,96,,9583,30,,,1
7001,'SEM',528,,9594,30,,,1,16,,9628,30,,,1,67,,9598,30,,,1,14,,9627,30,,,1,29,,9607,30,,,1,69,,9626,30,,,1,77,,9597,30,,,1,15,,9602,30,,,1,34,,9593,30,,,1,68,,9603,30,,,1,27,,9604,30,,,1,75,,9599,30,,,1,27,,9624,30,,,1,70,,9625,30,,,1,31,,9613,30,,,1,69,,9596,30,,,1,32,,9595,30,,,1,70,,9600,30,,,1,32,,9605,30,,,1,69,,9606,30,,,1,35,,9608,30,,,1,70,,9610,30,,,1,28,,9614,30,,,1,64,,9616,30,,,1,40,,9601,30,,,1,70,,9619,30,,,1,30,,9620,30,,,1,66,,9615,30,,,1,81,,9611,30,,,1,35,,9609,30,,,1,83,,9618,30,,,1,101,,9612,30,,,1,102,,9617,30,,,1,104,,9622,30,,,1,91,,9621,30,,,1,134,,9623,30,,,1
7602,'DIM',612,,10102,14,,,2,97,,10117,14,,,2,100,,10109,14,,,2,100,,10120,14,,,2,30,,10124,14,,,2,70,,10118,14,,,2,29,,10122,14,,,2,70,,10105,14,,,2,31,,10110,14,,,2,71,,10107,14,,,2,31,,10121,14,,,2,70,,10098,14,,,2,30,,10111,14,,,2,69,,10116,14,,,2,30,,10103,14,,,2,71,,4282,14,,,2,30,,10123,14,,,2,70,,10125,14,,,2,30,,10104,14,,,2,75,,10119,14,,,2,25,,10108,14,,,2,70,,10100,14,,,2,99,,10099,14,,,2,100,,10101,14,,,2,100,,10114,14,,,2,100,,10106,14,,,2,100,,10112,14,,,2,100,,10113,14,,,2,100,,10115,14,,,2
7602,'SAM',612,,10145,14,,,2,98,,10142,14,,,2,98,,10150,14,,,2,101,,10143,14,,,2,30,,10136,14,,,2,70,,10147,14,,,2,29,,10152,14,,,2,68,,10151,14,,,2,33,,10144,14,,,2,66,,10129,14,,,2,36,,10140,14,,,2,70,,10148,14,,,2,30,,10149,14,,,2,69,,10154,14,,,2,31,,10141,14,,,2,68,,10146,14,,,2,32,,10126,14,,,2,70,,10153,14,,,2,30,,10155,14,,,2,70,,10131,14,,,2,25,,10130,14,,,2,72,,10134,14,,,2,102,,10138,14,,,2,101,,10135,14,,,2,102,,10127,14,,,2,100,,10128,14,,,2,102,,10132,14,,,2,95,,10137,14,,,2,97,,10133,14,,,2,104,,10139,14,,,2
7602,'SEM',559,,10177,14,,,2,61,,10189,14,,,2,13,,10191,14,,,2,10,,10193,14,,,2,13,,10190,14,,,2,63,,10172,14,,,2,26,,10164,14,,,2,64,,10169,14,,,2,19,,10156,14,,,2,20,,10159,14,,,2,67,,10166,14,,,2,30,,10192,14,,,2,71,,10171,14,,,2,29,,10196,14,,,2,70,,10188,14,,,2,30,,10194,14,,,2,68,,10195,14,,,2,29,,10162,14,,,2,76,,10170,14,,,2,25,,10158,14,,,2,60,,10168,14,,,2,28,,10165,14,,,2,70,,10175,14,,,2,21,,10179,14,,,2,18,,10160,14,,,2,60,,10167,14,,,2,20,,10161,14,,,2,20,,10157,14,,,2,19,,10163,14,,,2,61,,10176,14,,,2,20,,10182,14,,,2,60,,10181,14,,,2,20,,10178,14,,,2,19,,10173,14,,,2,72,,10184,14,,,2,30,,10183,14,,,2,100,,10174,14,,,2,100,,10180,14,,,2,99,,10186,14,,,2,99,,10187,14,,,2,114,,10185,14,,,2
