202,'SAM',2618,,5749,6,,,1,41,,9,6,,,1
202,'SEM',521,,5750,6,,,1,25,,5754,6,,,1,56,,10,6,,,1,1999,,5751,6,,,1,40,,5752,6,,,1,80,,5753,6,,,1
1703,'DIM',618,,5836,4,,,1,84,,94,4,,,1,99,,5826,4,,,1,58,,5831,4,,,1,99,,5832,4,,,1,101,,5835,4,,,1,141,,5833,4,,,1,100,,5837,4,,,1,100,,5839,4,,,1,59,,5830,4,,,1,142,,5834,4,,,1,56,,5822,4,,,1,100,,5838,4,,,1,100,,5825,4,,,1,102,,5823,4,,,1,100,,5824,4,,,1,141,,5827,4,,,1,100,,89,4,,,1,102,,5829,4,,,1,120,,5828,4,,,1
1703,'SAM',535,,5851,4,,,1,83,,5843,4,,,1,84,,5850,4,,,1,98,,5856,4,,,1,59,,5853,4,,,1,100,,5854,4,,,1,142,,5852,4,,,1,99,,5858,4,,,1,100,,5849,4,,,1,100,,5855,4,,,1,59,,5859,4,,,1,142,,5857,4,,,1,57,,5860,4,,,1,99,,5840,4,,,1,99,,5841,4,,,1,101,,5842,4,,,1,100,,5848,4,,,1,143,,5846,4,,,1,100,,5847,4,,,1,103,,5844,4,,,1,121,,5845,4,,,1
1703,'SEM',549,,5881,4,,,1,152,,5863,4,,,1,101,,5869,4,,,1,56,,5868,4,,,1,99,,5884,4,,,1,100,,5871,4,,,1,100,,5867,4,,,1,100,,5864,4,,,1,99,,5865,4,,,1,96,,5870,4,,,1,77,,5872,4,,,1,22,,5866,4,,,1,75,,5861,4,,,1,27,,5877,4,,,1,75,,5862,4,,,1,77,,5874,4,,,1,29,,5873,4,,,1,69,,5879,4,,,1,100,,5875,4,,,1,100,,5876,4,,,1,100,,5880,4,,,1,100,,5878,4,,,1,52,,5883,4,,,1,150,,5882,4,,,1
2201,'DIM',627,,6066,4,,,2,100,,6067,4,,,2,104,,6064,4,,,2,99,,6071,4,,,2,100,,6062,4,,,2,101,,6069,4,,,2,99,,6065,4,,,2,103,,6070,4,,,2,95,,6068,4,,,2,97,,6073,4,,,2,104,,6059,4,,,2,103,,6072,4,,,2,98,,6063,4,,,2,101,,6061,4,,,2,100,,6058,4,,,2,101,,6060,4,,,2
2201,'SAM',628,,6085,4,,,2,101,,6076,4,,,2,100,,6086,4,,,2,102,,6087,4,,,2,100,,6088,4,,,2,98,,6089,4,,,2,100,,6090,4,,,2,104,,6075,4,,,2,95,,6078,4,,,2,99,,6074,4,,,2,102,,6079,4,,,2,101,,6081,4,,,2,100,,6084,4,,,2,102,,6077,4,,,2,100,,6082,4,,,2,99,,6080,4,,,2,101,,6083,4,,,2
2201,'SEM',620,,6110,4,,,2,32,,6109,4,,,2,68,,6092,4,,,2,95,,6096,4,,,2,40,,6098,4,,,2,75,,6093,4,,,2,98,,6097,4,,,2,100,,6104,4,,,2,100,,6099,4,,,2,100,,6091,4,,,2,95,,6094,4,,,2,105,,6095,4,,,2,100,,6106,4,,,2,100,,6101,4,,,2,100,,6102,4,,,2,100,,6108,4,,,2,100,,6100,4,,,2,100,,6103,4,,,2,100,,6107,4,,,2,101,,6105,4,,,2
2703,'DIM',855,,6673,4,,,2,100,,6668,4,,,2,95,,6669,4,,,2,104,,6671,4,,,2,101,,6667,4,,,2,100,,6665,4,,,2,96,,6666,4,,,2,108,,6670,4,,,2,98,,6672,4,,,2,100,,6658,4,,,2,100,,6657,4,,,2,98,,6663,4,,,2,100,,6661,4,,,2,100,,6662,4,,,2,102,,6659,4,,,2,100,,6660,4,,,2,100,,6664,4,,,2
2703,'SAM',655,,6687,4,,,2,100,,6684,4,,,2,96,,6689,4,,,2,104,,6691,4,,,2,95,,6683,4,,,2,104,,6674,4,,,2,96,,6685,4,,,2,105,,6688,4,,,2,147,,6686,4,,,2,55,,6690,4,,,2,100,,6692,4,,,2,100,,6677,4,,,2,100,,6680,4,,,2,98,,6676,4,,,2,100,,6678,4,,,2,99,,6675,4,,,2,103,,6681,4,,,2,100,,6679,4,,,2,100,,6682,4,,,2
2703,'SEM',812,,6693,4,,,2,41,,6696,4,,,2,99,,6713,4,,,2,100,,6712,4,,,2,98,,6698,4,,,2,94,,6705,4,,,2,100,,6701,4,,,2,100,,6695,4,,,2,80,,6697,4,,,2,80,,6700,4,,,2,15,,6703,4,,,2,30,,6706,4,,,2,70,,6694,4,,,2,24,,6699,4,,,2,105,,6708,4,,,2,91,,6711,4,,,2,108,,6704,4,,,2,100,,6702,4,,,2,99,,6707,4,,,2,101,,6709,4,,,2,95,,6710,4,,,2
3103,'DIM',632,,6784,6,,,1,99,,6783,6,,,1,98,,6788,6,,,1,99,,6791,6,,,1,99,,6792,6,,,1,101,,6789,6,,,1,100,,6785,6,,,1,101,,6787,6,,,1,101,,6775,6,,,1,96,,6786,6,,,1,101,,6790,6,,,1,102,,6779,6,,,1,98,,6777,6,,,1,100,,6778,6,,,1,102,,6776,6,,,1,101,,6782,6,,,1,100,,6781,6,,,1,100,,6780,6,,,1
3103,'SAM',632,,6805,6,,,1,100,,6808,6,,,1,97,,6806,6,,,1,98,,6809,6,,,1,98,,6811,6,,,1,101,,6793,6,,,1,102,,6803,6,,,1,100,,6807,6,,,1,100,,6804,6,,,1,102,,6810,6,,,1,97,,6796,6,,,1,102,,6797,6,,,1,99,,6800,6,,,1,99,,6794,6,,,1,100,,6801,6,,,1,103,,6802,6,,,1,102,,6795,6,,,1,97,,6799,6,,,1,98,,6798,6,,,1
3103,'SEM',627,,6834,6,,,1,100,,6813,6,,,1,100,,6831,6,,,1,100,,6833,6,,,1,100,,6832,6,,,1,100,,6812,6,,,1,99,,6830,6,,,1,100,,6815,6,,,1,100,,6816,6,,,1,97,,6820,6,,,1,23,,6822,6,,,1,74,,6817,6,,,1,20,,6814,6,,,1,82,,6827,6,,,1,30,,6829,6,,,1,70,,6823,6,,,1,33,,6819,6,,,1,77,,6825,6,,,1,102,,6818,6,,,1,100,,6821,6,,,1,102,,6826,6,,,1,97,,6824,6,,,1,110,,6828,6,,,1
4303,'DIM',632,,7751,4,,,1,100,,7752,4,,,1,100,,7753,4,,,1,100,,7744,4,,,1,105,,7745,4,,,1,103,,7754,4,,,1,99,,7757,4,,,1,101,,7755,4,,,1,97,,7758,4,,,1,100,,7756,4,,,1,102,,7739,4,,,1,105,,7743,4,,,1,94,,7750,4,,,1,100,,7747,4,,,1,100,,7741,4,,,1,100,,7740,4,,,1,100,,7742,4,,,1,94,,7746,4,,,1,100,,7749,4,,,1,100,,7748,4,,,1
4303,'SAM',632,,7765,4,,,1,100,,7766,4,,,1,100,,7770,4,,,1,105,,7773,4,,,1,102,,7776,4,,,1,101,,7774,4,,,1,100,,7759,4,,,1,103,,7775,4,,,1,97,,7772,4,,,1,97,,7771,4,,,1,101,,7778,4,,,1,100,,7777,4,,,1,104,,7760,4,,,1,96,,7762,4,,,1,100,,7761,4,,,1,100,,7768,4,,,1,100,,7764,4,,,1,94,,7763,4,,,1,100,,7769,4,,,1,100,,7767,4,,,1
4303,'SEM',633,,7784,4,,,1,100,,7798,4,,,1,82,,7782,4,,,1,103,,7789,4,,,1,30,,7781,4,,,1,70,,7779,4,,,1,29,,7806,4,,,1,70,,7793,4,,,1,30,,7783,4,,,1,70,,7804,4,,,1,30,,7805,4,,,1,70,,7787,4,,,1,30,,7790,4,,,1,70,,7786,4,,,1,30,,7780,4,,,1,70,,7791,4,,,1,25,,7785,4,,,1,70,,7796,4,,,1,25,,7792,4,,,1,70,,7795,4,,,1,30,,7788,4,,,1,70,,7794,4,,,1,100,,7803,4,,,1,100,,7799,4,,,1,105,,7801,4,,,1,100,,7797,4,,,1,108,,7802,4,,,1,110,,7800,4,,,1
4803,'DIM',701,,8156,4,,,1,103,,8152,4,,,1,102,,8157,4,,,1,100,,8155,4,,,1,99,,8158,4,,,1,101,,8161,4,,,1,96,,8153,4,,,1,104,,8159,4,,,1,100,,8154,4,,,1,100,,8160,4,,,1,102,,8149,4,,,1,100,,8162,4,,,1,100,,8146,4,,,1,100,,8144,4,,,1,99,,8150,4,,,1,100,,8145,4,,,1,100,,8148,4,,,1,30,,8147,4,,,1,121,,8151,4,,,1
4803,'SAM',603,,8179,4,,,1,99,,8175,4,,,1,102,,8163,4,,,1,102,,8176,4,,,1,100,,8181,4,,,1,100,,8180,4,,,1,94,,8182,4,,,1,106,,8177,4,,,1,100,,8178,4,,,1,100,,8174,4,,,1,100,,8164,4,,,1,102,,8167,4,,,1,100,,8165,4,,,1,100,,8172,4,,,1,100,,8170,4,,,1,99,,8166,4,,,1,100,,8168,4,,,1,100,,8169,4,,,1,30,,8171,4,,,1,121,,8173,4,,,1
4803,'SEM',529,,8185,4,,,1,28,,8199,4,,,1,60,,8203,4,,,1,38,,8209,4,,,1,73,,8186,4,,,1,30,,8189,4,,,1,61,,8188,4,,,1,33,,8198,4,,,1,75,,8212,4,,,1,105,,8207,4,,,1,100,,8208,4,,,1,100,,8211,4,,,1,93,,8210,4,,,1,80,,8193,4,,,1,30,,8187,4,,,1,75,,8184,4,,,1,30,,8191,4,,,1,65,,8194,4,,,1,29,,8190,4,,,1,72,,8183,4,,,1,29,,8192,4,,,1,71,,8195,4,,,1,50,,8201,4,,,1,145,,8200,4,,,1,100,,8197,4,,,1,99,,8196,4,,,1,100,,8205,4,,,1,54,,8202,4,,,1,91,,8204,4,,,1,79,,8206,4,,,1
5801,'DIM',522,,8777,4,,,2,100,,8769,4,,,2,90,,2987,4,,,2,101,,8767,4,,,2,100,,8768,4,,,2,99,,8773,4,,,2,100,,8770,4,,,2,101,,8766,4,,,2,99,,8771,4,,,2,100,,8775,4,,,2,98,,8772,4,,,2,109,,8776,4,,,2,94,,8760,4,,,2,103,,8774,4,,,2,97,,8765,4,,,2,100,,8762,4,,,2,100,,8764,4,,,2,100,,8761,4,,,2,99,,8759,4,,,2,109,,8763,4,,,2
5801,'SAM',527,,8794,4,,,2,95,,8790,4,,,2,93,,8792,4,,,2,98,,8795,4,,,2,100,,8780,4,,,2,99,,8782,4,,,2,103,,8793,4,,,2,98,,8785,4,,,2,104,,8791,4,,,2,94,,8778,4,,,2,111,,8779,4,,,2,99,,8797,4,,,2,100,,8796,4,,,2,89,,8787,4,,,2,107,,8784,4,,,2,96,,8781,4,,,2,100,,8783,4,,,2,100,,8788,4,,,2,99,,8789,4,,,2,109,,8786,4,,,2
5801,'SEM',509,,8802,4,,,2,28,,8824,4,,,2,82,,8822,4,,,2,38,,8798,4,,,2,92,,8799,4,,,2,84,,8808,4,,,2,100,,8807,4,,,2,100,,8821,4,,,2,100,,8803,4,,,2,100,,8823,4,,,2,100,,8805,4,,,2,80,,8804,4,,,2,87,,8825,4,,,2,30,,8811,4,,,2,71,,8809,4,,,2,20,,8806,4,,,2,19,,8801,4,,,2,60,,8812,4,,,2,20,,8816,4,,,2,15,,8800,4,,,2,65,,8819,4,,,2,20,,8813,4,,,2,30,,8810,4,,,2,100,,8818,4,,,2,100,,8814,4,,,2,102,,8817,4,,,2,105,,8815,4,,,2,99,,8820,4,,,2
6002,'DIM',652,,8943,4,,,1,99,,8952,4,,,1,100,,8951,4,,,1,100,,8955,4,,,1,100,,8953,4,,,1,100,,8957,4,,,1,100,,8954,4,,,1,100,,8956,4,,,1,100,,8958,4,,,1,100,,8942,4,,,1,100,,8959,4,,,1,100,,8949,4,,,1,100,,8945,4,,,1,101,,8944,4,,,1,100,,8947,4,,,1,100,,8946,4,,,1,100,,8948,4,,,1,99,,8950,4,,,1
6002,'SAM',652,,8973,4,,,1,99,,8972,4,,,1,94,,8975,4,,,1,106,,8971,4,,,1,100,,8969,4,,,1,100,,8977,4,,,1,100,,8976,4,,,1,97,,8970,4,,,1,103,,8974,4,,,1,100,,8961,4,,,1,100,,8965,4,,,1,100,,8966,4,,,1,100,,8960,4,,,1,101,,8964,4,,,1,100,,8962,4,,,1,100,,8968,4,,,1,100,,8967,4,,,1,99,,8963,4,,,1
6002,'SEM',627,,8978,4,,,1,116,,8994,4,,,1,82,,8993,4,,,1,102,,8981,4,,,1,96,,8980,4,,,1,100,,8982,4,,,1,100,,8996,4,,,1,100,,8995,4,,,1,96,,8983,4,,,1,104,,8979,4,,,1,100,,8984,4,,,1,100,,8990,4,,,1,101,,8986,4,,,1,99,,8989,4,,,1,100,,8992,4,,,1,99,,8985,4,,,1,100,,8988,4,,,1,90,,8987,4,,,1,100,,8991,4,,,1
7002,'DIM',656,,3827,4,,,1,101,,9644,4,,,1,100,,9645,4,,,1,100,,9642,4,,,1,67,,9640,4,,,1,33,,9631,4,,,1,72,,9652,4,,,1,28,,9641,4,,,1,67,,9637,4,,,1,33,,9639,4,,,1,70,,9648,4,,,1,30,,9646,4,,,1,70,,9647,4,,,1,30,,9635,4,,,1,71,,9643,4,,,1,24,,9649,4,,,1,78,,9632,4,,,1,74,,9651,4,,,1,34,,9630,4,,,1,75,,9650,4,,,1,95,,9653,4,,,1,95,,9633,4,,,1,55,,9629,4,,,1,100,,9636,4,,,1,99,,9634,4,,,1,143,,9638,4,,,1
7002,'SAM',656,,9673,4,,,1,97,,9671,4,,,1,99,,9676,4,,,1,99,,9675,4,,,1,75,,9669,4,,,1,31,,9672,4,,,1,72,,9668,4,,,1,28,,9661,4,,,1,72,,9674,4,,,1,27,,9666,4,,,1,75,,9679,4,,,1,26,,9657,4,,,1,76,,9667,4,,,1,69,,9678,4,,,1,23,,9670,4,,,1,32,,9681,4,,,1,69,,9680,4,,,1,32,,9677,4,,,1,82,,9656,4,,,1,73,,9663,4,,,1,95,,9665,4,,,1,50,,9664,4,,,1,98,,9658,4,,,1,101,,9659,4,,,1,100,,9660,4,,,1,101,,9662,4,,,1
7002,'SEM',529,,9703,4,,,1,97,,9688,4,,,1,25,,9709,4,,,1,71,,9715,4,,,1,33,,9687,4,,,1,72,,9689,4,,,1,31,,9713,4,,,1,70,,9712,4,,,1,30,,9685,4,,,1,70,,9702,4,,,1,30,,9710,4,,,1,70,,9684,4,,,1,30,,9711,4,,,1,70,,9704,4,,,1,30,,9714,4,,,1,80,,9686,4,,,1,20,,9683,4,,,1,67,,9691,4,,,1,31,,9695,4,,,1,70,,9690,4,,,1,31,,9697,4,,,1,71,,9692,4,,,1,29,,9693,4,,,1,73,,9696,4,,,1,75,,9694,4,,,1,32,,9700,4,,,1,81,,9701,4,,,1,87,,9707,4,,,1,100,,9698,4,,,1,104,,9699,4,,,1,105,,9705,4,,,1,102,,9708,4,,,1,104,,9706,4,,,1
7303,'DIM',647,,9733,4,,,1,99,,9728,4,,,1,98,,9730,4,,,1,99,,9727,4,,,1,101,,9729,4,,,1,99,,9731,4,,,1,102,,9720,4,,,1,98,,9726,4,,,1,100,,9732,4,,,1,100,,9734,4,,,1,101,,9718,4,,,1,100,,9719,4,,,1,98,,9716,4,,,1,102,,9721,4,,,1,100,,9724,4,,,1,101,,9717,4,,,1,100,,9722,4,,,1,101,,9725,4,,,1,106,,9723,4,,,1
7303,'SAM',552,,9749,4,,,1,95,,9736,4,,,1,99,,9753,4,,,1,98,,9751,4,,,1,99,,9738,4,,,1,101,,9750,4,,,1,100,,9754,4,,,1,100,,9752,4,,,1,100,,9735,4,,,1,100,,9755,4,,,1,100,,9756,4,,,1,100,,9741,4,,,1,100,,9737,4,,,1,99,,9743,4,,,1,101,,9742,4,,,1,100,,9739,4,,,1,101,,9740,4,,,1,100,,9744,4,,,1,102,,9745,4,,,1,105,,9747,4,,,1,102,,9746,4,,,1,98,,9748,4,,,1
7303,'SEM',540,,9801,4,,,1,65,,9798,4,,,1,37,,9799,4,,,1,7,,9767,4,,,1,76,,9763,4,,,1,23,,9770,4,,,1,81,,9772,4,,,1,14,,9780,4,,,1,69,,9762,4,,,1,30,,9760,4,,,1,70,,9802,4,,,1,30,,9774,4,,,1,70,,9768,4,,,1,30,,9800,4,,,1,69,,9769,4,,,1,30,,9777,4,,,1,70,,9803,4,,,1,30,,9761,4,,,1,70,,9778,4,,,1,26,,9758,4,,,1,71,,9771,4,,,1,30,,9804,4,,,1,20,,9757,4,,,1,57,,9785,4,,,1,18,,9773,4,,,1,13,,9759,4,,,1,54,,9764,4,,,1,15,,9766,4,,,1,15,,9765,4,,,1,14,,9788,4,,,1,13,,9775,4,,,1,57,,9781,4,,,1,14,,9776,4,,,1,19,,9787,4,,,1,75,,9791,4,,,1,26,,9779,4,,,1,73,,9782,4,,,1,29,,9794,4,,,1,71,,9784,4,,,1,30,,9786,4,,,1,67,,9783,4,,,1,33,,9790,4,,,1,70,,9795,4,,,1,30,,9797,4,,,1,75,,9789,4,,,1,30,,9792,4,,,1,67,,9793,4,,,1,122,,9796,4,,,1
7401,'DIM',717,,9897,4,,,2,98,,9898,4,,,2,99,,9904,4,,,2,99,,9902,4,,,2,101,,9899,4,,,2,100,,9900,4,,,2,101,,9901,4,,,2,100,,9905,4,,,2,100,,9903,4,,,2,99,,9906,4,,,2,100,,9890,4,,,2,98,,9894,4,,,2,100,,9896,4,,,2,102,,9895,4,,,2,101,,9893,4,,,2,100,,9891,4,,,2,100,,9892,4,,,2
7401,'SAM',718,,9917,4,,,2,99,,9915,4,,,2,99,,9920,4,,,2,99,,9923,4,,,2,100,,9918,4,,,2,100,,9921,4,,,2,98,,9916,4,,,2,102,,9922,4,,,2,100,,9919,4,,,2,101,,9909,4,,,2,98,,9907,4,,,2,100,,9913,4,,,2,100,,9914,4,,,2,102,,9912,4,,,2,101,,9908,4,,,2,98,,9910,4,,,2,100,,9911,4,,,2
7401,'SEM',619,,9941,4,,,2,95,,9942,4,,,2,100,,9928,4,,,2,106,,9930,4,,,2,97,,9927,4,,,2,100,,9940,4,,,2,100,,9943,4,,,2,100,,9926,4,,,2,99,,9924,4,,,2,99,,9931,4,,,2,90,,9925,4,,,2,102,,9934,4,,,2,30,,9929,4,,,2,80,,9938,4,,,2,100,,9932,4,,,2,100,,9936,4,,,2,100,,9935,4,,,2,97,,9933,4,,,2,103,,9937,4,,,2,98,,9939,4,,,2
22201,'DIM',1357,,10688,4,,,2,855,,10686,4,,,2,44,,10687,4,,,2
22201,'SAM',1358,,10693,4,,,2,854,,10692,4,,,2,42,,10691,4,,,2,102,,10689,4,,,2,152,,10690,4,,,2
22201,'SEM',700,,10695,4,,,2,10,,10694,4,,,2,643,,10699,4,,,2,105,,10700,4,,,2,99,,10698,4,,,2,101,,10697,4,,,2,90,,10696,4,,,2,665,,10701,4,,,2
32201,'DIM',508,,10832,5,,,2,798,,10834,4,,,2,802,,10833,4,,,2
32201,'SAM',508,,10835,5,,,2,798,,10836,4,,,2
32201,'SEM',509,,10837,5,,,2,18,,10838,5,,,2,29,,10839,5,,,2,751,,10841,4,,,2,798,,10840,4,,,2
34503,'SEM',434,,10851,6,,,1,99,,10852,6,,,1
