5504,'SEM',614,,8594,31,,,2,27,,8595,1,,,2,7,,8578,31,,,2,9,,8580,31,,,2,88,,8593,31,,,2,74,,8584,31,,,2,93,,8583,31,,,2,100,,8582,31,,,2,100,,8579,31,,,2,99,,8592,31,,,2,100,,8577,31,,,2,99,,8581,31,,,2,102,,8585,31,,,2,94,,8586,31,,,2,44,,8587,31,,,2,86,,8588,31,,,2,73,,8589,31,,,2,100,,8591,31,,,2,94,,8590,31,,,2
6104,'DIM',638,,9069,33,,,2,100,,9066,33,,,2,101,,9070,33,,,2,100,,9071,33,,,2,102,,9073,33,,,2,100,,9067,33,,,2,102,,9072,33,,,2,106,,9068,33,,,2,99,,9065,33,,,2,103,,9060,33,,,2,100,,9063,33,,,2,100,,9062,33,,,2,94,,9057,33,,,2,99,,9074,33,,,2,95,,9064,33,,,2,100,,9058,33,,,2,100,,9059,33,,,2,100,,9061,33,,,2
6104,'SAM',638,,9087,33,,,2,104,,9085,33,,,2,97,,9082,33,,,2,100,,9090,33,,,2,99,,9092,33,,,2,103,,9086,33,,,2,108,,9091,33,,,2,100,,9075,33,,,2,102,,9088,33,,,2,95,,9077,33,,,2,102,,9089,33,,,2,101,,9080,33,,,2,99,,9076,33,,,2,96,,9084,33,,,2,95,,9078,33,,,2,100,,9083,33,,,2,100,,9079,33,,,2,100,,9081,33,,,2
6104,'SEM',456,,9115,33,,,2,144,,9113,33,,,2,29,,9114,33,,,2,22,,9095,33,,,2,55,,9110,33,,,2,7,,9097,33,,,2,29,,9116,33,,,2,71,,9096,33,,,2,99,,9099,33,,,2,95,,9101,33,,,2,100,,9100,33,,,2,100,,9111,33,,,2,100,,9112,33,,,2,100,,9094,33,,,2,102,,9098,33,,,2,35,,9093,33,,,2,99,,9104,33,,,2,101,,9107,33,,,2,92,,9105,33,,,2,100,,9102,33,,,2,99,,9108,33,,,2,87,,9109,33,,,2,93,,9103,33,,,2,99,,9106,33,,,2
15104,'DIM',612,,10512,27,,,2,31,,10534,27,,,2,68,,10536,27,,,2,22,,10531,27,,,2,74,,10529,27,,,2,28,,10515,27,,,2,79,,10537,27,,,2,25,,10532,27,,,2,74,,10530,27,,,2,35,,10527,27,,,2,77,,10538,27,,,2,27,,10543,27,,,2,76,,10535,27,,,2,75,,10528,27,,,2,37,,10539,27,,,2,69,,10533,27,,,2,37,,10541,27,,,2,75,,10516,27,,,2,37,,10540,27,,,2,69,,10544,27,,,2,79,,10542,27,,,2,33,,10517,27,,,2,77,,10523,27,,,2,27,,10525,27,,,2,75,,10513,27,,,2,31,,10519,27,,,2,74,,10524,27,,,2,27,,10526,27,,,2,69,,10514,27,,,2,31,,10518,27,,,2,100,,10520,27,,,2,101,,10521,27,,,2,60,,10522,27,,,2
15104,'SAM',612,,10564,27,,,2,31,,10567,27,,,2,68,,10570,27,,,2,23,,10568,27,,,2,73,,10562,27,,,2,28,,10565,27,,,2,79,,10571,27,,,2,25,,10569,27,,,2,74,,10563,27,,,2,31,,10566,27,,,2,81,,10572,27,,,2,27,,10576,27,,,2,76,,10560,27,,,2,74,,10574,27,,,2,38,,10573,27,,,2,69,,10577,27,,,2,39,,10561,27,,,2,72,,10545,27,,,2,38,,10575,27,,,2,69,,10549,27,,,2,79,,10547,27,,,2,32,,10546,27,,,2,78,,10553,27,,,2,27,,10557,27,,,2,75,,10548,27,,,2,31,,10555,27,,,2,74,,10554,27,,,2,27,,10558,27,,,2,72,,10559,27,,,2,28,,10556,27,,,2,100,,10550,27,,,2,101,,10551,27,,,2,60,,10552,27,,,2
15104,'SEM',447,,10628,27,,,2,71,,10595,27,,,2,14,,10625,27,,,2,24,,10632,27,,,2,65,,10635,27,,,2,12,,10639,27,,,2,13,,10582,27,,,2,6,,10583,27,,,2,4,,10586,27,,,2,45,,10588,27,,,2,4,,10590,27,,,2,8,,10578,27,,,2,11,,10634,27,,,2,8,,10596,27,,,2,13,,10626,27,,,2,55,,10633,27,,,2,18,,10579,27,,,2,10,,10591,27,,,2,15,,10580,27,,,2,6,,10598,27,,,2,54,,10587,27,,,2,27,,10594,27,,,2,22,,10597,27,,,2,60,,10593,27,,,2,19,,10627,27,,,2,17,,10620,27,,,2,61,,10630,27,,,2,30,,10629,27,,,2,20,,10631,27,,,2,59,,10636,27,,,2,19,,10637,27,,,2,19,,10581,27,,,2,61,,10589,27,,,2,31,,10638,27,,,2,61,,10640,27,,,2,21,,10602,27,,,2,22,,10592,27,,,2,60,,10605,27,,,2,28,,10607,27,,,2,19,,10585,27,,,2,61,,10584,27,,,2,24,,10600,27,,,2,57,,10603,27,,,2,17,,10599,27,,,2,19,,10608,27,,,2,18,,10609,27,,,2,54,,10614,27,,,2,14,,10611,27,,,2,15,,10612,27,,,2,20,,10601,27,,,2,60,,10621,27,,,2,19,,10624,27,,,2,66,,10619,27,,,2,30,,10623,27,,,2,74,,10604,27,,,2,29,,10606,27,,,2,71,,10610,27,,,2,30,,10613,27,,,2,71,,10615,27,,,2,22,,10616,27,,,2,23,,10618,27,,,2,76,,10617,27,,,2,80,,10622,27,,,2
25104,'SEM',710,,10734,11,,,1,7,,10735,11,,,1,11,,10736,11,,,1,14,,10737,11,,,1,11,,10738,11,,,1,58,,10733,11,,,1
25504,'DIM',618,,10791,31,,,2,100,,10794,31,,,2,101,,10797,31,,,2,100,,10795,31,,,2,102,,10798,31,,,2,100,,10796,31,,,2,100,,10799,31,,,2,102,,10792,31,,,2,100,,10783,31,,,2,101,,10793,31,,,2,100,,10784,31,,,2,102,,10787,31,,,2,99,,10800,31,,,2,100,,10789,31,,,2,98,,10785,31,,,2,98,,10790,31,,,2,98,,10786,31,,,2,100,,10788,31,,,2
25504,'SAM',618,,10810,31,,,2,100,,10811,31,,,2,101,,10814,31,,,2,100,,10812,31,,,2,102,,10815,31,,,2,100,,10813,31,,,2,100,,10816,31,,,2,102,,10801,31,,,2,100,,10817,31,,,2,101,,10802,31,,,2,100,,4935,31,,,2,102,,10803,31,,,2,99,,10805,31,,,2,101,,10808,31,,,2,97,,10806,31,,,2,98,,10809,31,,,2,98,,10804,31,,,2,100,,10807,31,,,2
25504,'SEM',459,,10818,31,,,2,66,,10819,31,,,2,1529,,10823,31,,,2,99,,10821,31,,,2,98,,10820,31,,,2,95,,10822,31,,,2
