2201,'DIM',644,,6066,38,,,2,100,,6067,38,,,2,104,,6064,38,,,2,100,,6071,38,,,2,100,,6062,38,,,2,101,,6069,38,,,2,99,,6065,38,,,2,103,,6070,38,,,2,95,,6068,38,,,2,97,,6073,38,,,2,104,,6059,38,,,2,103,,6072,38,,,2,98,,6063,38,,,2,101,,6061,38,,,2,100,,6058,38,,,2,100,,6060,38,,,2
2201,'SAM',645,,6085,38,,,2,101,,6076,38,,,2,100,,6086,38,,,2,103,,6087,38,,,2,100,,6088,38,,,2,98,,6089,38,,,2,100,,6090,38,,,2,104,,6075,38,,,2,95,,6078,38,,,2,99,,6074,38,,,2,102,,6079,38,,,2,101,,6081,38,,,2,100,,6084,38,,,2,102,,6077,38,,,2,100,,6082,38,,,2,98,,6080,38,,,2,101,,6083,38,,,2
2201,'SEM',637,,6110,38,,,2,72,,6109,38,,,2,29,,6092,38,,,2,94,,6096,38,,,2,80,,6098,38,,,2,35,,6093,38,,,2,98,,6097,38,,,2,100,,6104,38,,,2,100,,6099,38,,,2,100,,6091,38,,,2,95,,6094,38,,,2,106,,6095,38,,,2,102,,6106,38,,,2,100,,6101,38,,,2,100,,6102,38,,,2,97,,6108,38,,,2,100,,6100,38,,,2,100,,6103,38,,,2,100,,6107,38,,,2,101,,6105,38,,,2
5001,'DIM',545,,8284,45,,,1,100,,8297,45,,,1,101,,8291,45,,,1,101,,8296,45,,,1,101,,8299,45,,,1,66,,8290,45,,,1,32,,8292,45,,,1,68,,8303,45,,,1,39,,8295,45,,,1,68,,8293,45,,,1,37,,8302,45,,,1,64,,8289,45,,,1,35,,8294,45,,,1,62,,8278,45,,,1,33,,8280,45,,,1,71,,8277,45,,,1,34,,8300,45,,,1,66,,8298,45,,,1,36,,8285,45,,,1,81,,8301,45,,,1,61,,8287,45,,,1,57,,8288,45,,,1,101,,8279,45,,,1,99,,8282,45,,,1,100,,8281,45,,,1,99,,8283,45,,,1,100,,8286,45,,,1
5001,'SAM',545,,8311,45,,,1,100,,8304,45,,,1,101,,8321,45,,,1,103,,8325,45,,,1,102,,8317,45,,,1,63,,8327,45,,,1,35,,8330,45,,,1,68,,8319,45,,,1,36,,8326,45,,,1,66,,8328,45,,,1,34,,8320,45,,,1,68,,8322,45,,,1,34,,8329,45,,,1,71,,8307,45,,,1,32,,8323,45,,,1,63,,8306,45,,,1,32,,8324,45,,,1,70,,8312,45,,,1,36,,8314,45,,,1,81,,8305,45,,,1,61,,8313,45,,,1,100,,8315,45,,,1,58,,8308,45,,,1,100,,8309,45,,,1,100,,8316,45,,,1,98,,8310,45,,,1,100,,8318,45,,,1
5001,'SEM',541,,8356,45,,,1,99,,8358,45,,,1,81,,8340,45,,,1,20,,8362,45,,,1,78,,8333,45,,,1,28,,8342,45,,,1,67,,8337,45,,,1,30,,8359,45,,,1,69,,8360,45,,,1,30,,8343,45,,,1,70,,8338,45,,,1,30,,8336,45,,,1,71,,8361,45,,,1,31,,8357,45,,,1,70,,8332,45,,,1,30,,8347,45,,,1,70,,8334,45,,,1,31,,8331,45,,,1,90,,8339,45,,,1,67,,8344,45,,,1,30,,8341,45,,,1,70,,8335,45,,,1,30,,8350,45,,,1,69,,8345,45,,,1,30,,8348,45,,,1,25,,8346,45,,,1,79,,8352,45,,,1,104,,8354,45,,,1,104,,8349,45,,,1,104,,8351,45,,,1,101,,8353,45,,,1,104,,8355,45,,,1,91,,8363,35,,,1
5801,'DIM',545,,8777,53,,,2,101,,8769,53,,,2,91,,2987,53,,,2,103,,8767,53,,,2,100,,8768,53,,,2,99,,8773,53,,,2,100,,8770,53,,,2,101,,8766,53,,,2,100,,8771,53,,,2,100,,8775,53,,,2,98,,8772,53,,,2,109,,8776,53,,,2,94,,8760,53,,,2,102,,8774,53,,,2,97,,8765,53,,,2,100,,8762,53,,,2,99,,8764,53,,,2,100,,8761,53,,,2,98,,8759,53,,,2,109,,8763,53,,,2
5801,'SAM',550,,8794,53,,,2,96,,8790,53,,,2,94,,8792,53,,,2,100,,8795,53,,,2,100,,8780,53,,,2,99,,8782,53,,,2,103,,8793,53,,,2,98,,8785,53,,,2,105,,8791,53,,,2,94,,8778,53,,,2,111,,8779,53,,,2,99,,8797,53,,,2,100,,8796,53,,,2,88,,8787,53,,,2,107,,8784,53,,,2,96,,8781,53,,,2,99,,8783,53,,,2,100,,8788,53,,,2,98,,8789,53,,,2,109,,8786,53,,,2
5801,'SEM',534,,8802,53,,,2,69,,8824,53,,,2,43,,8822,53,,,2,72,,8826,35,,,2,10,,8798,53,,,2,89,,8799,53,,,2,83,,8808,53,,,2,100,,8807,53,,,2,100,,8821,53,,,2,100,,8803,53,,,2,100,,8823,53,,,2,100,,8805,53,,,2,42,,8804,53,,,2,87,,8825,53,,,2,71,,8811,53,,,2,32,,8809,53,,,2,20,,8806,53,,,2,59,,8801,53,,,2,20,,8812,53,,,2,20,,8816,53,,,2,55,,8800,53,,,2,24,,8819,53,,,2,19,,8813,53,,,2,69,,8810,53,,,2,99,,8818,53,,,2,100,,8814,53,,,2,100,,8817,53,,,2,105,,8815,53,,,2,99,,8820,53,,,2
22201,'DIM',1414,,10688,38,,,2,815,,10686,38,,,2,84,,10687,38,,,2
22201,'SAM',1415,,10693,38,,,2,814,,10692,38,,,2,82,,10691,38,,,2,102,,10689,38,,,2,112,,10690,38,,,2
22201,'SEM',717,,10695,38,,,2,10,,10694,38,,,2,683,,10699,38,,,2,105,,10700,38,,,2,101,,10698,38,,,2,102,,10697,38,,,2,90,,10696,38,,,2,622,,10701,38,,,2
32201,'DIM',526,,10832,39,,,2,798,,10834,38,,,2,802,,10833,38,,,2
32201,'SAM',526,,10835,39,,,2,798,,10836,38,,,2
32201,'SEM',527,,10837,39,,,2,18,,10838,39,,,2,69,,10839,39,,,2,711,,10841,38,,,2,798,,10840,38,,,2
