2202,'DIM',730,,6117,43,,,2,100,,6118,43,,,2,100,,6119,43,,,2,100,,6123,43,,,2,101,,6125,43,,,2,100,,6122,43,,,2,98,,6126,43,,,2,104,,6116,43,,,2,97,,6120,43,,,2,114,,6121,43,,,2,89,,6124,43,,,2,100,,6111,43,,,2,98,,6114,43,,,2,101,,6115,43,,,2,100,,6112,43,,,2,100,,6113,43,,,2
2202,'SAM',631,,6143,27,,,2,97,,6138,43,,,2,99,,6136,43,,,2,102,,6134,43,,,2,101,,6142,43,,,2,101,,6141,43,,,2,98,,6137,43,,,2,100,,6139,43,,,2,102,,6135,43,,,2,98,,6140,43,,,2,114,,6127,43,,,2,88,,6129,43,,,2,102,,6131,43,,,2,97,,6132,43,,,2,100,,6133,43,,,2,101,,6130,43,,,2,99,,6128,43,,,2
2202,'SEM',613,,6164,43,,,2,14,,6165,43,,,2,106,,6163,43,,,2,67,,6161,43,,,2,33,,6145,43,,,2,100,,6149,43,,,2,70,,6151,43,,,2,30,,6146,43,,,2,100,,6150,43,,,2,100,,6162,43,,,2,100,,6152,43,,,2,101,,6144,43,,,2,101,,6147,43,,,2,102,,6153,43,,,2,21,,6148,43,,,2,84,,6157,43,,,2,92,,6156,43,,,2,100,,6158,43,,,2,100,,6160,43,,,2,100,,6154,43,,,2,105,,6155,43,,,2,95,,6159,43,,,2
4202,'DIM',502,,7583,57,,,2,39,,7620,57,,,2,67,,7593,57,,,2,30,,7580,57,,,2,70,,7604,57,,,2,29,,7602,57,,,2,70,,7607,57,,,2,31,,7610,57,,,2,70,,7581,57,,,2,33,,7615,57,,,2,71,,7612,57,,,2,30,,7618,57,,,2,15,,7605,57,,,2,58,,7611,57,,,2,22,,7606,57,,,2,20,,7601,57,,,2,61,,1847,57,,,2,21,,7621,57,,,2,62,,7603,57,,,2,18,,7619,57,,,2,23,,7578,57,,,2,60,,7623,57,,,2,18,,7608,57,,,2,22,,7609,57,,,2,59,,7613,57,,,2,21,,7584,57,,,2,20,,7616,57,,,2,17,,7585,57,,,2,64,,7617,57,,,2,20,,7622,57,,,2,59,,7588,57,,,2,25,,7614,57,,,2,75,,7591,57,,,2,36,,7594,57,,,2,69,,7597,57,,,2,30,,7579,57,,,2,72,,7599,57,,,2,30,,7586,57,,,2,70,,7589,57,,,2,28,,7582,57,,,2,68,,7595,57,,,2,31,,7598,57,,,2,68,,7587,57,,,2,30,,7590,57,,,2,69,,7592,57,,,2,29,,7596,57,,,2,79,,7600,57,,,2
4202,'SAM',502,,7626,57,,,2,40,,7624,57,,,2,66,,7640,57,,,2,23,,7662,57,,,2,83,,7653,57,,,2,25,,7647,57,,,2,72,,7635,57,,,2,33,,7663,57,,,2,66,,7651,57,,,2,30,,7654,57,,,2,74,,7658,57,,,2,28,,7648,57,,,2,14,,7670,57,,,2,61,,7665,57,,,2,20,,7646,57,,,2,20,,7669,57,,,2,59,,7656,57,,,2,21,,7642,57,,,2,64,,7666,57,,,2,16,,7649,57,,,2,23,,7671,57,,,2,62,,7650,57,,,2,16,,7652,57,,,2,24,,7643,57,,,2,60,,7657,57,,,2,19,,7668,57,,,2,23,,7655,57,,,2,15,,7659,57,,,2,63,,7628,57,,,2,20,,7667,57,,,2,60,,7664,57,,,2,25,,7636,57,,,2,75,,7660,57,,,2,36,,7661,57,,,2,71,,7641,57,,,2,28,,7625,57,,,2,69,,7629,57,,,2,28,,7631,57,,,2,75,,7633,57,,,2,27,,7634,57,,,2,69,,7627,57,,,2,31,,7630,57,,,2,64,,7632,57,,,2,33,,7637,57,,,2,69,,7638,57,,,2,31,,7639,57,,,2,78,,7644,57,,,2,30,,7645,57,,,2
4202,'SEM',458,,7696,57,,,2,144,,7720,57,,,2,22,,7726,57,,,2,13,,7730,57,,,2,8,,7734,57,,,2,5,,7736,57,,,2,6,,7673,57,,,2,45,,7676,57,,,2,6,,7679,57,,,2,4,,7681,57,,,2,6,,7683,57,,,2,6,,7687,57,,,2,9,,7717,57,,,2,15,,7724,57,,,2,11,,7677,57,,,2,49,,7728,57,,,2,12,,7686,57,,,2,11,,7721,57,,,2,14,,7733,57,,,2,9,,7727,57,,,2,52,,7731,57,,,2,17,,7735,57,,,2,18,,7698,57,,,2,14,,7684,57,,,2,64,,7678,57,,,2,16,,7689,57,,,2,69,,7719,57,,,2,10,,7729,57,,,2,25,,7697,57,,,2,16,,7675,57,,,2,64,,7722,57,,,2,21,,7723,57,,,2,14,,7718,57,,,2,67,,7725,57,,,2,20,,7680,57,,,2,60,,7732,57,,,2,20,,7674,57,,,2,15,,7693,57,,,2,20,,7691,57,,,2,58,,7672,57,,,2,13,,7685,57,,,2,16,,7694,57,,,2,17,,7692,57,,,2,56,,7690,57,,,2,15,,7682,57,,,2,18,,7701,57,,,2,55,,7703,57,,,2,13,,7705,57,,,2,15,,7708,57,,,2,16,,7688,57,,,2,56,,7695,57,,,2,15,,7704,57,,,2,14,,7713,57,,,2,70,,7715,57,,,2,27,,7706,57,,,2,76,,7712,57,,,2,40,,7716,57,,,2,71,,7714,57,,,2,30,,7699,57,,,2,70,,7700,57,,,2,38,,7702,57,,,2,68,,7707,57,,,2,33,,7709,57,,,2,67,,7711,57,,,2,30,,7710,57,,,2
5202,'DIM',643,,8519,101,,,2,111,,8516,101,,,2,100,,8513,101,,,2,100,,8514,101,,,2,101,,8520,101,,,2,100,,8518,101,,,2,100,,8523,101,,,2,102,,8515,101,,,2,100,,8517,101,,,2,100,,8507,101,,,2,102,,8521,101,,,2,98,,8522,101,,,2,101,,8511,101,,,2,98,,8510,101,,,2,99,,8512,101,,,2,100,,8508,101,,,2,99,,8509,101,,,2
5202,'SAM',643,,8537,101,,,2,111,,8531,101,,,2,98,,8534,101,,,2,101,,8533,101,,,2,102,,8535,101,,,2,100,,8538,101,,,2,99,,8539,101,,,2,101,,8540,101,,,2,102,,8525,101,,,2,98,,8526,101,,,2,145,,8536,101,,,2,55,,8527,101,,,2,103,,8524,101,,,2,98,,8530,101,,,2,100,,8532,101,,,2,99,,8529,101,,,2,99,,8528,101,,,2
5202,'SEM',605,,8554,101,,,2,50,,8553,101,,,2,74,,8541,101,,,2,29,,8556,101,,,2,143,,8558,101,,,2,99,,8546,101,,,2,59,,8544,101,,,2,100,,8555,101,,,2,100,,8557,101,,,2,100,,8559,101,,,2,100,,8543,101,,,2,143,,8545,101,,,2,99,,8542,101,,,2,99,,8551,101,,,2,59,,8548,101,,,2,99,,8552,101,,,2,100,,8547,101,,,2,99,,8550,101,,,2,100,,8549,101,,,2
5802,'DIM',609,,8843,20,,,2,100,,8840,20,,,2,91,,3051,20,,,2,100,,8834,20,,,2,100,,8835,20,,,2,59,,8839,20,,,2,100,,8836,20,,,2,141,,8833,20,,,2,100,,8837,20,,,2,100,,8841,20,,,2,58,,8838,20,,,2,149,,8842,20,,,2,94,,8827,20,,,2,100,,8829,20,,,2,100,,8832,20,,,2,100,,8830,20,,,2,100,,8831,20,,,2,99,,8828,20,,,2
5802,'SAM',609,,8859,20,,,2,100,,8844,20,,,2,91,,8857,20,,,2,100,,8860,20,,,2,100,,8848,20,,,2,59,,8850,20,,,2,143,,8858,20,,,2,98,,8853,20,,,2,105,,8856,20,,,2,54,,8845,20,,,2,151,,8847,20,,,2,99,,8861,20,,,2,92,,8846,20,,,2,100,,8854,20,,,2,103,,8852,20,,,2,97,,8849,20,,,2,100,,8851,20,,,2,99,,8855,20,,,2
5802,'SEM',528,,8881,20,,,2,26,,8865,20,,,2,76,,8885,20,,,2,13,,8864,20,,,2,58,,8886,12,,,2,9,,8883,20,,,2,30,,8868,20,,,2,17,,8862,20,,,2,82,,8863,20,,,2,82,,8870,20,,,2,100,,8869,20,,,2,100,,8882,20,,,2,100,,8866,20,,,2,101,,8884,20,,,2,101,,8867,20,,,2,25,,8874,20,,,2,70,,8871,20,,,2,106,,8873,20,,,2,30,,8880,20,,,2,100,,8875,20,,,2,99,,8876,20,,,2,87,,8872,20,,,2,99,,8879,20,,,2,100,,8877,20,,,2,100,,8878,20,,,2
22202,'DIM',1444,,10702,32,,,2
22202,'SAM',1444,,10705,32,,,2,895,,10704,32,,,2,103,,10703,32,,,2
22202,'SEM',550,,10712,32,,,2,151,,10706,32,,,2,50,,10707,32,,,2,767,,10708,32,,,2,29,,10709,32,,,2,703,,10711,32,,,2,65,,10710,32,,,2
25202,'SEM',536,,10744,53,,,2,98,,10745,53,,,2,187,,10743,53,,,2
32202,'SAM',2555,,10842,26,,,2
32202,'SEM',2424,,10843,26,,,2,85,,10844,26,,,2
