201,'SAM',2558,,5743,18,,,1,81,,3,18,,,1,85,,5744,18,,,1
201,'SEM',2517,,5745,18,,,1,27,,5746,18,,,1,80,,5747,18,,,1,80,,5748,18,,,1
1704,'DIM',515,,5896,51,,,1,90,,5899,51,,,1,106,,5902,51,,,1,97,,5895,51,,,1,101,,5889,51,,,1,102,,5894,51,,,1,101,,5897,51,,,1,100,,5901,51,,,1,103,,5898,51,,,1,100,,5903,51,,,1,102,,5905,51,,,1,99,,5893,51,,,1,101,,5900,51,,,1,99,,5885,51,,,1,98,,5904,51,,,1,99,,5888,51,,,1,99,,5886,51,,,1,98,,5887,51,,,1,99,,5890,51,,,1,98,,5892,51,,,1,96,,5891,51,,,1
1704,'SAM',516,,5917,51,,,1,89,,5914,51,,,1,106,,5909,51,,,1,97,,5916,51,,,1,101,,5922,51,,,1,103,,5919,51,,,1,100,,5920,51,,,1,100,,5918,51,,,1,102,,5924,51,,,1,100,,5915,51,,,1,101,,5921,51,,,1,101,,5925,51,,,1,102,,5923,51,,,1,98,,5926,51,,,1,98,,5906,51,,,1,99,,5907,51,,,1,99,,5908,51,,,1,98,,5913,51,,,1,99,,5911,51,,,1,98,,5912,51,,,1,96,,5910,51,,,1
1704,'SEM',529,,5938,51,,,1,103,,5948,51,,,1,21,,5928,51,,,1,64,,5932,51,,,1,16,,5934,51,,,1,25,,5949,51,,,1,74,,5927,51,,,1,100,,5931,51,,,1,84,,5936,51,,,1,99,,5930,51,,,1,101,,5939,51,,,1,100,,5935,51,,,1,100,,5929,51,,,1,102,,5933,51,,,1,103,,5937,51,,,1,98,,5944,51,,,1,101,,5942,51,,,1,97,,5940,51,,,1,98,,5946,51,,,1,100,,5941,51,,,1,98,,5943,51,,,1,99,,5947,51,,,1,99,,5945,51,,,1
2202,'DIM',746,,6117,73,,,2,100,,6118,73,,,2,100,,6119,73,,,2,100,,6123,73,,,2,101,,6125,73,,,2,100,,6122,73,,,2,98,,6126,73,,,2,104,,6116,73,,,2,97,,6120,73,,,2,154,,6121,73,,,2,49,,6124,73,,,2,100,,6111,73,,,2,98,,6114,73,,,2,101,,6115,73,,,2,100,,6112,73,,,2,100,,6113,73,,,2
2202,'SAM',647,,6143,57,,,2,97,,6138,73,,,2,99,,6136,73,,,2,102,,6134,73,,,2,101,,6142,73,,,2,101,,6141,73,,,2,98,,6137,73,,,2,100,,6139,73,,,2,102,,6135,73,,,2,98,,6140,73,,,2,114,,6127,73,,,2,88,,6129,73,,,2,102,,6131,73,,,2,97,,6132,73,,,2,100,,6133,73,,,2,101,,6130,73,,,2,99,,6128,73,,,2
2202,'SEM',629,,6164,73,,,2,15,,6165,73,,,2,106,,6163,73,,,2,67,,6161,73,,,2,33,,6145,73,,,2,99,,6149,73,,,2,70,,6151,73,,,2,30,,6146,73,,,2,100,,6150,73,,,2,100,,6162,73,,,2,100,,6152,73,,,2,101,,6144,73,,,2,101,,6147,73,,,2,102,,6153,73,,,2,61,,6148,73,,,2,44,,6157,73,,,2,92,,6156,73,,,2,100,,6158,73,,,2,100,,6160,73,,,2,100,,6154,73,,,2,105,,6155,73,,,2,95,,6159,73,,,2
2704,'DIM',803,,6730,56,,,2,101,,6731,56,,,2,100,,6733,56,,,2,99,,6728,56,,,2,56,,6729,56,,,2,145,,6732,56,,,2,102,,6727,56,,,2,100,,6726,56,,,2,95,,6720,56,,,2,101,,6721,56,,,2,105,,6725,56,,,2,98,,6719,56,,,2,100,,6718,56,,,2,98,,6724,56,,,2,100,,6722,56,,,2,100,,6723,56,,,2
2704,'SAM',702,,6749,56,,,2,101,,6746,56,,,2,100,,6744,56,,,2,56,,6748,56,,,2,144,,6750,56,,,2,56,,6743,56,,,2,145,,6734,56,,,2,96,,6745,56,,,2,106,,6747,56,,,2,106,,6739,56,,,2,95,,6741,56,,,2,100,,6742,56,,,2,98,,6737,56,,,2,100,,6740,56,,,2,98,,6736,56,,,2,100,,6738,56,,,2,99,,6735,56,,,2
2704,'SEM',627,,6770,56,,,2,31,,6754,56,,,2,75,,6752,56,,,2,24,,6757,56,,,2,64,,6772,56,,,2,29,,6769,56,,,2,79,,6751,56,,,2,78,,6756,56,,,2,96,,6773,56,,,2,110,,6771,56,,,2,95,,6753,56,,,2,50,,6774,56,,,2,101,,6760,56,,,2,147,,6755,56,,,2,39,,6759,56,,,2,79,,6758,56,,,2,16,,6767,56,,,2,66,,6763,56,,,2,33,,6765,56,,,2,73,,6764,56,,,2,99,,6762,56,,,2,45,,6768,56,,,2,99,,6761,56,,,2,99,,6766,56,,,2
3104,'DIM',635,,1107,61,,,1,103,,6844,61,,,1,101,,6843,61,,,1,102,,6848,61,,,1,103,,6851,61,,,1,100,,6852,61,,,1,101,,6849,61,,,1,101,,6845,61,,,1,102,,6847,61,,,1,102,,6835,61,,,1,96,,6846,61,,,1,101,,6850,61,,,1,97,,6838,61,,,1,100,,6837,61,,,1,99,,6839,61,,,1,99,,6836,61,,,1,99,,6842,61,,,1,97,,6841,61,,,1,100,,6840,61,,,1
3104,'SAM',534,,6869,61,,,1,99,,6863,61,,,1,105,,6865,61,,,1,102,,6868,61,,,1,101,,6866,61,,,1,102,,6870,61,,,1,99,,6872,61,,,1,101,,6853,61,,,1,103,,6862,61,,,1,101,,6867,61,,,1,101,,6864,61,,,1,102,,6871,61,,,1,97,,6856,61,,,1,99,,6857,61,,,1,98,,6859,61,,,1,99,,6854,61,,,1,99,,6860,61,,,1,99,,6861,61,,,1,97,,6855,61,,,1,100,,6858,61,,,1
3104,'SEM',506,,6889,61,,,1,31,,1143,61,,,1,87,,6890,61,,,1,22,,6892,61,,,1,64,,6875,61,,,1,34,,6877,61,,,1,72,,6888,61,,,1,30,,6874,61,,,1,69,,6876,61,,,1,31,,6893,61,,,1,100,,6895,61,,,1,100,,6894,61,,,1,100,,6873,61,,,1,100,,6891,61,,,1,101,,6878,61,,,1,105,,6879,61,,,1,102,,6882,61,,,1,100,,6880,61,,,1,96,,6887,61,,,1,97,,6884,61,,,1,100,,6885,61,,,1,99,,6881,61,,,1,98,,6883,61,,,1,105,,6886,61,,,1
4304,'DIM',511,,2049,36,,,1,103,,2043,36,,,1,102,,7817,36,,,1,102,,7818,36,,,1,101,,7819,36,,,1,100,,7812,36,,,1,107,,7813,36,,,1,102,,7820,36,,,1,99,,7823,36,,,1,102,,7821,36,,,1,98,,7824,36,,,1,102,,7822,36,,,1,99,,7807,36,,,1,104,,7811,36,,,1,95,,7816,36,,,1,100,,7815,36,,,1,100,,7809,36,,,1,99,,7808,36,,,1,99,,7810,36,,,1,91,,7814,36,,,1
4304,'SAM',511,,2068,36,,,1,103,,7835,36,,,1,102,,7831,36,,,1,102,,7832,36,,,1,101,,7836,36,,,1,104,,7839,36,,,1,104,,7842,36,,,1,101,,7840,36,,,1,100,,7825,36,,,1,104,,7841,36,,,1,98,,7838,36,,,1,98,,7837,36,,,1,100,,7844,36,,,1,99,,7843,36,,,1,102,,7826,36,,,1,98,,7828,36,,,1,100,,7827,36,,,1,99,,7833,36,,,1,99,,7830,36,,,1,91,,7829,36,,,1,100,,7834,36,,,1
4304,'SEM',532,,7870,36,,,1,74,,7873,36,,,1,36,,7846,36,,,1,60,,7850,36,,,1,21,,7853,36,,,1,22,,7860,36,,,1,63,,7874,36,,,1,27,,7866,36,,,1,72,,7849,36,,,1,29,,7852,36,,,1,73,,7857,36,,,1,28,,7848,36,,,1,70,,7845,36,,,1,30,,7877,36,,,1,70,,7861,36,,,1,30,,7851,36,,,1,70,,7875,36,,,1,30,,7876,36,,,1,70,,7856,36,,,1,32,,7858,36,,,1,71,,7855,36,,,1,31,,7847,36,,,1,72,,7859,36,,,1,26,,7854,36,,,1,70,,7864,36,,,1,96,,7863,36,,,1,54,,7862,36,,,1,99,,7872,36,,,1,100,,7868,36,,,1,99,,7869,36,,,1,100,,7865,36,,,1,150,,7867,36,,,1,21,,7871,36,,,1
4804,'DIM',612,,2444,66,,,1,110,,8225,66,,,1,104,,8224,66,,,1,108,,8221,66,,,1,108,,8226,66,,,1,101,,8223,66,,,1,99,,8227,66,,,1,104,,8229,66,,,1,97,,8222,66,,,1,106,,8228,66,,,1,100,,8216,66,,,1,99,,8219,66,,,1,97,,8217,66,,,1,98,,8220,66,,,1,97,,8215,66,,,1,100,,8213,66,,,1,100,,8218,66,,,1,98,,8214,66,,,1
4804,'SAM',611,,8241,66,,,1,113,,8246,66,,,1,103,,8243,66,,,1,107,,8230,66,,,1,108,,8244,66,,,1,101,,8248,66,,,1,100,,8247,66,,,1,97,,8249,66,,,1,107,,8245,66,,,1,102,,8231,66,,,1,100,,8234,66,,,1,99,,8238,66,,,1,97,,8235,66,,,1,98,,8232,66,,,1,97,,8242,66,,,1,100,,8239,66,,,1,100,,8233,66,,,1,98,,8236,66,,,1,92,,8237,66,,,1,26,,8240,66,,,1
4804,'SEM',544,,2475,66,,,1,85,,8270,66,,,1,21,,8272,66,,,1,60,,8252,66,,,1,24,,8263,66,,,1,25,,8266,66,,,1,59,,8258,66,,,1,22,,8275,66,,,1,69,,8253,66,,,1,29,,8256,66,,,1,70,,8255,66,,,1,30,,8271,66,,,1,67,,8276,66,,,1,107,,8273,66,,,1,100,,8274,66,,,1,101,,8250,66,,,1,99,,8260,66,,,1,39,,8257,66,,,1,74,,8254,66,,,1,77,,8251,66,,,1,51,,8261,66,,,1,68,,8268,66,,,1,103,,8259,66,,,1,106,,8265,66,,,1,103,,8264,66,,,1,97,,8262,66,,,1,97,,8269,66,,,1,100,,8267,66,,,1
5802,'DIM',629,,8843,64,,,2,101,,8840,64,,,2,93,,3051,64,,,2,101,,8834,64,,,2,100,,8835,64,,,2,99,,8839,64,,,2,100,,8836,64,,,2,101,,8833,64,,,2,101,,8837,64,,,2,100,,8841,64,,,2,98,,8838,64,,,2,109,,8842,64,,,2,94,,8827,64,,,2,99,,8829,64,,,2,99,,8832,64,,,2,99,,8830,64,,,2,99,,8831,64,,,2,98,,8828,64,,,2
5802,'SAM',629,,8859,64,,,2,101,,8844,64,,,2,93,,8857,64,,,2,101,,8860,64,,,2,100,,8848,64,,,2,99,,8850,64,,,2,103,,8858,64,,,2,98,,8853,64,,,2,106,,8856,64,,,2,94,,8845,64,,,2,111,,8847,64,,,2,99,,8861,64,,,2,92,,8846,64,,,2,99,,8854,64,,,2,102,,8852,64,,,2,96,,8849,64,,,2,99,,8851,64,,,2,98,,8855,64,,,2
5802,'SEM',552,,8881,64,,,2,67,,8865,64,,,2,39,,8885,64,,,2,53,,8864,64,,,2,18,,8886,56,,,2,9,,8883,64,,,2,70,,8868,64,,,2,16,,8862,64,,,2,82,,8863,64,,,2,41,,8870,64,,,2,100,,8869,64,,,2,100,,8882,64,,,2,100,,8866,64,,,2,101,,8884,64,,,2,102,,8867,64,,,2,65,,8874,64,,,2,31,,8871,64,,,2,105,,8873,64,,,2,69,,8880,64,,,2,98,,8875,64,,,2,99,,8876,64,,,2,86,,8872,64,,,2,97,,8879,64,,,2,100,,8877,64,,,2,59,,8878,64,,,2
6001,'DIM',819,,8888,60,,,1,103,,8896,60,,,1,101,,8895,60,,,1,103,,8899,60,,,1,106,,8897,60,,,1,107,,8901,60,,,1,100,,8898,60,,,1,101,,8900,60,,,1,100,,8902,60,,,1,98,,8887,60,,,1,93,,8903,60,,,1,95,,8894,60,,,1,97,,8890,60,,,1,97,,8889,60,,,1,97,,8892,60,,,1,100,,8891,60,,,1,100,,8893,60,,,1
6001,'SAM',714,,8907,60,,,1,105,,8917,60,,,1,103,,8916,60,,,1,95,,8919,60,,,1,109,,8915,60,,,1,106,,8913,60,,,1,107,,8921,60,,,1,100,,8920,60,,,1,107,,8914,60,,,1,94,,8918,60,,,1,98,,8905,60,,,1,93,,8909,60,,,1,95,,8910,60,,,1,97,,8904,60,,,1,97,,8908,60,,,1,97,,8906,60,,,1,100,,8912,60,,,1,100,,8911,60,,,1
6001,'SEM',556,,8938,60,,,1,147,,8922,60,,,1,55,,8923,60,,,1,72,,8925,60,,,1,85,,8928,60,,,1,91,,8939,60,,,1,103,,8940,60,,,1,99,,8924,60,,,1,101,,8926,60,,,1,102,,8941,60,,,1,101,,8930,60,,,1,101,,8927,60,,,1,108,,8933,60,,,1,97,,8929,60,,,1,91,,8936,60,,,1,96,,8932,60,,,1,49,,8935,60,,,1,99,,8937,60,,,1,95,,8931,60,,,1,100,,8934,60,,,1
7001,'DIM',745,,9555,84,,,1,100,,9558,84,,,1,102,,9557,84,,,1,101,,9561,84,,,1,66,,9562,84,,,1,31,,9564,84,,,1,64,,9559,84,,,1,43,,9563,84,,,1,60,,9560,84,,,1,38,,9566,84,,,1,71,,9565,84,,,1,32,,9542,84,,,1,61,,9556,84,,,1,38,,9541,84,,,1,60,,9546,84,,,1,34,,9543,84,,,1,75,,9548,84,,,1,32,,9545,84,,,1,74,,9547,84,,,1,29,,9552,84,,,1,94,,9550,84,,,1,99,,9549,84,,,1,100,,9544,84,,,1,99,,9553,84,,,1,98,,9554,84,,,1,96,,9551,84,,,1
7001,'SAM',745,,9587,84,,,1,100,,9585,84,,,1,102,,9590,84,,,1,101,,9586,84,,,1,67,,9592,84,,,1,28,,9591,84,,,1,67,,9589,84,,,1,42,,9567,84,,,1,64,,9568,84,,,1,33,,9588,84,,,1,67,,9570,84,,,1,33,,9584,84,,,1,64,,9569,84,,,1,39,,9572,84,,,1,69,,9573,84,,,1,27,,9576,84,,,1,71,,9571,84,,,1,34,,9577,84,,,1,74,,9578,84,,,1,29,,9581,84,,,1,94,,9580,84,,,1,99,,9582,84,,,1,100,,9579,84,,,1,99,,9575,84,,,1,99,,9574,84,,,1,95,,9583,84,,,1
7001,'SEM',601,,9594,84,,,1,18,,9628,84,,,1,29,,9598,84,,,1,54,,9627,84,,,1,31,,9607,84,,,1,70,,9626,84,,,1,35,,9597,84,,,1,15,,9602,84,,,1,73,,9593,84,,,1,27,,9603,84,,,1,67,,9604,84,,,1,35,,9599,84,,,1,67,,9624,84,,,1,30,,9625,84,,,1,71,,9613,84,,,1,29,,9596,84,,,1,72,,9595,84,,,1,30,,9600,84,,,1,72,,9605,84,,,1,29,,9606,84,,,1,78,,9608,84,,,1,70,,9610,84,,,1,29,,9614,84,,,1,26,,9616,84,,,1,79,,9601,84,,,1,67,,9619,84,,,1,29,,9620,84,,,1,25,,9615,84,,,1,80,,9611,84,,,1,75,,9609,84,,,1,41,,9618,84,,,1,100,,9612,84,,,1,101,,9617,84,,,1,104,,9622,84,,,1,90,,9621,84,,,1,174,,9623,84,,,1
7304,'DIM',550,,4008,79,,,1,70,,3997,79,,,1,102,,9816,79,,,1,101,,9822,79,,,1,102,,9817,79,,,1,103,,9819,79,,,1,101,,9815,79,,,1,100,,9818,79,,,1,101,,9820,79,,,1,101,,9809,79,,,1,101,,9814,79,,,1,101,,9821,79,,,1,100,,9823,79,,,1,98,,9807,79,,,1,98,,9808,79,,,1,99,,9805,79,,,1,99,,9810,79,,,1,99,,9812,79,,,1,97,,9806,79,,,1,100,,9811,79,,,1,99,,9813,79,,,1
7304,'SAM',550,,9846,79,,,1,70,,9834,79,,,1,104,,9838,79,,,1,99,,9826,79,,,1,102,,9842,79,,,1,103,,9840,79,,,1,102,,9827,79,,,1,101,,9839,79,,,1,99,,9843,79,,,1,101,,9841,79,,,1,101,,9824,79,,,1,102,,9844,79,,,1,99,,9845,79,,,1,98,,9830,79,,,1,98,,9825,79,,,1,99,,9832,79,,,1,99,,9831,79,,,1,99,,9828,79,,,1,97,,9829,79,,,1,100,,9833,79,,,1,99,,9835,79,,,1,100,,9837,79,,,1,99,,9836,79,,,1
7304,'SEM',514,,9876,79,,,1,45,,9874,79,,,1,82,,9885,79,,,1,18,,9887,79,,,1,68,,9886,79,,,1,12,,9853,79,,,1,12,,9882,79,,,1,53,,9859,79,,,1,21,,9862,79,,,1,16,,9883,79,,,1,15,,9854,79,,,1,65,,9851,79,,,1,29,,9857,79,,,1,82,,9866,79,,,1,69,,9852,79,,,1,30,,9849,79,,,1,70,,9888,79,,,1,30,,9861,79,,,1,75,,9855,79,,,1,26,,9884,79,,,1,70,,9856,79,,,1,31,,9863,79,,,1,70,,9889,79,,,1,32,,9850,79,,,1,82,,9864,79,,,1,13,,9848,79,,,1,19,,9847,79,,,1,75,,9858,79,,,1,15,,9871,79,,,1,65,,9870,79,,,1,32,,9860,79,,,1,73,,9877,79,,,1,23,,9875,79,,,1,72,,9867,79,,,1,26,,9873,79,,,1,71,,9879,79,,,1,31,,9865,79,,,1,27,,9868,79,,,1,70,,9880,79,,,1,28,,9869,79,,,1,70,,9872,79,,,1,99,,9878,79,,,1,93,,9881,79,,,1
7402,'DIM',650,,9951,92,,,2,103,,9955,92,,,2,102,,9954,92,,,2,102,,9956,92,,,2,102,,9958,92,,,2,141,,9947,92,,,2,100,,9952,92,,,2,101,,9953,92,,,2,102,,9957,92,,,2,99,,9959,92,,,2,99,,9960,92,,,2,100,,9944,92,,,2,58,,9946,92,,,2,98,,9948,92,,,2,99,,9950,92,,,2,100,,9949,92,,,2,98,,9945,92,,,2
7402,'SAM',650,,9971,92,,,2,103,,9974,92,,,2,100,,9962,92,,,2,102,,9976,92,,,2,104,,9975,92,,,2,141,,9970,92,,,2,59,,9973,92,,,2,141,,9972,92,,,2,103,,9961,92,,,2,99,,9977,92,,,2,100,,9964,92,,,2,57,,9965,92,,,2,98,,9966,92,,,2,100,,9969,92,,,2,98,,9963,92,,,2,100,,9967,92,,,2,98,,9968,92,,,2
7402,'SEM',615,,9995,92,,,2,90,,9996,92,,,2,16,,9981,92,,,2,87,,9985,92,,,2,96,,9980,92,,,2,97,,9983,92,,,2,58,,9992,92,,,2,100,,9984,92,,,2,100,,9993,92,,,2,100,,9978,92,,,2,100,,9982,92,,,2,148,,9979,92,,,2,98,,9987,92,,,2,99,,9991,92,,,2,96,,9986,92,,,2,57,,9990,92,,,2,99,,9994,92,,,2,99,,9989,92,,,2,100,,9988,92,,,2
22202,'DIM',1500,,10702,62,,,2
22202,'SAM',1500,,10705,62,,,2,855,,10704,62,,,2,103,,10703,62,,,2
22202,'SEM',606,,10712,62,,,2,113,,10706,62,,,2,90,,10707,62,,,2,725,,10708,62,,,2,69,,10709,62,,,2,703,,10711,62,,,2,25,,10710,62,,,2
32202,'SAM',2611,,10842,56,,,2
32202,'SEM',2440,,10843,56,,,2,85,,10844,56,,,2
33504,'DIM',1313,,10848,4,,,2
33504,'SAM',1313,,10849,4,,,2
33504,'SEM',1313,,10850,4,,,2
34504,'SEM',2530,,10854,41,,,1,117,,10853,41,,,1
