2401,'DIM',648,,6179,14,,,1,98,,444,14,,,1,105,,6178,14,,,1,101,,6175,14,,,1,101,,6181,14,,,1,70,,6177,14,,,1,30,,6184,14,,,1,70,,6183,14,,,1,26,,6186,14,,,1,77,,6187,14,,,1,24,,6180,14,,,1,76,,6166,14,,,1,24,,6188,14,,,1,72,,6182,14,,,1,32,,6167,14,,,1,72,,6185,14,,,1,74,,6170,14,,,1,24,,6189,14,,,1,30,,6168,14,,,1,100,,6171,14,,,1,100,,6172,14,,,1,100,,6169,14,,,1,97,,6176,14,,,1,99,,6173,14,,,1,95,,6174,14,,,1,99,,439,14,,,1
2401,'SAM',618,,6205,14,,,1,30,,6216,14,,,1,98,,6206,14,,,1,106,,6201,14,,,1,100,,6214,14,,,1,100,,6207,14,,,1,70,,6215,14,,,1,30,,6210,14,,,1,71,,6192,14,,,1,30,,6202,14,,,1,73,,6204,14,,,1,32,,6190,14,,,1,67,,6203,14,,,1,75,,6208,14,,,1,31,,6212,14,,,1,23,,6209,14,,,1,70,,6211,14,,,1,31,,6213,14,,,1,69,,6195,14,,,1,76,,6193,14,,,1,54,,6196,14,,,1,100,,6194,14,,,1,100,,6199,14,,,1,97,,6191,14,,,1,99,,6197,14,,,1,95,,6198,14,,,1,101,,6200,14,,,1
2401,'SEM',458,,6222,14,,,1,75,,6246,14,,,1,80,,6230,14,,,1,20,,6218,14,,,1,12,,6221,14,,,1,12,,6239,14,,,1,49,,6228,14,,,1,13,,6251,14,,,1,12,,6248,14,,,1,12,,6252,14,,,1,13,,6220,14,,,1,67,,6229,14,,,1,27,,6224,14,,,1,71,,6225,14,,,1,29,,6243,14,,,1,70,,6231,14,,,1,30,,6226,14,,,1,70,,6249,14,,,1,30,,6254,14,,,1,70,,6217,14,,,1,30,,6247,14,,,1,70,,6250,14,,,1,30,,6223,14,,,1,70,,6253,14,,,1,30,,6227,14,,,1,82,,6219,14,,,1,26,,6232,14,,,1,65,,6235,14,,,1,30,,6233,14,,,1,70,,6234,14,,,1,30,,6238,14,,,1,71,,6242,14,,,1,100,,6245,14,,,1,90,,6241,14,,,1,100,,6237,14,,,1,100,,6236,14,,,1,99,,6240,14,,,1,100,,6244,14,,,1
6601,'DIM',551,,9444,22,,,1,100,,9443,22,,,1,101,,9449,22,,,1,101,,9445,22,,,1,70,,9447,22,,,1,32,,9446,22,,,1,70,,3640,22,,,1,75,,9452,22,,,1,30,,9450,22,,,1,70,,9436,22,,,1,101,,9451,22,,,1,100,,9442,22,,,1,100,,9448,22,,,1,100,,9434,22,,,1,101,,9437,22,,,1,100,,9435,22,,,1,100,,9439,22,,,1,57,,9441,22,,,1,100,,9440,22,,,1,100,,9438,22,,,1
6601,'SAM',551,,9461,22,,,1,100,,9464,22,,,1,101,,9458,22,,,1,98,,9460,22,,,1,73,,9462,22,,,1,32,,9463,22,,,1,70,,9468,22,,,1,75,,9472,22,,,1,30,,9469,22,,,1,70,,9467,22,,,1,101,,9470,22,,,1,100,,9453,22,,,1,100,,9466,22,,,1,100,,9465,22,,,1,101,,9471,22,,,1,100,,9455,22,,,1,100,,9456,22,,,1,57,,9459,22,,,1,100,,9457,22,,,1,100,,9454,22,,,1
6601,'SEM',633,,9489,22,,,1,104,,9481,22,,,1,91,,9476,22,,,1,106,,9480,22,,,1,105,,9483,22,,,1,100,,9482,22,,,1,106,,9475,22,,,1,100,,9478,22,,,1,100,,9474,22,,,1,75,,9473,22,,,1,90,,9477,22,,,1,95,,9486,22,,,1,104,,9479,22,,,1,97,,9485,22,,,1,98,,9487,22,,,1,100,,9488,22,,,1,97,,9484,22,,,1
14401,'DIM',607,,10208,24,,,2,34,,10209,24,,,2,97,,10214,24,,,2,82,,10210,24,,,2,97,,10213,24,,,2,37,,10217,24,,,2,67,,10211,24,,,2,32,,10222,24,,,2,79,,10220,24,,,2,68,,10212,24,,,2,33,,10223,24,,,2,79,,10221,24,,,2,28,,10215,24,,,2,73,,10216,24,,,2,39,,10218,24,,,2,68,,10199,24,,,2,35,,10198,24,,,2,79,,10219,24,,,2,68,,10200,24,,,2,34,,10204,24,,,2,106,,10201,24,,,2,77,,10205,24,,,2,97,,10206,24,,,2,100,,10202,24,,,2,98,,10207,24,,,2,100,,10203,24,,,2
14401,'SAM',607,,10235,24,,,2,34,,10241,24,,,2,97,,10236,24,,,2,82,,10242,24,,,2,97,,10237,24,,,2,31,,10246,24,,,2,73,,10249,24,,,2,32,,10250,24,,,2,79,,10247,24,,,2,68,,10238,24,,,2,33,,10243,24,,,2,79,,10248,24,,,2,28,,10239,24,,,2,73,,10244,24,,,2,38,,10245,24,,,2,69,,10240,24,,,2,35,,10227,24,,,2,77,,10228,24,,,2,70,,10251,24,,,2,34,,10231,24,,,2,106,,10224,24,,,2,77,,10232,24,,,2,97,,10225,24,,,2,100,,10229,24,,,2,98,,10226,24,,,2,100,,10230,24,,,2,100,,10234,24,,,2,101,,10233,24,,,2
14401,'SEM',541,,10282,24,,,2,77,,10284,24,,,2,15,,10286,24,,,2,18,,10258,24,,,2,4,,10259,24,,,2,50,,10262,24,,,2,7,,10264,24,,,2,6,,10257,24,,,2,13,,10281,24,,,2,15,,10269,24,,,2,58,,10265,24,,,2,14,,10266,24,,,2,15,,10287,24,,,2,20,,10270,24,,,2,70,,10277,24,,,2,15,,10283,24,,,2,69,,10267,24,,,2,29,,10254,24,,,2,70,,10263,24,,,2,36,,10268,24,,,2,67,,10253,24,,,2,30,,10255,24,,,2,76,,10252,24,,,2,29,,10261,24,,,2,72,,10271,24,,,2,39,,10285,24,,,2,70,,10260,24,,,2,100,,10256,24,,,2,86,,10278,24,,,2,102,,10274,24,,,2,99,,10280,24,,,2,93,,10272,24,,,2,100,,10273,24,,,2,95,,10276,24,,,2,100,,10275,24,,,2,109,,10279,24,,,2
24401,'SEM',626,,10727,24,,,2,15,,10726,24,,,2
