1704,'DIM',457,,5896,15,,,1,90,,5899,15,,,1,105,,5902,15,,,1,96,,5895,15,,,1,98,,5889,15,,,1,100,,5894,15,,,1,100,,5897,15,,,1,100,,5901,15,,,1,103,,5898,15,,,1,100,,5903,15,,,1,102,,5905,15,,,1,99,,5893,15,,,1,101,,5900,15,,,1,102,,5885,15,,,1,98,,5904,15,,,1,99,,5888,15,,,1,99,,5886,15,,,1,102,,5887,15,,,1,99,,5890,15,,,1,99,,5892,15,,,1,96,,5891,15,,,1
1704,'SAM',458,,5917,15,,,1,89,,5914,15,,,1,105,,5909,15,,,1,96,,5916,15,,,1,98,,5922,15,,,1,101,,5919,15,,,1,99,,5920,15,,,1,100,,5918,15,,,1,102,,5924,15,,,1,100,,5915,15,,,1,101,,5921,15,,,1,101,,5925,15,,,1,102,,5923,15,,,1,101,,5926,15,,,1,98,,5906,15,,,1,99,,5907,15,,,1,99,,5908,15,,,1,102,,5913,15,,,1,99,,5911,15,,,1,99,,5912,15,,,1,96,,5910,15,,,1
1704,'SEM',508,,5938,15,,,1,102,,5948,15,,,1,20,,5928,15,,,1,20,,5932,15,,,1,55,,5934,15,,,1,25,,5949,15,,,1,73,,5927,15,,,1,102,,5931,15,,,1,45,,5936,15,,,1,99,,5930,15,,,1,101,,5939,15,,,1,100,,5935,15,,,1,100,,5929,15,,,1,101,,5933,15,,,1,103,,5937,15,,,1,98,,5944,15,,,1,102,,5942,15,,,1,100,,5940,15,,,1,99,,5946,15,,,1,100,,5941,15,,,1,99,,5943,15,,,1,101,,5947,15,,,1,99,,5945,15,,,1
3104,'DIM',617,,1107,25,,,1,101,,6844,25,,,1,100,,6843,25,,,1,100,,6848,25,,,1,101,,6851,25,,,1,100,,6852,25,,,1,101,,6849,25,,,1,101,,6845,25,,,1,102,,6847,25,,,1,102,,6835,25,,,1,96,,6846,25,,,1,101,,6850,25,,,1,98,,6838,25,,,1,101,,6837,25,,,1,99,,6839,25,,,1,101,,6836,25,,,1,100,,6842,25,,,1,98,,6841,25,,,1,101,,6840,25,,,1
3104,'SAM',517,,6869,25,,,1,98,,6863,25,,,1,103,,6865,25,,,1,101,,6868,25,,,1,99,,6866,25,,,1,100,,6870,25,,,1,99,,6872,25,,,1,101,,6853,25,,,1,103,,6862,25,,,1,101,,6867,25,,,1,101,,6864,25,,,1,102,,6871,25,,,1,97,,6856,25,,,1,100,,6857,25,,,1,99,,6859,25,,,1,99,,6854,25,,,1,101,,6860,25,,,1,100,,6861,25,,,1,98,,6855,25,,,1,101,,6858,25,,,1
3104,'SEM',448,,6889,25,,,1,69,,1143,25,,,1,84,,6890,25,,,1,21,,6892,25,,,1,23,,6875,25,,,1,72,,6877,25,,,1,32,,6888,25,,,1,70,,6874,25,,,1,30,,6876,25,,,1,71,,6893,25,,,1,100,,6895,25,,,1,100,,6894,25,,,1,100,,6873,25,,,1,100,,6891,25,,,1,100,,6878,25,,,1,103,,6879,25,,,1,102,,6882,25,,,1,101,,6880,25,,,1,98,,6887,25,,,1,99,,6884,25,,,1,101,,6885,25,,,1,101,,6881,25,,,1,99,,6883,25,,,1,106,,6886,25,,,1
3904,'DIM',818,,1465,15,,,1,99,,7195,15,,,1,95,,7201,15,,,1,14,,7199,15,,,1,74,,7203,15,,,1,28,,7208,15,,,1,74,,7196,15,,,1,30,,7207,15,,,1,71,,7194,15,,,1,29,,7189,15,,,1,76,,7198,15,,,1,25,,7197,15,,,1,68,,7202,15,,,1,27,,7205,15,,,1,77,,7204,15,,,1,30,,7191,15,,,1,70,,7200,15,,,1,30,,7206,15,,,1,80,,7192,15,,,1,85,,7187,15,,,1,100,,7190,15,,,1,57,,7193,15,,,1,100,,7188,15,,,1
3904,'SAM',818,,7223,15,,,1,101,,7222,15,,,1,93,,7224,15,,,1,14,,7228,15,,,1,76,,7225,15,,,1,30,,7220,15,,,1,70,,7227,15,,,1,30,,7229,15,,,1,70,,7219,15,,,1,30,,7218,15,,,1,75,,7221,15,,,1,29,,7209,15,,,1,69,,7210,15,,,1,25,,7226,15,,,1,75,,7213,15,,,1,30,,7230,15,,,1,70,,7214,15,,,1,30,,7216,15,,,1,80,,7211,15,,,1,85,,7215,15,,,1,100,,7217,15,,,1,57,,7212,15,,,1,100,,1475,15,,,1
3904,'SEM',607,,7253,15,,,1,39,,7234,15,,,1,12,,7241,15,,,1,50,,7243,15,,,1,33,,7235,15,,,1,69,,7233,15,,,1,35,,7244,15,,,1,67,,7242,15,,,1,30,,7256,15,,,1,69,,7240,15,,,1,30,,7252,15,,,1,70,,7250,15,,,1,30,,7232,15,,,1,70,,7255,15,,,1,30,,7251,15,,,1,70,,7254,15,,,1,35,,7239,15,,,1,70,,7237,15,,,1,30,,7231,15,,,1,73,,7236,15,,,1,105,,7245,15,,,1,107,,7238,15,,,1,105,,7249,15,,,1,102,,7247,15,,,1,99,,7248,15,,,1,99,,7246,15,,,1
4504,'DIM',615,,2173,15,,,1,100,,7949,15,,,1,99,,2174,15,,,1,101,,7951,15,,,1,99,,7948,15,,,1,101,,7950,15,,,1,98,,7947,15,,,1,106,,7954,15,,,1,100,,7941,15,,,1,96,,7953,15,,,1,106,,7939,15,,,1,90,,7952,15,,,1,100,,7940,15,,,1,100,,7945,15,,,1,100,,7942,15,,,1,100,,7946,15,,,1,100,,7944,15,,,1,100,,7943,15,,,1
4504,'SAM',609,,7965,15,,,1,106,,7963,15,,,1,99,,7967,15,,,1,101,,7969,15,,,1,99,,7970,15,,,1,101,,7955,15,,,1,100,,7968,15,,,1,104,,7964,15,,,1,102,,7966,15,,,1,99,,7972,15,,,1,96,,7959,15,,,1,95,,7971,15,,,1,100,,7960,15,,,1,100,,7957,15,,,1,100,,7956,15,,,1,100,,7961,15,,,1,100,,7958,15,,,1,100,,7962,15,,,1
4504,'SEM',529,,7996,15,,,1,18,,8000,15,,,1,77,,7995,15,,,1,26,,7976,15,,,1,50,,7980,15,,,1,13,,7984,15,,,1,14,,7985,15,,,1,26,,7973,15,,,1,52,,7983,15,,,1,46,,7974,15,,,1,153,,7981,15,,,1,108,,7997,15,,,1,96,,7998,15,,,1,94,,7999,15,,,1,101,,7986,15,,,1,44,,7977,15,,,1,78,,7979,15,,,1,18,,7978,15,,,1,68,,7988,15,,,1,38,,7982,15,,,1,83,,7975,15,,,1,73,,7994,15,,,1,108,,7992,15,,,1,102,,7991,15,,,1,103,,7987,15,,,1,94,,7989,15,,,1,95,,7990,15,,,1,95,,7993,15,,,1
