2201,'DIM',646,,6066,42,,,2,100,,6067,42,,,2,104,,6064,42,,,2,100,,6071,42,,,2,100,,6062,42,,,2,101,,6069,42,,,2,99,,6065,42,,,2,103,,6070,42,,,2,95,,6068,42,,,2,97,,6073,42,,,2,104,,6059,42,,,2,103,,6072,42,,,2,98,,6063,42,,,2,101,,6061,42,,,2,100,,6058,42,,,2,100,,6060,42,,,2
2201,'SAM',647,,6085,42,,,2,101,,6076,42,,,2,100,,6086,42,,,2,103,,6087,42,,,2,100,,6088,42,,,2,98,,6089,42,,,2,100,,6090,42,,,2,104,,6075,42,,,2,95,,6078,42,,,2,99,,6074,42,,,2,102,,6079,42,,,2,101,,6081,42,,,2,100,,6084,42,,,2,102,,6077,42,,,2,100,,6082,42,,,2,98,,6080,42,,,2,101,,6083,42,,,2
2201,'SEM',639,,6110,42,,,2,73,,6109,42,,,2,28,,6092,42,,,2,95,,6096,42,,,2,80,,6098,42,,,2,34,,6093,42,,,2,98,,6097,42,,,2,100,,6104,42,,,2,100,,6099,42,,,2,100,,6091,42,,,2,95,,6094,42,,,2,107,,6095,42,,,2,102,,6106,42,,,2,100,,6101,42,,,2,100,,6102,42,,,2,96,,6108,42,,,2,100,,6100,42,,,2,100,,6103,42,,,2,100,,6107,42,,,2,101,,6105,42,,,2
5001,'DIM',547,,8284,49,,,1,100,,8297,49,,,1,101,,8291,49,,,1,101,,8296,49,,,1,101,,8299,49,,,1,66,,8290,49,,,1,32,,8292,49,,,1,68,,8303,49,,,1,39,,8295,49,,,1,68,,8293,49,,,1,77,,8302,49,,,1,24,,8289,49,,,1,35,,8294,49,,,1,62,,8278,49,,,1,33,,8280,49,,,1,71,,8277,49,,,1,34,,8300,49,,,1,66,,8298,49,,,1,76,,8285,49,,,1,41,,8301,49,,,1,61,,8287,49,,,1,97,,8288,49,,,1,101,,8279,49,,,1,99,,8282,49,,,1,100,,8281,49,,,1,59,,8283,49,,,1,100,,8286,49,,,1
5001,'SAM',547,,8311,49,,,1,100,,8304,49,,,1,101,,8321,49,,,1,103,,8325,49,,,1,102,,8317,49,,,1,63,,8327,49,,,1,35,,8330,49,,,1,68,,8319,49,,,1,36,,8326,49,,,1,66,,8328,49,,,1,34,,8320,49,,,1,68,,8322,49,,,1,34,,8329,49,,,1,71,,8307,49,,,1,72,,8323,49,,,1,23,,8306,49,,,1,32,,8324,49,,,1,70,,8312,49,,,1,76,,8314,49,,,1,41,,8305,49,,,1,61,,8313,49,,,1,100,,8315,49,,,1,98,,8308,49,,,1,100,,8309,49,,,1,100,,8316,49,,,1,58,,8310,49,,,1,100,,8318,49,,,1
5001,'SEM',543,,8356,49,,,1,99,,8358,49,,,1,82,,8340,49,,,1,20,,8362,49,,,1,77,,8333,49,,,1,28,,8342,49,,,1,67,,8337,49,,,1,30,,8359,49,,,1,69,,8360,49,,,1,30,,8343,49,,,1,70,,8338,49,,,1,30,,8336,49,,,1,71,,8361,49,,,1,31,,8357,49,,,1,70,,8332,49,,,1,30,,8347,49,,,1,70,,8334,49,,,1,31,,8331,49,,,1,90,,8339,49,,,1,67,,8344,49,,,1,30,,8341,49,,,1,70,,8335,49,,,1,30,,8350,49,,,1,69,,8345,49,,,1,30,,8348,49,,,1,25,,8346,49,,,1,79,,8352,49,,,1,104,,8354,49,,,1,104,,8349,49,,,1,104,,8351,49,,,1,101,,8353,49,,,1,104,,8355,49,,,1,91,,8363,39,,,1
5801,'DIM',547,,8777,57,,,2,101,,8769,57,,,2,91,,2987,57,,,2,103,,8767,57,,,2,100,,8768,57,,,2,99,,8773,57,,,2,100,,8770,57,,,2,101,,8766,57,,,2,100,,8771,57,,,2,100,,8775,57,,,2,98,,8772,57,,,2,109,,8776,57,,,2,94,,8760,57,,,2,102,,8774,57,,,2,97,,8765,57,,,2,100,,8762,57,,,2,99,,8764,57,,,2,100,,8761,57,,,2,98,,8759,57,,,2,109,,8763,57,,,2
5801,'SAM',552,,8794,57,,,2,96,,8790,57,,,2,94,,8792,57,,,2,100,,8795,57,,,2,100,,8780,57,,,2,99,,8782,57,,,2,103,,8793,57,,,2,98,,8785,57,,,2,105,,8791,57,,,2,94,,8778,57,,,2,111,,8779,57,,,2,99,,8797,57,,,2,100,,8796,57,,,2,88,,8787,57,,,2,107,,8784,57,,,2,96,,8781,57,,,2,99,,8783,57,,,2,100,,8788,57,,,2,98,,8789,57,,,2,109,,8786,57,,,2
5801,'SEM',536,,8802,57,,,2,69,,8824,57,,,2,43,,8822,57,,,2,72,,8826,39,,,2,10,,8798,57,,,2,89,,8799,57,,,2,83,,8808,57,,,2,100,,8807,57,,,2,100,,8821,57,,,2,100,,8803,57,,,2,100,,8823,57,,,2,100,,8805,57,,,2,42,,8804,57,,,2,87,,8825,57,,,2,71,,8811,57,,,2,32,,8809,57,,,2,20,,8806,57,,,2,59,,8801,57,,,2,20,,8812,57,,,2,20,,8816,57,,,2,55,,8800,57,,,2,24,,8819,57,,,2,19,,8813,57,,,2,69,,8810,57,,,2,99,,8818,57,,,2,100,,8814,57,,,2,100,,8817,57,,,2,105,,8815,57,,,2,99,,8820,57,,,2
22201,'DIM',1416,,10688,42,,,2,815,,10686,42,,,2,84,,10687,42,,,2
22201,'SAM',1417,,10693,42,,,2,814,,10692,42,,,2,82,,10691,42,,,2,102,,10689,42,,,2,112,,10690,42,,,2
22201,'SEM',720,,10695,42,,,2,10,,10694,42,,,2,682,,10699,42,,,2,106,,10700,42,,,2,101,,10698,42,,,2,102,,10697,42,,,2,90,,10696,42,,,2,621,,10701,42,,,2
32201,'DIM',528,,10832,43,,,2,798,,10834,42,,,2,802,,10833,42,,,2
32201,'SAM',528,,10835,43,,,2,798,,10836,42,,,2
32201,'SEM',529,,10837,43,,,2,18,,10838,43,,,2,69,,10839,43,,,2,711,,10841,42,,,2,798,,10840,42,,,2
