3903,'DIM',920,,1387,7,,,1,16,,7125,7,,,1,74,,7128,7,,,1,28,,7133,7,,,1,72,,7122,7,,,1,31,,7132,7,,,1,71,,7121,7,,,1,29,,7114,7,,,1,74,,7124,7,,,1,25,,7123,7,,,1,68,,7127,7,,,1,27,,7130,7,,,1,76,,7129,7,,,1,30,,7117,7,,,1,70,,7126,7,,,1,30,,7131,7,,,1,66,,7119,7,,,1,10,,7112,7,,,1,24,,7118,7,,,1,65,,7111,7,,,1,100,,7116,7,,,1,100,,7120,7,,,1,99,,7113,7,,,1,104,,7115,7,,,1
3903,'SAM',920,,7150,7,,,1,16,,7154,7,,,1,74,,7151,7,,,1,30,,7147,7,,,1,70,,7153,7,,,1,31,,7155,7,,,1,68,,7146,7,,,1,32,,7145,7,,,1,73,,7148,7,,,1,27,,7135,7,,,1,71,,7136,7,,,1,25,,7152,7,,,1,74,,7139,7,,,1,30,,7156,7,,,1,70,,7140,7,,,1,30,,7142,7,,,1,66,,7149,7,,,1,11,,7143,7,,,1,23,,7157,7,,,1,65,,7141,7,,,1,102,,7144,7,,,1,98,,7137,7,,,1,99,,1409,7,,,1,104,,7138,7,,,1
3903,'SEM',714,,7163,7,,,1,102,,7169,7,,,1,101,,7168,7,,,1,31,,7164,7,,,1,68,,7183,7,,,1,30,,7162,7,,,1,70,,7186,7,,,1,30,,7184,7,,,1,70,,7185,7,,,1,30,,7161,7,,,1,70,,7167,7,,,1,33,,7159,7,,,1,71,,7165,7,,,1,16,,7172,7,,,1,64,,7173,7,,,1,16,,7174,7,,,1,24,,7179,7,,,1,16,,7160,7,,,1,66,,7166,7,,,1,30,,7181,7,,,1,74,,7171,7,,,1,75,,7170,7,,,1,40,,7178,7,,,1,100,,7180,7,,,1,105,,7176,7,,,1,99,,7175,7,,,1,100,,7177,7,,,1,78,,7182,7,,,1
4201,'DIM',512,,7411,11,,,2,102,,7437,11,,,2,30,,7440,11,,,2,70,,7443,11,,,2,28,,7412,11,,,2,73,,7448,11,,,2,27,,7445,11,,,2,70,,7452,11,,,2,33,,7444,11,,,2,61,,7439,11,,,2,20,,7436,11,,,2,20,,7449,11,,,2,60,,7455,11,,,2,23,,7438,11,,,2,18,,7453,11,,,2,62,,7409,11,,,2,20,,7457,11,,,2,18,,7441,11,,,2,61,,7442,11,,,2,19,,7446,11,,,2,21,,7414,11,,,2,60,,7450,11,,,2,15,,7415,11,,,2,24,,7451,11,,,2,61,,7456,11,,,2,19,,7418,11,,,2,21,,7447,11,,,2,56,,7421,11,,,2,22,,7422,11,,,2,21,,7424,11,,,2,55,,7425,11,,,2,18,,7428,11,,,2,12,,7429,11,,,2,15,,7454,11,,,2,56,,7410,11,,,2,34,,7433,11,,,2,70,,7416,11,,,2,30,,7419,11,,,2,69,,7413,11,,,2,29,,7426,11,,,2,72,,7430,11,,,2,28,,7417,11,,,2,70,,7420,11,,,2,32,,7423,11,,,2,70,,7427,11,,,2,35,,7434,11,,,2,70,,7431,11,,,2,34,,7432,11,,,2,75,,7435,11,,,2
4201,'SAM',509,,7498,11,,,2,105,,7484,11,,,2,34,,7468,11,,,2,72,,7499,11,,,2,24,,7488,11,,,2,70,,7490,11,,,2,29,,7494,11,,,2,69,,7485,11,,,2,33,,7501,11,,,2,61,,7483,11,,,2,20,,7506,11,,,2,18,,7492,11,,,2,61,,7476,11,,,2,24,,7502,11,,,2,16,,7486,11,,,2,62,,7507,11,,,2,22,,7487,11,,,2,16,,7489,11,,,2,63,,7478,11,,,2,20,,7493,11,,,2,19,,7504,11,,,2,63,,7491,11,,,2,13,,7495,11,,,2,23,,7461,11,,,2,61,,7503,11,,,2,20,,7500,11,,,2,22,,7469,11,,,2,57,,7496,11,,,2,21,,7471,11,,,2,22,,7497,11,,,2,54,,7505,11,,,2,15,,7474,11,,,2,16,,7475,11,,,2,13,,7458,11,,,2,56,,7459,11,,,2,31,,7462,11,,,2,68,,7464,11,,,2,35,,7466,11,,,2,69,,7467,11,,,2,29,,7460,11,,,2,71,,7463,11,,,2,24,,7465,11,,,2,74,,7470,11,,,2,31,,7472,11,,,2,73,,7473,11,,,2,39,,7480,11,,,2,65,,7482,11,,,2,35,,7477,11,,,2,71,,7479,11,,,2,32,,7481,11,,,2
4201,'SEM',625,,7513,11,,,2,21,,7521,11,,,2,7,,7560,11,,,2,6,,7530,11,,,2,58,,7564,11,,,2,14,,7566,11,,,2,17,,7569,11,,,2,55,,7510,11,,,2,17,,7518,11,,,2,24,,7514,11,,,2,57,,7523,11,,,2,29,,7558,11,,,2,10,,7565,11,,,2,65,,7556,11,,,2,16,,7511,11,,,2,23,,7561,11,,,2,61,,7562,11,,,2,14,,7557,11,,,2,26,,7563,11,,,2,60,,7559,11,,,2,20,,7567,11,,,2,20,,7512,11,,,2,55,,7529,11,,,2,20,,7527,11,,,2,15,,7509,11,,,2,14,,7520,11,,,2,55,,7531,11,,,2,15,,7528,11,,,2,16,,7526,11,,,2,14,,7516,11,,,2,51,,7525,11,,,2,2,,7535,11,,,2,8,,7568,11,,,2,8,,7538,11,,,2,8,,7542,11,,,2,8,,7545,11,,,2,9,,7548,11,,,2,6,,7517,11,,,2,54,,7508,11,,,2,13,,7522,11,,,2,10,,7540,11,,,2,9,,7515,11,,,2,11,,7551,11,,,2,10,,7519,11,,,2,50,,7524,11,,,2,10,,7544,11,,,2,10,,7532,11,,,2,10,,7541,11,,,2,12,,7546,11,,,2,9,,7536,11,,,2,54,,7539,11,,,2,15,,7550,11,,,2,16,,7543,11,,,2,70,,7555,11,,,2,32,,7553,11,,,2,70,,7533,11,,,2,30,,7534,11,,,2,80,,7537,11,,,2,29,,7547,11,,,2,105,,7549,11,,,2,143,,7552,11,,,2,120,,7554,11,,,2
5001,'DIM',523,,8284,7,,,1,100,,8297,7,,,1,100,,8291,7,,,1,100,,8296,7,,,1,100,,8299,7,,,1,26,,8290,7,,,1,72,,8292,7,,,1,27,,8303,7,,,1,78,,8295,7,,,1,28,,8293,7,,,1,77,,8302,7,,,1,24,,8289,7,,,1,75,,8294,7,,,1,22,,8278,7,,,1,73,,8280,7,,,1,30,,8277,7,,,1,74,,8300,7,,,1,26,,8298,7,,,1,76,,8285,7,,,1,81,,8301,7,,,1,21,,8287,7,,,1,97,,8288,7,,,1,102,,8279,7,,,1,99,,8282,7,,,1,100,,8281,7,,,1,100,,8283,7,,,1,100,,8286,7,,,1
5001,'SAM',523,,8311,7,,,1,100,,8304,7,,,1,100,,8321,7,,,1,102,,8325,7,,,1,101,,8317,7,,,1,23,,8327,7,,,1,75,,8330,7,,,1,27,,8319,7,,,1,75,,8326,7,,,1,26,,8328,7,,,1,74,,8320,7,,,1,28,,8322,7,,,1,74,,8329,7,,,1,31,,8307,7,,,1,72,,8323,7,,,1,22,,8306,7,,,1,72,,8324,7,,,1,30,,8312,7,,,1,76,,8314,7,,,1,81,,8305,7,,,1,21,,8313,7,,,1,100,,8315,7,,,1,99,,8308,7,,,1,100,,8309,7,,,1,100,,8316,7,,,1,99,,8310,7,,,1,100,,8318,7,,,1
5001,'SEM',513,,8356,7,,,1,98,,8358,7,,,1,37,,8340,7,,,1,60,,8362,7,,,1,40,,8333,7,,,1,69,,8342,7,,,1,28,,8337,7,,,1,70,,8359,7,,,1,30,,8360,7,,,1,70,,8343,7,,,1,30,,8338,7,,,1,70,,8336,7,,,1,30,,8361,7,,,1,70,,8357,7,,,1,30,,8332,7,,,1,70,,8347,7,,,1,30,,8334,7,,,1,70,,8331,7,,,1,43,,8339,7,,,1,69,,8344,7,,,1,30,,8341,7,,,1,70,,8335,7,,,1,30,,8350,7,,,1,72,,8345,7,,,1,71,,8348,7,,,1,28,,8346,7,,,1,79,,8352,7,,,1,104,,8354,7,,,1,104,,8349,7,,,1,105,,8351,7,,,1,105,,8353,7,,,1,105,,8355,7,,,1
6001,'DIM',804,,8888,34,,,1,103,,8896,34,,,1,100,,8895,34,,,1,102,,8899,34,,,1,104,,8897,34,,,1,107,,8901,34,,,1,100,,8898,34,,,1,101,,8900,34,,,1,100,,8902,34,,,1,98,,8887,34,,,1,96,,8903,34,,,1,95,,8894,34,,,1,97,,8890,34,,,1,97,,8889,34,,,1,98,,8892,34,,,1,100,,8891,34,,,1,100,,8893,34,,,1
6001,'SAM',701,,8907,34,,,1,103,,8917,34,,,1,103,,8916,34,,,1,94,,8919,34,,,1,108,,8915,34,,,1,104,,8913,34,,,1,107,,8921,34,,,1,100,,8920,34,,,1,107,,8914,34,,,1,94,,8918,34,,,1,98,,8905,34,,,1,96,,8909,34,,,1,95,,8910,34,,,1,97,,8904,34,,,1,97,,8908,34,,,1,98,,8906,34,,,1,100,,8912,34,,,1,100,,8911,34,,,1
6001,'SEM',541,,8938,34,,,1,103,,8922,34,,,1,94,,8923,34,,,1,72,,8925,34,,,1,45,,8928,34,,,1,92,,8939,34,,,1,103,,8940,34,,,1,99,,8924,34,,,1,100,,8926,34,,,1,101,,8941,34,,,1,100,,8930,34,,,1,99,,8927,34,,,1,108,,8933,34,,,1,101,,8929,34,,,1,93,,8936,34,,,1,98,,8932,34,,,1,89,,8935,34,,,1,99,,8937,34,,,1,95,,8931,34,,,1,100,,8934,34,,,1
6104,'DIM',656,,9069,56,,,2,100,,9066,56,,,2,103,,9070,56,,,2,100,,9071,56,,,2,142,,9073,56,,,2,102,,9067,56,,,2,102,,9072,56,,,2,106,,9068,56,,,2,99,,9065,56,,,2,103,,9060,56,,,2,100,,9063,56,,,2,100,,9062,56,,,2,93,,9057,56,,,2,97,,9074,56,,,2,55,,9064,56,,,2,100,,9058,56,,,2,99,,9059,56,,,2,99,,9061,56,,,2
6104,'SAM',656,,9087,56,,,2,144,,9085,56,,,2,59,,9082,56,,,2,100,,9090,56,,,2,99,,9092,56,,,2,145,,9086,56,,,2,108,,9091,56,,,2,100,,9075,56,,,2,102,,9088,56,,,2,95,,9077,56,,,2,102,,9089,56,,,2,101,,9080,56,,,2,98,,9076,56,,,2,94,,9084,56,,,2,55,,9078,56,,,2,100,,9083,56,,,2,99,,9079,56,,,2,99,,9081,56,,,2
6104,'SEM',514,,9115,56,,,2,104,,9113,56,,,2,30,,9114,56,,,2,63,,9095,56,,,2,16,,9110,56,,,2,7,,9097,56,,,2,70,,9116,56,,,2,31,,9096,56,,,2,97,,9099,56,,,2,96,,9101,56,,,2,100,,9100,56,,,2,100,,9111,56,,,2,100,,9112,56,,,2,100,,9094,56,,,2,104,,9098,56,,,2,76,,9093,56,,,2,99,,9104,56,,,2,100,,9107,56,,,2,50,,9105,56,,,2,98,,9102,56,,,2,99,,9108,56,,,2,87,,9109,56,,,2,92,,9103,56,,,2,98,,9106,56,,,2
6304,'DIM',750,,9201,48,,,1,101,,9207,48,,,1,102,,9202,48,,,1,102,,9204,48,,,1,95,,9203,48,,,1,107,,9208,48,,,1,95,,9205,48,,,1,103,,9206,48,,,1,100,,9195,48,,,1,102,,9209,48,,,1,102,,9193,48,,,1,97,,9200,48,,,1,99,,9194,48,,,1,98,,9196,48,,,1,100,,9198,48,,,1,100,,9197,48,,,1,100,,9199,48,,,1
6304,'SAM',645,,9224,48,,,1,102,,9220,48,,,1,104,,9216,48,,,1,102,,9223,48,,,1,102,,9222,48,,,1,103,,9225,48,,,1,99,,9227,48,,,1,96,,9221,48,,,1,104,,9228,48,,,1,146,,9212,48,,,1,55,,9226,48,,,1,101,,9210,48,,,1,98,,9213,48,,,1,102,,9211,48,,,1,94,,9214,48,,,1,100,,9217,48,,,1,100,,9215,48,,,1,99,,9218,48,,,1,95,,9219,48,,,1
6304,'SEM',507,,9260,48,,,1,112,,9258,48,,,1,22,,9261,48,,,1,81,,9238,48,,,1,9,,9241,48,,,1,75,,9245,48,,,1,26,,9229,48,,,1,18,,9263,48,,,1,67,,9234,48,,,1,29,,9243,48,,,1,70,,9244,48,,,1,30,,9231,48,,,1,64,,9230,48,,,1,30,,9259,48,,,1,71,,9236,48,,,1,31,,9237,48,,,1,72,,9242,48,,,1,30,,9262,48,,,1,70,,9232,48,,,1,31,,9233,48,,,1,72,,9235,48,,,1,38,,9239,48,,,1,46,,9249,48,,,1,31,,9240,48,,,1,22,,9246,48,,,1,74,,9252,48,,,1,14,,9251,48,,,1,68,,9255,48,,,1,32,,9257,48,,,1,77,,9250,48,,,1,94,,9254,48,,,1,38,,9256,48,,,1,90,,9247,48,,,1,99,,9248,48,,,1,93,,9253,48,,,1
6504,'DIM',723,,9360,64,,,2,102,,9359,64,,,2,101,,9363,64,,,2,102,,9364,64,,,2,97,,9358,64,,,2,108,,9365,64,,,2,102,,9350,64,,,2,100,,9362,64,,,2,94,,9351,64,,,2,105,,9361,64,,,2,97,,9352,64,,,2,101,,9357,64,,,2,98,,9366,64,,,2,100,,9353,64,,,2,100,,9355,64,,,2,97,,9354,64,,,2,98,,9356,64,,,2
6504,'SAM',723,,9377,64,,,2,102,,9375,64,,,2,101,,9376,64,,,2,102,,9381,64,,,2,98,,9380,64,,,2,106,,9383,64,,,2,102,,9379,64,,,2,101,,9378,64,,,2,100,,9368,64,,,2,99,,9382,64,,,2,97,,9367,64,,,2,98,,9384,64,,,2,101,,9372,64,,,2,100,,9370,64,,,2,100,,9374,64,,,2,97,,9369,64,,,2,98,,9371,64,,,2,99,,9373,64,,,2
6504,'SEM',539,,9402,64,,,2,90,,9416,64,,,2,16,,9428,64,,,2,56,,9386,64,,,2,5,,9430,49,,,2,12,,9413,64,,,2,5,,9431,49,,,2,4,,9419,64,,,2,4,,9432,49,,,2,4,,9391,64,,,2,3,,9433,49,,,2,7,,9421,64,,,2,8,,9429,64,,,2,48,,9418,64,,,2,14,,9387,64,,,2,21,,9390,64,,,2,10,,9420,64,,,2,13,,9425,64,,,2,56,,9394,64,,,2,24,,9417,64,,,2,69,,9395,64,,,2,31,,9426,64,,,2,69,,9388,64,,,2,30,,9424,64,,,2,73,,9423,64,,,2,26,,9408,64,,,2,79,,9422,64,,,2,21,,9385,64,,,2,71,,9427,64,,,2,30,,9392,64,,,2,70,,9393,64,,,2,38,,9396,64,,,2,67,,9403,64,,,2,31,,9405,64,,,2,56,,9406,64,,,2,30,,9412,64,,,2,16,,9400,64,,,2,67,,9389,64,,,2,35,,9407,64,,,2,72,,9415,64,,,2,27,,9398,64,,,2,70,,9410,64,,,2,84,,9397,64,,,2,30,,9399,64,,,2,70,,9401,64,,,2,21,,9404,64,,,2,36,,9411,64,,,2,100,,9409,64,,,2,100,,9414,64,,,2
7002,'DIM',617,,9654,64,,,1,40,,9655,64,,,1,90,,3827,87,,,1,102,,9644,87,,,1,101,,9645,87,,,1,102,,9642,87,,,1,67,,9640,87,,,1,34,,9631,87,,,1,72,,9652,87,,,1,29,,9641,87,,,1,67,,9637,87,,,1,33,,9639,87,,,1,70,,9648,87,,,1,31,,9646,87,,,1,70,,9647,87,,,1,30,,9635,87,,,1,71,,9643,87,,,1,24,,9649,87,,,1,78,,9632,87,,,1,73,,9651,87,,,1,33,,9630,87,,,1,73,,9650,87,,,1,95,,9653,87,,,1,54,,9633,87,,,1,95,,9629,87,,,1,96,,9636,87,,,1,99,,9634,87,,,1,103,,9638,87,,,1
7002,'SAM',617,,9682,64,,,1,40,,3875,64,,,1,90,,9673,87,,,1,98,,9671,87,,,1,100,,9676,87,,,1,101,,9675,87,,,1,75,,9669,87,,,1,32,,9672,87,,,1,72,,9668,87,,,1,29,,9661,87,,,1,72,,9674,87,,,1,27,,9666,87,,,1,75,,9679,87,,,1,27,,9657,87,,,1,76,,9667,87,,,1,69,,9678,87,,,1,23,,9670,87,,,1,32,,9681,87,,,1,69,,9680,87,,,1,31,,9677,87,,,1,81,,9656,87,,,1,71,,9663,87,,,1,95,,9665,87,,,1,49,,9664,87,,,1,98,,9658,87,,,1,97,,9659,87,,,1,100,,9660,87,,,1,101,,9662,87,,,1
7002,'SEM',625,,9703,87,,,1,101,,9688,87,,,1,29,,9709,87,,,1,70,,9715,87,,,1,32,,9687,87,,,1,69,,9689,87,,,1,30,,9713,87,,,1,70,,9712,87,,,1,30,,9685,87,,,1,70,,9702,87,,,1,30,,9710,87,,,1,70,,9684,87,,,1,30,,9711,87,,,1,71,,9704,87,,,1,31,,9714,87,,,1,80,,9686,87,,,1,21,,9683,87,,,1,69,,9691,87,,,1,74,,9695,87,,,1,31,,9690,87,,,1,72,,9697,87,,,1,31,,9692,87,,,1,64,,9693,87,,,1,31,,9696,87,,,1,74,,9694,87,,,1,30,,9700,87,,,1,77,,9701,87,,,1,45,,9707,87,,,1,99,,9698,87,,,1,101,,9699,87,,,1,145,,9705,87,,,1,101,,9708,87,,,1,104,,9706,87,,,1
7601,'DIM',510,,10027,39,,,2,100,,10004,84,,,2,25,,10015,84,,,2,104,,10001,84,,,2,101,,10017,84,,,2,100,,10009,84,,,2,70,,10022,84,,,2,30,,10020,84,,,2,71,,10025,84,,,2,30,,10018,84,,,2,70,,10023,84,,,2,29,,10005,84,,,2,71,,10010,84,,,2,32,,10008,84,,,2,70,,10021,84,,,2,30,,9997,84,,,2,70,,10011,84,,,2,29,,10016,84,,,2,70,,10002,84,,,2,30,,10006,84,,,2,70,,10024,84,,,2,31,,10026,84,,,2,69,,10003,84,,,2,35,,10019,84,,,2,96,,9999,84,,,2,100,,9998,84,,,2,100,,10000,84,,,2,98,,10014,84,,,2,100,,10007,84,,,2,100,,10012,84,,,2,95,,10013,84,,,2
7601,'SAM',510,,10058,39,,,2,106,,10032,84,,,2,19,,10040,84,,,2,104,,10046,84,,,2,101,,10043,84,,,2,102,,10051,84,,,2,68,,10053,84,,,2,30,,10044,84,,,2,71,,10037,84,,,2,30,,10048,84,,,2,70,,10054,84,,,2,27,,10052,84,,,2,73,,10045,84,,,2,26,,10031,84,,,2,76,,10041,84,,,2,30,,10049,84,,,2,70,,10050,84,,,2,29,,10056,84,,,2,71,,10042,84,,,2,27,,10047,84,,,2,72,,10028,84,,,2,31,,10055,84,,,2,75,,10057,84,,,2,27,,10033,84,,,2,98,,10035,84,,,2,100,,10039,84,,,2,99,,10036,84,,,2,99,,10029,84,,,2,100,,10030,84,,,2,102,,10034,84,,,2,93,,10038,84,,,2
7601,'SEM',531,,10063,84,,,2,89,,10089,84,,,2,21,,10087,84,,,2,63,,10096,84,,,2,12,,10093,84,,,2,9,,10059,84,,,2,14,,10079,84,,,2,19,,10068,84,,,2,52,,10090,84,,,2,18,,10088,84,,,2,24,,10097,84,,,2,58,,10073,84,,,2,19,,10064,84,,,2,20,,10070,84,,,2,75,,10061,84,,,2,26,,10067,84,,,2,70,,10091,84,,,2,30,,10072,84,,,2,70,,10095,84,,,2,30,,10086,84,,,2,70,,10092,84,,,2,30,,10094,84,,,2,70,,10066,84,,,2,35,,10071,84,,,2,69,,10060,84,,,2,29,,10069,84,,,2,65,,10065,84,,,2,33,,10077,84,,,2,61,,10080,84,,,2,29,,10062,84,,,2,66,,10083,84,,,2,27,,10084,84,,,2,70,,10078,84,,,2,32,,10082,84,,,2,77,,10074,84,,,2,98,,10075,84,,,2,99,,10076,84,,,2,100,,10081,84,,,2,103,,10085,84,,,2
90301,'DIM',854,,10880,57,,,2,105,,10884,57,,,2,141,,10882,57,,,2,57,,10883,57,,,2,101,,10885,57,,,2,146,,10886,57,,,2,55,,10881,57,,,2,146,,10879,57,,,2,100,,10878,57,,,2,103,,10887,57,,,2
90301,'SAM',656,,10889,57,,,2,101,,10891,57,,,2,97,,10894,57,,,2,105,,10893,57,,,2,141,,10898,57,,,2,101,,10895,57,,,2,57,,10892,57,,,2,142,,10890,57,,,2,105,,10888,57,,,2,100,,10896,57,,,2,100,,10897,57,,,2,99,,10899,57,,,2
90301,'SEM',543,,10903,57,,,2,75,,10911,57,,,2,27,,10906,57,,,2,13,,10919,57,,,2,48,,10920,57,,,2,16,,10916,57,,,2,12,,10902,57,,,2,16,,10913,57,,,2,59,,10915,57,,,2,22,,10914,57,,,2,73,,10912,57,,,2,97,,10900,57,,,2,58,,10904,57,,,2,100,,10917,57,,,2,100,,10910,57,,,2,141,,10918,57,,,2,101,,10905,57,,,2,46,,10901,57,,,2,109,,10907,57,,,2,99,,10908,57,,,2,101,,10909,57,,,2
