2401,'DIM',641,,6179,3,,,1,98,,444,3,,,1,105,,6178,3,,,1,100,,6175,3,,,1,100,,6181,3,,,1,70,,6177,3,,,1,30,,6184,3,,,1,70,,6183,3,,,1,26,,6186,3,,,1,77,,6187,3,,,1,24,,6180,3,,,1,76,,6166,3,,,1,24,,6188,3,,,1,72,,6182,3,,,1,32,,6167,3,,,1,72,,6185,3,,,1,35,,6170,3,,,1,65,,6189,3,,,1,30,,6168,3,,,1,100,,6171,3,,,1,100,,6172,3,,,1,100,,6169,3,,,1,97,,6176,3,,,1,100,,6173,3,,,1,95,,6174,3,,,1,99,,439,3,,,1
2401,'SAM',611,,6205,3,,,1,30,,6216,3,,,1,98,,6206,3,,,1,106,,6201,3,,,1,99,,6214,3,,,1,99,,6207,3,,,1,70,,6215,3,,,1,30,,6210,3,,,1,71,,6192,3,,,1,30,,6202,3,,,1,73,,6204,3,,,1,32,,6190,3,,,1,67,,6203,3,,,1,35,,6208,3,,,1,71,,6212,3,,,1,23,,6209,3,,,1,70,,6211,3,,,1,32,,6213,3,,,1,70,,6195,3,,,1,36,,6193,3,,,1,94,,6196,3,,,1,100,,6194,3,,,1,100,,6199,3,,,1,97,,6191,3,,,1,100,,6197,3,,,1,95,,6198,3,,,1,101,,6200,3,,,1
2401,'SEM',452,,6222,3,,,1,75,,6246,3,,,1,79,,6230,3,,,1,20,,6218,3,,,1,12,,6221,3,,,1,12,,6239,3,,,1,9,,6228,3,,,1,53,,6251,3,,,1,12,,6248,3,,,1,12,,6252,3,,,1,13,,6220,3,,,1,67,,6229,3,,,1,27,,6224,3,,,1,71,,6225,3,,,1,29,,6243,3,,,1,70,,6231,3,,,1,30,,6226,3,,,1,70,,6249,3,,,1,30,,6254,3,,,1,70,,6217,3,,,1,30,,6247,3,,,1,70,,6250,3,,,1,30,,6223,3,,,1,70,,6253,3,,,1,30,,6227,3,,,1,81,,6219,3,,,1,26,,6232,3,,,1,65,,6235,3,,,1,30,,6233,3,,,1,70,,6234,3,,,1,30,,6238,3,,,1,72,,6242,3,,,1,100,,6245,3,,,1,90,,6241,3,,,1,100,,6237,3,,,1,100,,6236,3,,,1,100,,6240,3,,,1,101,,6244,3,,,1
2601,'DIM',457,,627,31,,,2,90,,619,31,,,2,83,,6366,31,,,2,83,,620,31,,,2,25,,6372,31,,,2,66,,6370,31,,,2,30,,6377,31,,,2,70,,6373,31,,,2,31,,6371,31,,,2,70,,6380,31,,,2,30,,6374,31,,,2,65,,6376,31,,,2,25,,6379,31,,,2,22,,6384,31,,,2,58,,6369,31,,,2,20,,6346,31,,,2,20,,6378,31,,,2,60,,6350,31,,,2,20,,6381,31,,,2,20,,6367,31,,,2,63,,6368,31,,,2,19,,6385,31,,,2,19,,6351,31,,,2,58,,6375,31,,,2,24,,6352,31,,,2,18,,6354,31,,,2,60,,6355,31,,,2,20,,6356,31,,,2,22,,6383,31,,,2,58,,6358,31,,,2,21,,6360,31,,,2,23,,6362,31,,,2,82,,6382,31,,,2,70,,6361,31,,,2,30,,615,31,,,2,69,,6349,31,,,2,30,,6347,31,,,2,70,,6353,31,,,2,30,,6364,31,,,2,69,,6348,31,,,2,29,,6359,31,,,2,30,,6357,31,,,2,70,,6365,31,,,2,28,,6363,31,,,2
2601,'SAM',457,,678,31,,,2,90,,6401,31,,,2,83,,6412,31,,,2,85,,6417,31,,,2,23,,6420,31,,,2,66,,6416,31,,,2,31,,6423,31,,,2,71,,6425,31,,,2,29,,6411,31,,,2,70,,6424,31,,,2,31,,6418,31,,,2,23,,6414,31,,,2,64,,6427,31,,,2,24,,6430,31,,,2,58,,6387,31,,,2,20,,6419,31,,,2,20,,6386,31,,,2,60,,6421,31,,,2,20,,6431,31,,,2,22,,6413,31,,,2,59,,6415,31,,,2,21,,6429,31,,,2,18,,6422,31,,,2,60,,6428,31,,,2,21,,6388,31,,,2,20,,6389,31,,,2,60,,6392,31,,,2,19,,6393,31,,,2,23,,6390,31,,,2,59,,6398,31,,,2,22,,6399,31,,,2,20,,6395,31,,,2,85,,6426,31,,,2,74,,6400,31,,,2,24,,6402,31,,,2,71,,6404,31,,,2,28,,6409,31,,,2,70,,6394,31,,,2,30,,6408,31,,,2,69,,6405,31,,,2,29,,6396,31,,,2,30,,6391,31,,,2,67,,6406,31,,,2,31,,6397,31,,,2,69,,6403,31,,,2,29,,6407,31,,,2,71,,676,31,,,2,82,,6410,31,,,2
2601,'SEM',459,,6433,31,,,2,71,,6475,31,,,2,71,,6468,31,,,2,23,,6434,31,,,2,11,,6494,31,,,2,6,,6432,31,,,2,7,,6435,31,,,2,8,,6441,31,,,2,45,,6444,31,,,2,2,,6447,31,,,2,4,,6449,31,,,2,5,,6439,31,,,2,4,,6454,31,,,2,7,,6490,31,,,2,10,,6463,31,,,2,12,,6493,31,,,2,55,,6464,31,,,2,19,,6497,31,,,2,17,,6460,31,,,2,10,,6455,31,,,2,12,,6442,31,,,2,53,,6458,31,,,2,15,,6465,31,,,2,15,,6457,31,,,2,62,,6495,31,,,2,18,,6450,31,,,2,20,,6453,31,,,2,60,,6462,31,,,2,20,,6476,31,,,2,20,,6491,31,,,2,60,,6443,31,,,2,21,,6436,31,,,2,20,,6467,31,,,2,60,,6489,31,,,2,20,,6492,31,,,2,26,,6440,31,,,2,65,,6452,31,,,2,15,,6437,31,,,2,20,,6496,31,,,2,55,,6466,31,,,2,20,,6445,31,,,2,17,,6448,31,,,2,62,,6461,31,,,2,17,,6438,31,,,2,15,,6451,31,,,2,16,,6456,31,,,2,56,,6446,31,,,2,15,,6473,31,,,2,17,,6469,31,,,2,15,,6470,31,,,2,56,,6459,31,,,2,14,,6481,31,,,2,24,,6477,31,,,2,61,,6483,31,,,2,35,,6485,31,,,2,70,,6482,31,,,2,29,,6480,31,,,2,78,,6486,31,,,2,20,,6471,31,,,2,61,,6474,31,,,2,29,,6472,31,,,2,75,,6479,31,,,2,49,,6484,31,,,2,53,,6478,31,,,2,29,,6487,31,,,2,77,,6488,31,,,2
6601,'DIM',545,,9444,11,,,1,100,,9443,11,,,1,100,,9449,11,,,1,100,,9445,11,,,1,70,,9447,11,,,1,32,,9446,11,,,1,70,,3640,11,,,1,35,,9452,11,,,1,70,,9450,11,,,1,30,,9436,11,,,1,100,,9451,11,,,1,100,,9442,11,,,1,100,,9448,11,,,1,100,,9434,11,,,1,102,,9437,11,,,1,100,,9435,11,,,1,100,,9439,11,,,1,97,,9441,11,,,1,100,,9440,11,,,1,100,,9438,11,,,1
6601,'SAM',545,,9461,11,,,1,100,,9464,11,,,1,100,,9458,11,,,1,97,,9460,11,,,1,73,,9462,11,,,1,32,,9463,11,,,1,70,,9468,11,,,1,35,,9472,11,,,1,70,,9469,11,,,1,30,,9467,11,,,1,100,,9470,11,,,1,100,,9453,11,,,1,100,,9466,11,,,1,100,,9465,11,,,1,102,,9471,11,,,1,100,,9455,11,,,1,100,,9456,11,,,1,97,,9459,11,,,1,100,,9457,11,,,1,100,,9454,11,,,1
6601,'SEM',625,,9489,11,,,1,104,,9481,11,,,1,90,,9476,11,,,1,107,,9480,11,,,1,105,,9483,11,,,1,100,,9482,11,,,1,106,,9475,11,,,1,100,,9478,11,,,1,100,,9474,11,,,1,74,,9473,11,,,1,90,,9477,11,,,1,55,,9486,11,,,1,145,,9479,11,,,1,57,,9485,11,,,1,98,,9487,11,,,1,100,,9488,11,,,1,98,,9484,11,,,1
22601,'SEM',720,,10718,3,,,2,8,,10715,3,,,2,12,,10713,3,,,2,13,,10714,3,,,2,56,,10716,3,,,2,18,,10717,3,,,2
