1704,'DIM',503,,5896,26,,,1,50,,5899,26,,,1,106,,5902,26,,,1,96,,5895,26,,,1,100,,5889,26,,,1,101,,5894,26,,,1,100,,5897,26,,,1,100,,5901,26,,,1,103,,5898,26,,,1,100,,5903,26,,,1,142,,5905,26,,,1,99,,5893,26,,,1,101,,5900,26,,,1,100,,5885,26,,,1,58,,5904,26,,,1,99,,5888,26,,,1,99,,5886,26,,,1,100,,5887,26,,,1,99,,5890,26,,,1,99,,5892,26,,,1,96,,5891,26,,,1
1704,'SAM',504,,5917,26,,,1,49,,5914,26,,,1,106,,5909,26,,,1,96,,5916,26,,,1,100,,5922,26,,,1,102,,5919,26,,,1,99,,5920,26,,,1,100,,5918,26,,,1,102,,5924,26,,,1,100,,5915,26,,,1,101,,5921,26,,,1,141,,5925,26,,,1,102,,5923,26,,,1,99,,5926,26,,,1,58,,5906,26,,,1,99,,5907,26,,,1,99,,5908,26,,,1,100,,5913,26,,,1,99,,5911,26,,,1,99,,5912,26,,,1,96,,5910,26,,,1
1704,'SEM',515,,5938,26,,,1,102,,5948,26,,,1,20,,5928,26,,,1,21,,5932,26,,,1,56,,5934,26,,,1,25,,5949,26,,,1,74,,5927,26,,,1,102,,5931,26,,,1,44,,5936,26,,,1,99,,5930,26,,,1,101,,5939,26,,,1,100,,5935,26,,,1,100,,5929,26,,,1,142,,5933,26,,,1,103,,5937,26,,,1,98,,5944,26,,,1,101,,5942,26,,,1,99,,5940,26,,,1,98,,5946,26,,,1,100,,5941,26,,,1,59,,5943,26,,,1,100,,5947,26,,,1,99,,5945,26,,,1
3104,'DIM',623,,1107,36,,,1,102,,6844,36,,,1,100,,6843,36,,,1,101,,6848,36,,,1,102,,6851,36,,,1,100,,6852,36,,,1,101,,6849,36,,,1,101,,6845,36,,,1,102,,6847,36,,,1,102,,6835,36,,,1,96,,6846,36,,,1,101,,6850,36,,,1,98,,6838,36,,,1,100,,6837,36,,,1,99,,6839,36,,,1,100,,6836,36,,,1,99,,6842,36,,,1,98,,6841,36,,,1,101,,6840,36,,,1
3104,'SAM',522,,6869,36,,,1,99,,6863,36,,,1,104,,6865,36,,,1,101,,6868,36,,,1,100,,6866,36,,,1,101,,6870,36,,,1,99,,6872,36,,,1,101,,6853,36,,,1,103,,6862,36,,,1,101,,6867,36,,,1,101,,6864,36,,,1,102,,6871,36,,,1,97,,6856,36,,,1,100,,6857,36,,,1,98,,6859,36,,,1,99,,6854,36,,,1,100,,6860,36,,,1,99,,6861,36,,,1,98,,6855,36,,,1,101,,6858,36,,,1
3104,'SEM',453,,6889,36,,,1,70,,1143,36,,,1,85,,6890,36,,,1,22,,6892,36,,,1,23,,6875,36,,,1,73,,6877,36,,,1,32,,6888,36,,,1,70,,6874,36,,,1,30,,6876,36,,,1,71,,6893,36,,,1,100,,6895,36,,,1,100,,6894,36,,,1,100,,6873,36,,,1,100,,6891,36,,,1,100,,6878,36,,,1,104,,6879,36,,,1,102,,6882,36,,,1,101,,6880,36,,,1,97,,6887,36,,,1,98,,6884,36,,,1,101,,6885,36,,,1,100,,6881,36,,,1,99,,6883,36,,,1,105,,6886,36,,,1
7304,'DIM',538,,4008,54,,,1,70,,3997,54,,,1,101,,9816,54,,,1,101,,9822,54,,,1,100,,9817,54,,,1,102,,9819,54,,,1,101,,9815,54,,,1,100,,9818,54,,,1,101,,9820,54,,,1,101,,9809,54,,,1,101,,9814,54,,,1,101,,9821,54,,,1,100,,9823,54,,,1,99,,9807,54,,,1,98,,9808,54,,,1,99,,9805,54,,,1,100,,9810,54,,,1,99,,9812,54,,,1,98,,9806,54,,,1,101,,9811,54,,,1,99,,9813,54,,,1
7304,'SAM',538,,9846,54,,,1,70,,9834,54,,,1,103,,9838,54,,,1,99,,9826,54,,,1,100,,9842,54,,,1,102,,9840,54,,,1,102,,9827,54,,,1,101,,9839,54,,,1,99,,9843,54,,,1,101,,9841,54,,,1,101,,9824,54,,,1,102,,9844,54,,,1,99,,9845,54,,,1,99,,9830,54,,,1,98,,9825,54,,,1,99,,9832,54,,,1,100,,9831,54,,,1,99,,9828,54,,,1,98,,9829,54,,,1,101,,9833,54,,,1,99,,9835,54,,,1,100,,9837,54,,,1,99,,9836,54,,,1
7304,'SEM',501,,9876,54,,,1,44,,9874,54,,,1,80,,9885,54,,,1,18,,9887,54,,,1,65,,9886,54,,,1,12,,9853,54,,,1,12,,9882,54,,,1,13,,9859,54,,,1,61,,9862,54,,,1,16,,9883,54,,,1,15,,9854,54,,,1,66,,9851,54,,,1,30,,9857,54,,,1,82,,9866,54,,,1,29,,9852,54,,,1,70,,9849,54,,,1,30,,9888,54,,,1,70,,9861,54,,,1,35,,9855,54,,,1,66,,9884,54,,,1,30,,9856,54,,,1,70,,9863,54,,,1,30,,9889,54,,,1,72,,9850,54,,,1,41,,9864,54,,,1,53,,9848,54,,,1,19,,9847,54,,,1,75,,9858,54,,,1,16,,9871,54,,,1,25,,9870,54,,,1,73,,9860,54,,,1,35,,9877,54,,,1,63,,9875,54,,,1,32,,9867,54,,,1,66,,9873,54,,,1,31,,9879,54,,,1,71,,9865,54,,,1,28,,9868,54,,,1,70,,9880,54,,,1,29,,9869,54,,,1,70,,9872,54,,,1,100,,9878,54,,,1,94,,9881,54,,,1
7402,'DIM',638,,9951,67,,,2,102,,9955,67,,,2,100,,9954,67,,,2,101,,9956,67,,,2,102,,9958,67,,,2,100,,9947,67,,,2,99,,9952,67,,,2,101,,9953,67,,,2,102,,9957,67,,,2,99,,9959,67,,,2,99,,9960,67,,,2,103,,9944,67,,,2,98,,9946,67,,,2,99,,9948,67,,,2,99,,9950,67,,,2,100,,9949,67,,,2,99,,9945,67,,,2
7402,'SAM',638,,9971,67,,,2,102,,9974,67,,,2,98,,9962,67,,,2,101,,9976,67,,,2,104,,9975,67,,,2,100,,9970,67,,,2,98,,9973,67,,,2,101,,9972,67,,,2,103,,9961,67,,,2,99,,9977,67,,,2,100,,9964,67,,,2,100,,9965,67,,,2,98,,9966,67,,,2,101,,9969,67,,,2,98,,9963,67,,,2,100,,9967,67,,,2,99,,9968,67,,,2
7402,'SEM',600,,9995,67,,,2,48,,9996,67,,,2,55,,9981,67,,,2,47,,9985,67,,,2,96,,9980,67,,,2,98,,9983,67,,,2,98,,9992,67,,,2,100,,9984,67,,,2,100,,9993,67,,,2,100,,9978,67,,,2,100,,9982,67,,,2,104,,9979,67,,,2,100,,9987,67,,,2,102,,9991,67,,,2,96,,9986,67,,,2,99,,9990,67,,,2,99,,9994,67,,,2,100,,9989,67,,,2,100,,9988,67,,,2
