6304,'DIM',726,,9201,8,,,1,100,,9207,8,,,1,100,,9202,8,,,1,102,,9204,8,,,1,95,,9203,8,,,1,106,,9208,8,,,1,95,,9205,8,,,1,103,,9206,8,,,1,100,,9195,8,,,1,102,,9209,8,,,1,102,,9193,8,,,1,99,,9200,8,,,1,100,,9194,8,,,1,100,,9196,8,,,1,100,,9198,8,,,1,100,,9197,8,,,1,100,,9199,8,,,1
6304,'SAM',621,,9224,8,,,1,102,,9220,8,,,1,103,,9216,8,,,1,100,,9223,8,,,1,102,,9222,8,,,1,103,,9225,8,,,1,98,,9227,8,,,1,96,,9221,8,,,1,104,,9228,8,,,1,106,,9212,8,,,1,95,,9226,8,,,1,101,,9210,8,,,1,100,,9213,8,,,1,103,,9211,8,,,1,96,,9214,8,,,1,100,,9217,8,,,1,100,,9215,8,,,1,99,,9218,8,,,1,96,,9219,8,,,1
6304,'SEM',443,,9260,8,,,1,110,,9258,8,,,1,62,,9261,8,,,1,38,,9238,8,,,1,49,,9241,8,,,1,34,,9245,8,,,1,67,,9229,8,,,1,19,,9263,8,,,1,27,,9234,8,,,1,70,,9243,8,,,1,30,,9244,8,,,1,70,,9231,8,,,1,25,,9230,8,,,1,70,,9259,8,,,1,30,,9236,8,,,1,71,,9237,8,,,1,31,,9242,8,,,1,70,,9262,8,,,1,30,,9232,8,,,1,71,,9233,8,,,1,30,,9235,8,,,1,75,,9239,8,,,1,6,,9249,8,,,1,31,,9240,8,,,1,63,,9246,8,,,1,34,,9252,8,,,1,56,,9251,8,,,1,29,,9255,8,,,1,72,,9257,8,,,1,40,,9250,8,,,1,94,,9254,8,,,1,80,,9256,8,,,1,90,,9247,8,,,1,100,,9248,8,,,1,93,,9253,8,,,1
6504,'DIM',653,,9360,8,,,2,101,,9359,8,,,2,101,,9363,8,,,2,101,,9364,8,,,2,96,,9358,8,,,2,106,,9365,8,,,2,142,,9350,8,,,2,100,,9362,8,,,2,54,,9351,8,,,2,147,,9361,8,,,2,58,,9352,8,,,2,142,,9357,8,,,2,58,,9366,8,,,2,100,,9353,8,,,2,100,,9355,8,,,2,98,,9354,8,,,2,100,,9356,8,,,2
6504,'SAM',653,,9377,8,,,2,101,,9375,8,,,2,101,,9376,8,,,2,101,,9381,8,,,2,97,,9380,8,,,2,104,,9383,8,,,2,102,,9379,8,,,2,141,,9378,8,,,2,100,,9368,8,,,2,101,,9382,8,,,2,58,,9367,8,,,2,99,,9384,8,,,2,101,,9372,8,,,2,100,,9370,8,,,2,100,,9374,8,,,2,98,,9369,8,,,2,100,,9371,8,,,2,100,,9373,8,,,2
6504,'SEM',509,,9402,8,,,2,47,,9416,8,,,2,56,,9428,8,,,2,15,,9386,8,,,2,16,,9413,8,,,2,8,,9419,8,,,2,8,,9391,8,,,2,50,,9421,8,,,2,8,,9429,8,,,2,8,,9418,8,,,2,14,,9387,8,,,2,62,,9390,8,,,2,10,,9420,8,,,2,14,,9425,8,,,2,16,,9394,8,,,2,64,,9417,8,,,2,29,,9395,8,,,2,71,,9426,8,,,2,29,,9388,8,,,2,70,,9424,8,,,2,33,,9423,8,,,2,66,,9408,8,,,2,39,,9422,8,,,2,61,,9385,8,,,2,30,,9427,8,,,2,70,,9392,8,,,2,30,,9393,8,,,2,75,,9396,8,,,2,27,,9403,8,,,2,70,,9405,8,,,2,16,,9406,8,,,2,32,,9412,8,,,2,58,,9400,8,,,2,27,,9389,8,,,2,77,,9407,8,,,2,32,,9415,8,,,2,69,,9398,8,,,2,32,,9410,8,,,2,84,,9397,8,,,2,70,,9399,8,,,2,30,,9401,8,,,2,21,,9404,8,,,2,76,,9411,8,,,2,101,,9409,8,,,2,101,,9414,8,,,2
7303,'DIM',712,,9733,49,,,1,99,,9728,49,,,1,103,,9730,49,,,1,99,,9727,49,,,1,101,,9729,49,,,1,99,,9731,49,,,1,103,,9720,49,,,1,99,,9726,49,,,1,100,,9732,49,,,1,100,,9734,49,,,1,101,,9718,49,,,1,100,,9719,49,,,1,96,,9716,49,,,1,100,,9721,49,,,1,100,,9724,49,,,1,100,,9717,49,,,1,98,,9722,49,,,1,101,,9725,49,,,1,106,,9723,49,,,1
7303,'SAM',616,,9749,49,,,1,96,,9736,49,,,1,99,,9753,49,,,1,103,,9751,49,,,1,99,,9738,49,,,1,101,,9750,49,,,1,100,,9754,49,,,1,101,,9752,49,,,1,101,,9735,49,,,1,100,,9755,49,,,1,100,,9756,49,,,1,100,,9741,49,,,1,100,,9737,49,,,1,97,,9743,49,,,1,99,,9742,49,,,1,100,,9739,49,,,1,100,,9740,49,,,1,98,,9744,49,,,1,102,,9745,49,,,1,105,,9747,49,,,1,102,,9746,49,,,1,98,,9748,49,,,1
7303,'SEM',607,,9801,49,,,1,25,,9798,49,,,1,80,,9799,49,,,1,8,,9767,49,,,1,37,,9763,49,,,1,63,,9770,49,,,1,82,,9772,49,,,1,14,,9780,49,,,1,29,,9762,49,,,1,68,,9760,49,,,1,30,,9802,49,,,1,70,,9774,49,,,1,30,,9768,49,,,1,70,,9800,49,,,1,31,,9769,49,,,1,70,,9777,49,,,1,30,,9803,49,,,1,70,,9761,49,,,1,30,,9778,49,,,1,69,,9758,49,,,1,32,,9771,49,,,1,73,,9804,49,,,1,20,,9757,49,,,1,17,,9785,49,,,1,58,,9773,49,,,1,12,,9759,49,,,1,12,,9764,49,,,1,14,,9766,49,,,1,54,,9765,49,,,1,11,,9788,49,,,1,13,,9775,49,,,1,17,,9781,49,,,1,54,,9776,49,,,1,18,,9787,49,,,1,34,,9791,49,,,1,66,,9779,49,,,1,33,,9782,49,,,1,68,,9794,49,,,1,29,,9784,49,,,1,70,,9786,49,,,1,26,,9783,49,,,1,73,,9790,49,,,1,30,,9795,49,,,1,70,,9797,49,,,1,35,,9789,49,,,1,70,,9792,49,,,1,27,,9793,49,,,1,162,,9796,49,,,1
15104,'DIM',600,,10512,9,,,2,31,,10534,9,,,2,28,,10536,9,,,2,62,,10531,9,,,2,34,,10529,9,,,2,68,,10515,9,,,2,78,,10537,9,,,2,25,,10532,9,,,2,74,,10530,9,,,2,35,,10527,9,,,2,77,,10538,9,,,2,27,,10543,9,,,2,76,,10535,9,,,2,35,,10528,9,,,2,77,,10539,9,,,2,29,,10533,9,,,2,77,,10541,9,,,2,75,,10516,9,,,2,37,,10540,9,,,2,69,,10544,9,,,2,39,,10542,9,,,2,73,,10517,9,,,2,77,,10523,9,,,2,28,,10525,9,,,2,75,,10513,9,,,2,31,,10519,9,,,2,74,,10524,9,,,2,27,,10526,9,,,2,69,,10514,9,,,2,31,,10518,9,,,2,101,,10520,9,,,2,101,,10521,9,,,2,60,,10522,9,,,2
15104,'SAM',600,,10564,9,,,2,31,,10567,9,,,2,28,,10570,9,,,2,63,,10568,9,,,2,33,,10562,9,,,2,68,,10565,9,,,2,78,,10571,9,,,2,25,,10569,9,,,2,74,,10563,9,,,2,31,,10566,9,,,2,81,,10572,9,,,2,27,,10576,9,,,2,76,,10560,9,,,2,34,,10574,9,,,2,78,,10573,9,,,2,29,,10577,9,,,2,79,,10561,9,,,2,72,,10545,9,,,2,38,,10575,9,,,2,69,,10549,9,,,2,39,,10547,9,,,2,72,,10546,9,,,2,78,,10553,9,,,2,28,,10557,9,,,2,75,,10548,9,,,2,31,,10555,9,,,2,74,,10554,9,,,2,27,,10558,9,,,2,72,,10559,9,,,2,28,,10556,9,,,2,101,,10550,9,,,2,101,,10551,9,,,2,60,,10552,9,,,2
15104,'SEM',436,,10628,9,,,2,71,,10595,9,,,2,14,,10625,9,,,2,23,,10632,9,,,2,65,,10635,9,,,2,11,,10639,9,,,2,13,,10582,9,,,2,6,,10583,9,,,2,4,,10586,9,,,2,5,,10588,9,,,2,4,,10590,9,,,2,48,,10578,9,,,2,11,,10634,9,,,2,8,,10596,9,,,2,13,,10626,9,,,2,15,,10633,9,,,2,58,,10579,9,,,2,10,,10591,9,,,2,15,,10580,9,,,2,6,,10598,9,,,2,14,,10587,9,,,2,67,,10594,9,,,2,22,,10597,9,,,2,20,,10593,9,,,2,59,,10627,9,,,2,17,,10620,9,,,2,21,,10630,9,,,2,70,,10629,9,,,2,20,,10631,9,,,2,59,,10636,9,,,2,19,,10637,9,,,2,19,,10581,9,,,2,61,,10589,9,,,2,31,,10638,9,,,2,21,,10640,9,,,2,61,,10602,9,,,2,22,,10592,9,,,2,18,,10605,9,,,2,67,,10607,9,,,2,19,,10585,9,,,2,60,,10584,9,,,2,22,,10600,9,,,2,18,,10603,9,,,2,59,,10599,9,,,2,19,,10608,9,,,2,20,,10609,9,,,2,15,,10614,9,,,2,54,,10611,9,,,2,15,,10612,9,,,2,20,,10601,9,,,2,60,,10621,9,,,2,19,,10624,9,,,2,26,,10619,9,,,2,70,,10623,9,,,2,34,,10604,9,,,2,69,,10606,9,,,2,32,,10610,9,,,2,71,,10613,9,,,2,31,,10615,9,,,2,62,,10616,9,,,2,23,,10618,9,,,2,76,,10617,9,,,2,40,,10622,9,,,2
