1704,'DIM',459,,5896,18,,,1,90,,5899,18,,,1,105,,5902,18,,,1,96,,5895,18,,,1,99,,5889,18,,,1,100,,5894,18,,,1,100,,5897,18,,,1,100,,5901,18,,,1,103,,5898,18,,,1,100,,5903,18,,,1,102,,5905,18,,,1,99,,5893,18,,,1,101,,5900,18,,,1,101,,5885,18,,,1,98,,5904,18,,,1,99,,5888,18,,,1,99,,5886,18,,,1,102,,5887,18,,,1,99,,5890,18,,,1,99,,5892,18,,,1,96,,5891,18,,,1
1704,'SAM',500,,5917,18,,,1,49,,5914,18,,,1,105,,5909,18,,,1,96,,5916,18,,,1,99,,5922,18,,,1,101,,5919,18,,,1,99,,5920,18,,,1,100,,5918,18,,,1,102,,5924,18,,,1,100,,5915,18,,,1,101,,5921,18,,,1,101,,5925,18,,,1,102,,5923,18,,,1,100,,5926,18,,,1,98,,5906,18,,,1,99,,5907,18,,,1,99,,5908,18,,,1,102,,5913,18,,,1,99,,5911,18,,,1,99,,5912,18,,,1,96,,5910,18,,,1
1704,'SEM',510,,5938,18,,,1,102,,5948,18,,,1,20,,5928,18,,,1,20,,5932,18,,,1,56,,5934,18,,,1,25,,5949,18,,,1,73,,5927,18,,,1,102,,5931,18,,,1,45,,5936,18,,,1,99,,5930,18,,,1,101,,5939,18,,,1,100,,5935,18,,,1,100,,5929,18,,,1,101,,5933,18,,,1,103,,5937,18,,,1,98,,5944,18,,,1,102,,5942,18,,,1,99,,5940,18,,,1,99,,5946,18,,,1,100,,5941,18,,,1,99,,5943,18,,,1,101,,5947,18,,,1,99,,5945,18,,,1
3104,'DIM',619,,1107,28,,,1,101,,6844,28,,,1,100,,6843,28,,,1,100,,6848,28,,,1,102,,6851,28,,,1,100,,6852,28,,,1,101,,6849,28,,,1,101,,6845,28,,,1,102,,6847,28,,,1,102,,6835,28,,,1,96,,6846,28,,,1,101,,6850,28,,,1,98,,6838,28,,,1,100,,6837,28,,,1,99,,6839,28,,,1,101,,6836,28,,,1,100,,6842,28,,,1,98,,6841,28,,,1,101,,6840,28,,,1
3104,'SAM',519,,6869,28,,,1,98,,6863,28,,,1,103,,6865,28,,,1,101,,6868,28,,,1,99,,6866,28,,,1,101,,6870,28,,,1,99,,6872,28,,,1,101,,6853,28,,,1,103,,6862,28,,,1,101,,6867,28,,,1,101,,6864,28,,,1,102,,6871,28,,,1,97,,6856,28,,,1,100,,6857,28,,,1,98,,6859,28,,,1,99,,6854,28,,,1,101,,6860,28,,,1,100,,6861,28,,,1,98,,6855,28,,,1,101,,6858,28,,,1
3104,'SEM',450,,6889,28,,,1,69,,1143,28,,,1,84,,6890,28,,,1,21,,6892,28,,,1,23,,6875,28,,,1,73,,6877,28,,,1,32,,6888,28,,,1,70,,6874,28,,,1,30,,6876,28,,,1,71,,6893,28,,,1,100,,6895,28,,,1,100,,6894,28,,,1,100,,6873,28,,,1,100,,6891,28,,,1,100,,6878,28,,,1,103,,6879,28,,,1,102,,6882,28,,,1,101,,6880,28,,,1,98,,6887,28,,,1,98,,6884,28,,,1,101,,6885,28,,,1,101,,6881,28,,,1,99,,6883,28,,,1,106,,6886,28,,,1
3904,'DIM',820,,1465,18,,,1,99,,7195,18,,,1,95,,7201,18,,,1,14,,7199,18,,,1,74,,7203,18,,,1,28,,7208,18,,,1,74,,7196,18,,,1,30,,7207,18,,,1,71,,7194,18,,,1,29,,7189,18,,,1,76,,7198,18,,,1,25,,7197,18,,,1,68,,7202,18,,,1,27,,7205,18,,,1,77,,7204,18,,,1,30,,7191,18,,,1,70,,7200,18,,,1,30,,7206,18,,,1,80,,7192,18,,,1,85,,7187,18,,,1,100,,7190,18,,,1,57,,7193,18,,,1,100,,7188,18,,,1
3904,'SAM',820,,7223,18,,,1,101,,7222,18,,,1,93,,7224,18,,,1,14,,7228,18,,,1,76,,7225,18,,,1,30,,7220,18,,,1,70,,7227,18,,,1,30,,7229,18,,,1,70,,7219,18,,,1,30,,7218,18,,,1,75,,7221,18,,,1,29,,7209,18,,,1,69,,7210,18,,,1,25,,7226,18,,,1,75,,7213,18,,,1,30,,7230,18,,,1,70,,7214,18,,,1,30,,7216,18,,,1,80,,7211,18,,,1,85,,7215,18,,,1,100,,7217,18,,,1,57,,7212,18,,,1,100,,1475,18,,,1
3904,'SEM',609,,7253,18,,,1,39,,7234,18,,,1,52,,7241,18,,,1,10,,7243,18,,,1,33,,7235,18,,,1,69,,7233,18,,,1,35,,7244,18,,,1,67,,7242,18,,,1,30,,7256,18,,,1,69,,7240,18,,,1,30,,7252,18,,,1,70,,7250,18,,,1,30,,7232,18,,,1,70,,7255,18,,,1,30,,7251,18,,,1,70,,7254,18,,,1,35,,7239,18,,,1,70,,7237,18,,,1,30,,7231,18,,,1,73,,7236,18,,,1,106,,7245,18,,,1,107,,7238,18,,,1,104,,7249,18,,,1,102,,7247,18,,,1,99,,7248,18,,,1,99,,7246,18,,,1
4504,'DIM',617,,2173,18,,,1,100,,7949,18,,,1,99,,2174,18,,,1,101,,7951,18,,,1,99,,7948,18,,,1,101,,7950,18,,,1,98,,7947,18,,,1,106,,7954,18,,,1,100,,7941,18,,,1,96,,7953,18,,,1,106,,7939,18,,,1,90,,7952,18,,,1,100,,7940,18,,,1,100,,7945,18,,,1,100,,7942,18,,,1,100,,7946,18,,,1,100,,7944,18,,,1,100,,7943,18,,,1
4504,'SAM',611,,7965,18,,,1,106,,7963,18,,,1,99,,7967,18,,,1,101,,7969,18,,,1,99,,7970,18,,,1,101,,7955,18,,,1,100,,7968,18,,,1,104,,7964,18,,,1,102,,7966,18,,,1,99,,7972,18,,,1,96,,7959,18,,,1,95,,7971,18,,,1,100,,7960,18,,,1,100,,7957,18,,,1,100,,7956,18,,,1,100,,7961,18,,,1,100,,7958,18,,,1,100,,7962,18,,,1
4504,'SEM',531,,7996,18,,,1,18,,8000,18,,,1,78,,7995,18,,,1,26,,7976,18,,,1,50,,7980,18,,,1,13,,7984,18,,,1,14,,7985,18,,,1,26,,7973,18,,,1,52,,7983,18,,,1,46,,7974,18,,,1,152,,7981,18,,,1,108,,7997,18,,,1,96,,7998,18,,,1,94,,7999,18,,,1,101,,7986,18,,,1,44,,7977,18,,,1,78,,7979,18,,,1,18,,7978,18,,,1,68,,7988,18,,,1,38,,7982,18,,,1,83,,7975,18,,,1,73,,7994,18,,,1,108,,7992,18,,,1,102,,7991,18,,,1,103,,7987,18,,,1,94,,7989,18,,,1,95,,7990,18,,,1,95,,7993,18,,,1
7304,'DIM',534,,4008,46,,,1,70,,3997,46,,,1,101,,9816,46,,,1,100,,9822,46,,,1,100,,9817,46,,,1,101,,9819,46,,,1,101,,9815,46,,,1,100,,9818,46,,,1,101,,9820,46,,,1,101,,9809,46,,,1,101,,9814,46,,,1,101,,9821,46,,,1,100,,9823,46,,,1,99,,9807,46,,,1,98,,9808,46,,,1,100,,9805,46,,,1,100,,9810,46,,,1,99,,9812,46,,,1,99,,9806,46,,,1,101,,9811,46,,,1,99,,9813,46,,,1
7304,'SAM',534,,9846,46,,,1,70,,9834,46,,,1,103,,9838,46,,,1,98,,9826,46,,,1,100,,9842,46,,,1,101,,9840,46,,,1,102,,9827,46,,,1,101,,9839,46,,,1,99,,9843,46,,,1,101,,9841,46,,,1,101,,9824,46,,,1,102,,9844,46,,,1,99,,9845,46,,,1,99,,9830,46,,,1,98,,9825,46,,,1,100,,9832,46,,,1,100,,9831,46,,,1,99,,9828,46,,,1,99,,9829,46,,,1,101,,9833,46,,,1,99,,9835,46,,,1,100,,9837,46,,,1,99,,9836,46,,,1
7304,'SEM',456,,9876,46,,,1,84,,9874,46,,,1,80,,9885,46,,,1,18,,9887,46,,,1,64,,9886,46,,,1,12,,9853,46,,,1,12,,9882,46,,,1,13,,9859,46,,,1,61,,9862,46,,,1,16,,9883,46,,,1,15,,9854,46,,,1,26,,9851,46,,,1,70,,9857,46,,,1,82,,9866,46,,,1,29,,9852,46,,,1,70,,9849,46,,,1,30,,9888,46,,,1,70,,9861,46,,,1,35,,9855,46,,,1,66,,9884,46,,,1,30,,9856,46,,,1,70,,9863,46,,,1,30,,9889,46,,,1,71,,9850,46,,,1,41,,9864,46,,,1,53,,9848,46,,,1,19,,9847,46,,,1,34,,9858,46,,,1,57,,9871,46,,,1,25,,9870,46,,,1,74,,9860,46,,,1,35,,9877,46,,,1,63,,9875,46,,,1,33,,9867,46,,,1,66,,9873,46,,,1,31,,9879,46,,,1,71,,9865,46,,,1,28,,9868,46,,,1,70,,9880,46,,,1,30,,9869,46,,,1,70,,9872,46,,,1,100,,9878,46,,,1,94,,9881,46,,,1
