1601,'SEM',1621,,5811,17,,,1,30,,5812,17,,,1,71,,5813,17,,,1,28,,5814,17,,,1,70,,5815,17,,,1
3903,'DIM',922,,1387,8,,,1,16,,7125,8,,,1,74,,7128,8,,,1,28,,7133,8,,,1,72,,7122,8,,,1,31,,7132,8,,,1,71,,7121,8,,,1,29,,7114,8,,,1,74,,7124,8,,,1,25,,7123,8,,,1,68,,7127,8,,,1,27,,7130,8,,,1,76,,7129,8,,,1,30,,7117,8,,,1,70,,7126,8,,,1,30,,7131,8,,,1,66,,7119,8,,,1,10,,7112,8,,,1,24,,7118,8,,,1,65,,7111,8,,,1,99,,7116,8,,,1,100,,7120,8,,,1,99,,7113,8,,,1,104,,7115,8,,,1
3903,'SAM',922,,7150,8,,,1,16,,7154,8,,,1,74,,7151,8,,,1,30,,7147,8,,,1,70,,7153,8,,,1,31,,7155,8,,,1,68,,7146,8,,,1,32,,7145,8,,,1,73,,7148,8,,,1,27,,7135,8,,,1,71,,7136,8,,,1,25,,7152,8,,,1,74,,7139,8,,,1,30,,7156,8,,,1,70,,7140,8,,,1,30,,7142,8,,,1,66,,7149,8,,,1,11,,7143,8,,,1,23,,7157,8,,,1,65,,7141,8,,,1,101,,7144,8,,,1,98,,7137,8,,,1,99,,1409,8,,,1,104,,7138,8,,,1
3903,'SEM',716,,7163,8,,,1,102,,7169,8,,,1,101,,7168,8,,,1,31,,7164,8,,,1,68,,7183,8,,,1,30,,7162,8,,,1,70,,7186,8,,,1,30,,7184,8,,,1,70,,7185,8,,,1,30,,7161,8,,,1,70,,7167,8,,,1,33,,7159,8,,,1,71,,7165,8,,,1,16,,7172,8,,,1,65,,7173,8,,,1,15,,7174,8,,,1,24,,7179,8,,,1,16,,7160,8,,,1,66,,7166,8,,,1,30,,7181,8,,,1,74,,7171,8,,,1,75,,7170,8,,,1,40,,7178,8,,,1,100,,7180,8,,,1,105,,7176,8,,,1,99,,7175,8,,,1,99,,7177,8,,,1,78,,7182,8,,,1
4001,'DIM',833,,7258,27,,,1,102,,7270,27,,,1,102,,7273,27,,,1,101,,7272,27,,,1,100,,7268,27,,,1,100,,7260,27,,,1,99,,7257,27,,,1,100,,7259,27,,,1,102,,7269,27,,,1,100,,7261,27,,,1,98,,7271,27,,,1,98,,7264,27,,,1,99,,7265,27,,,1,99,,7262,27,,,1,99,,7267,27,,,1,100,,7266,27,,,1,93,,7263,27,,,1
4001,'SAM',730,,7288,27,,,1,103,,7285,27,,,1,102,,7286,27,,,1,102,,7290,27,,,1,101,,7274,27,,,1,98,,7284,27,,,1,98,,7287,27,,,1,103,,7275,27,,,1,101,,7289,27,,,1,99,,7279,27,,,1,100,,7291,27,,,1,100,,7281,27,,,1,98,,7280,27,,,1,99,,7277,27,,,1,99,,7278,27,,,1,99,,7282,27,,,1,100,,7276,27,,,1,93,,7283,27,,,1
4001,'SEM',503,,1559,27,,,1,29,,7314,27,,,1,72,,7328,27,,,1,32,,7327,27,,,1,21,,7298,27,,,1,53,,7313,27,,,1,16,,7305,27,,,1,10,,7331,27,,,1,13,,7322,27,,,1,51,,7332,27,,,1,25,,7293,27,,,1,19,,7303,27,,,1,62,,7295,27,,,1,14,,7296,27,,,1,17,,7304,27,,,1,65,,7311,27,,,1,30,,7294,27,,,1,69,,7302,27,,,1,30,,7299,27,,,1,70,,7301,27,,,1,32,,7300,27,,,1,71,,7329,27,,,1,30,,7326,27,,,1,71,,7330,27,,,1,38,,7292,27,,,1,70,,7297,27,,,1,24,,7307,27,,,1,67,,7306,27,,,1,26,,7308,27,,,1,25,,7315,27,,,1,64,,7318,27,,,1,30,,7321,27,,,1,69,,7312,27,,,1,27,,7325,27,,,1,66,,7317,27,,,1,28,,7319,27,,,1,70,,7324,27,,,1,98,,7309,27,,,1,97,,7310,27,,,1,98,,7316,27,,,1,100,,7323,27,,,1,99,,7320,27,,,1
4201,'DIM',513,,7411,12,,,2,102,,7437,12,,,2,30,,7440,12,,,2,70,,7443,12,,,2,28,,7412,12,,,2,73,,7448,12,,,2,27,,7445,12,,,2,70,,7452,12,,,2,33,,7444,12,,,2,61,,7439,12,,,2,20,,7436,12,,,2,20,,7449,12,,,2,60,,7455,12,,,2,23,,7438,12,,,2,18,,7453,12,,,2,62,,7409,12,,,2,20,,7457,12,,,2,18,,7441,12,,,2,62,,7442,12,,,2,19,,7446,12,,,2,21,,7414,12,,,2,60,,7450,12,,,2,15,,7415,12,,,2,24,,7451,12,,,2,61,,7456,12,,,2,19,,7418,12,,,2,21,,7447,12,,,2,56,,7421,12,,,2,22,,7422,12,,,2,21,,7424,12,,,2,55,,7425,12,,,2,18,,7428,12,,,2,12,,7429,12,,,2,15,,7454,12,,,2,56,,7410,12,,,2,33,,7433,12,,,2,70,,7416,12,,,2,30,,7419,12,,,2,69,,7413,12,,,2,29,,7426,12,,,2,72,,7430,12,,,2,28,,7417,12,,,2,70,,7420,12,,,2,32,,7423,12,,,2,70,,7427,12,,,2,35,,7434,12,,,2,70,,7431,12,,,2,34,,7432,12,,,2,75,,7435,12,,,2
4201,'SAM',510,,7498,12,,,2,105,,7484,12,,,2,34,,7468,12,,,2,72,,7499,12,,,2,24,,7488,12,,,2,70,,7490,12,,,2,29,,7494,12,,,2,69,,7485,12,,,2,33,,7501,12,,,2,61,,7483,12,,,2,20,,7506,12,,,2,18,,7492,12,,,2,61,,7476,12,,,2,24,,7502,12,,,2,16,,7486,12,,,2,62,,7507,12,,,2,22,,7487,12,,,2,16,,7489,12,,,2,64,,7478,12,,,2,20,,7493,12,,,2,19,,7504,12,,,2,63,,7491,12,,,2,13,,7495,12,,,2,23,,7461,12,,,2,61,,7503,12,,,2,20,,7500,12,,,2,22,,7469,12,,,2,57,,7496,12,,,2,21,,7471,12,,,2,22,,7497,12,,,2,54,,7505,12,,,2,15,,7474,12,,,2,16,,7475,12,,,2,13,,7458,12,,,2,56,,7459,12,,,2,30,,7462,12,,,2,68,,7464,12,,,2,35,,7466,12,,,2,69,,7467,12,,,2,29,,7460,12,,,2,71,,7463,12,,,2,24,,7465,12,,,2,74,,7470,12,,,2,31,,7472,12,,,2,73,,7473,12,,,2,39,,7480,12,,,2,65,,7482,12,,,2,35,,7477,12,,,2,71,,7479,12,,,2,32,,7481,12,,,2
4201,'SEM',626,,7513,12,,,2,21,,7521,12,,,2,8,,7560,12,,,2,46,,7530,12,,,2,18,,7564,12,,,2,14,,7566,12,,,2,17,,7569,12,,,2,55,,7510,12,,,2,17,,7518,12,,,2,24,,7514,12,,,2,57,,7523,12,,,2,29,,7558,12,,,2,10,,7565,12,,,2,65,,7556,12,,,2,16,,7511,12,,,2,23,,7561,12,,,2,61,,7562,12,,,2,14,,7557,12,,,2,26,,7563,12,,,2,60,,7559,12,,,2,20,,7567,12,,,2,20,,7512,12,,,2,55,,7529,12,,,2,20,,7527,12,,,2,15,,7509,12,,,2,14,,7520,12,,,2,55,,7531,12,,,2,15,,7528,12,,,2,16,,7526,12,,,2,14,,7516,12,,,2,52,,7525,12,,,2,2,,7535,12,,,2,7,,7568,12,,,2,8,,7538,12,,,2,8,,7542,12,,,2,8,,7545,12,,,2,9,,7548,12,,,2,6,,7517,12,,,2,54,,7508,12,,,2,13,,7522,12,,,2,10,,7540,12,,,2,9,,7515,12,,,2,11,,7551,12,,,2,10,,7519,12,,,2,50,,7524,12,,,2,10,,7544,12,,,2,10,,7532,12,,,2,10,,7541,12,,,2,12,,7546,12,,,2,9,,7536,12,,,2,54,,7539,12,,,2,15,,7550,12,,,2,16,,7543,12,,,2,70,,7555,12,,,2,32,,7553,12,,,2,70,,7533,12,,,2,30,,7534,12,,,2,80,,7537,12,,,2,29,,7547,12,,,2,145,,7549,12,,,2,102,,7552,12,,,2,120,,7554,12,,,2
5001,'DIM',524,,8284,8,,,1,100,,8297,8,,,1,100,,8291,8,,,1,100,,8296,8,,,1,101,,8299,8,,,1,26,,8290,8,,,1,72,,8292,8,,,1,27,,8303,8,,,1,78,,8295,8,,,1,28,,8293,8,,,1,77,,8302,8,,,1,24,,8289,8,,,1,75,,8294,8,,,1,22,,8278,8,,,1,73,,8280,8,,,1,30,,8277,8,,,1,74,,8300,8,,,1,26,,8298,8,,,1,76,,8285,8,,,1,81,,8301,8,,,1,21,,8287,8,,,1,97,,8288,8,,,1,102,,8279,8,,,1,99,,8282,8,,,1,100,,8281,8,,,1,99,,8283,8,,,1,100,,8286,8,,,1
5001,'SAM',524,,8311,8,,,1,100,,8304,8,,,1,100,,8321,8,,,1,102,,8325,8,,,1,102,,8317,8,,,1,23,,8327,8,,,1,75,,8330,8,,,1,27,,8319,8,,,1,75,,8326,8,,,1,26,,8328,8,,,1,74,,8320,8,,,1,28,,8322,8,,,1,74,,8329,8,,,1,71,,8307,8,,,1,32,,8323,8,,,1,22,,8306,8,,,1,72,,8324,8,,,1,30,,8312,8,,,1,76,,8314,8,,,1,81,,8305,8,,,1,21,,8313,8,,,1,100,,8315,8,,,1,99,,8308,8,,,1,100,,8309,8,,,1,100,,8316,8,,,1,98,,8310,8,,,1,100,,8318,8,,,1
5001,'SEM',515,,8356,8,,,1,98,,8358,8,,,1,37,,8340,8,,,1,60,,8362,8,,,1,40,,8333,8,,,1,69,,8342,8,,,1,28,,8337,8,,,1,70,,8359,8,,,1,30,,8360,8,,,1,70,,8343,8,,,1,30,,8338,8,,,1,70,,8336,8,,,1,30,,8361,8,,,1,70,,8357,8,,,1,30,,8332,8,,,1,70,,8347,8,,,1,30,,8334,8,,,1,70,,8331,8,,,1,84,,8339,8,,,1,28,,8344,8,,,1,30,,8341,8,,,1,70,,8335,8,,,1,30,,8350,8,,,1,72,,8345,8,,,1,71,,8348,8,,,1,28,,8346,8,,,1,79,,8352,8,,,1,104,,8354,8,,,1,104,,8349,8,,,1,104,,8351,8,,,1,105,,8353,8,,,1,105,,8355,8,,,1
6001,'DIM',805,,8888,35,,,1,103,,8896,35,,,1,100,,8895,35,,,1,102,,8899,35,,,1,104,,8897,35,,,1,107,,8901,35,,,1,100,,8898,35,,,1,101,,8900,35,,,1,100,,8902,35,,,1,98,,8887,35,,,1,96,,8903,35,,,1,95,,8894,35,,,1,97,,8890,35,,,1,97,,8889,35,,,1,98,,8892,35,,,1,100,,8891,35,,,1,100,,8893,35,,,1
6001,'SAM',702,,8907,35,,,1,103,,8917,35,,,1,103,,8916,35,,,1,94,,8919,35,,,1,108,,8915,35,,,1,104,,8913,35,,,1,107,,8921,35,,,1,100,,8920,35,,,1,107,,8914,35,,,1,94,,8918,35,,,1,98,,8905,35,,,1,96,,8909,35,,,1,95,,8910,35,,,1,97,,8904,35,,,1,97,,8908,35,,,1,98,,8906,35,,,1,100,,8912,35,,,1,100,,8911,35,,,1
6001,'SEM',542,,8938,35,,,1,103,,8922,35,,,1,94,,8923,35,,,1,72,,8925,35,,,1,45,,8928,35,,,1,92,,8939,35,,,1,103,,8940,35,,,1,99,,8924,35,,,1,100,,8926,35,,,1,102,,8941,35,,,1,100,,8930,35,,,1,99,,8927,35,,,1,108,,8933,35,,,1,100,,8929,35,,,1,93,,8936,35,,,1,98,,8932,35,,,1,89,,8935,35,,,1,99,,8937,35,,,1,95,,8931,35,,,1,100,,8934,35,,,1
6104,'DIM',657,,9069,57,,,2,100,,9066,57,,,2,143,,9070,57,,,2,100,,9071,57,,,2,102,,9073,57,,,2,102,,9067,57,,,2,102,,9072,57,,,2,106,,9068,57,,,2,99,,9065,57,,,2,103,,9060,57,,,2,100,,9063,57,,,2,100,,9062,57,,,2,93,,9057,57,,,2,97,,9074,57,,,2,55,,9064,57,,,2,100,,9058,57,,,2,99,,9059,57,,,2,99,,9061,57,,,2
6104,'SAM',657,,9087,57,,,2,144,,9085,57,,,2,99,,9082,57,,,2,100,,9090,57,,,2,59,,9092,57,,,2,145,,9086,57,,,2,108,,9091,57,,,2,100,,9075,57,,,2,102,,9088,57,,,2,95,,9077,57,,,2,102,,9089,57,,,2,101,,9080,57,,,2,98,,9076,57,,,2,94,,9084,57,,,2,55,,9078,57,,,2,100,,9083,57,,,2,99,,9079,57,,,2,99,,9081,57,,,2
6104,'SEM',515,,9115,57,,,2,104,,9113,57,,,2,30,,9114,57,,,2,64,,9095,57,,,2,16,,9110,57,,,2,7,,9097,57,,,2,70,,9116,57,,,2,30,,9096,57,,,2,97,,9099,57,,,2,96,,9101,57,,,2,100,,9100,57,,,2,100,,9111,57,,,2,100,,9112,57,,,2,100,,9094,57,,,2,105,,9098,57,,,2,76,,9093,57,,,2,99,,9104,57,,,2,100,,9107,57,,,2,49,,9105,57,,,2,98,,9102,57,,,2,99,,9108,57,,,2,87,,9109,57,,,2,92,,9103,57,,,2,98,,9106,57,,,2
6304,'DIM',751,,9201,49,,,1,101,,9207,49,,,1,102,,9202,49,,,1,102,,9204,49,,,1,95,,9203,49,,,1,107,,9208,49,,,1,95,,9205,49,,,1,103,,9206,49,,,1,100,,9195,49,,,1,102,,9209,49,,,1,142,,9193,49,,,1,57,,9200,49,,,1,99,,9194,49,,,1,98,,9196,49,,,1,100,,9198,49,,,1,100,,9197,49,,,1,100,,9199,49,,,1
6304,'SAM',646,,9224,49,,,1,102,,9220,49,,,1,104,,9216,49,,,1,102,,9223,49,,,1,102,,9222,49,,,1,103,,9225,49,,,1,99,,9227,49,,,1,96,,9221,49,,,1,104,,9228,49,,,1,146,,9212,49,,,1,55,,9226,49,,,1,141,,9210,49,,,1,58,,9213,49,,,1,142,,9211,49,,,1,54,,9214,49,,,1,100,,9217,49,,,1,100,,9215,49,,,1,99,,9218,49,,,1,95,,9219,49,,,1
6304,'SEM',508,,9260,49,,,1,112,,9258,49,,,1,23,,9261,49,,,1,81,,9238,49,,,1,10,,9241,49,,,1,74,,9245,49,,,1,26,,9229,49,,,1,18,,9263,49,,,1,67,,9234,49,,,1,29,,9243,49,,,1,70,,9244,49,,,1,30,,9231,49,,,1,64,,9230,49,,,1,30,,9259,49,,,1,71,,9236,49,,,1,31,,9237,49,,,1,72,,9242,49,,,1,30,,9262,49,,,1,70,,9232,49,,,1,31,,9233,49,,,1,72,,9235,49,,,1,38,,9239,49,,,1,46,,9249,49,,,1,31,,9240,49,,,1,22,,9246,49,,,1,74,,9252,49,,,1,14,,9251,49,,,1,68,,9255,49,,,1,32,,9257,49,,,1,77,,9250,49,,,1,94,,9254,49,,,1,38,,9256,49,,,1,90,,9247,49,,,1,98,,9248,49,,,1,93,,9253,49,,,1
6504,'DIM',724,,9360,65,,,2,102,,9359,65,,,2,101,,9363,65,,,2,102,,9364,65,,,2,97,,9358,65,,,2,108,,9365,65,,,2,102,,9350,65,,,2,100,,9362,65,,,2,94,,9351,65,,,2,105,,9361,65,,,2,97,,9352,65,,,2,101,,9357,65,,,2,98,,9366,65,,,2,100,,9353,65,,,2,100,,9355,65,,,2,97,,9354,65,,,2,98,,9356,65,,,2
6504,'SAM',724,,9377,65,,,2,102,,9375,65,,,2,101,,9376,65,,,2,102,,9381,65,,,2,98,,9380,65,,,2,106,,9383,65,,,2,102,,9379,65,,,2,101,,9378,65,,,2,100,,9368,65,,,2,99,,9382,65,,,2,97,,9367,65,,,2,98,,9384,65,,,2,101,,9372,65,,,2,100,,9370,65,,,2,100,,9374,65,,,2,97,,9369,65,,,2,98,,9371,65,,,2,99,,9373,65,,,2
6504,'SEM',540,,9402,65,,,2,90,,9416,65,,,2,16,,9428,65,,,2,57,,9386,65,,,2,5,,9430,50,,,2,12,,9413,65,,,2,5,,9431,50,,,2,4,,9419,65,,,2,4,,9432,50,,,2,4,,9391,65,,,2,3,,9433,50,,,2,7,,9421,65,,,2,8,,9429,65,,,2,48,,9418,65,,,2,14,,9387,65,,,2,21,,9390,65,,,2,10,,9420,65,,,2,53,,9425,65,,,2,16,,9394,65,,,2,24,,9417,65,,,2,69,,9395,65,,,2,31,,9426,65,,,2,69,,9388,65,,,2,30,,9424,65,,,2,73,,9423,65,,,2,26,,9408,65,,,2,79,,9422,65,,,2,21,,9385,65,,,2,71,,9427,65,,,2,30,,9392,65,,,2,70,,9393,65,,,2,38,,9396,65,,,2,67,,9403,65,,,2,31,,9405,65,,,2,56,,9406,65,,,2,30,,9412,65,,,2,16,,9400,65,,,2,67,,9389,65,,,2,34,,9407,65,,,2,72,,9415,65,,,2,27,,9398,65,,,2,70,,9410,65,,,2,84,,9397,65,,,2,30,,9399,65,,,2,70,,9401,65,,,2,21,,9404,65,,,2,36,,9411,65,,,2,100,,9409,65,,,2,100,,9414,65,,,2
7002,'DIM',618,,9654,65,,,1,40,,9655,65,,,1,90,,3827,88,,,1,102,,9644,88,,,1,101,,9645,88,,,1,102,,9642,88,,,1,67,,9640,88,,,1,34,,9631,88,,,1,72,,9652,88,,,1,29,,9641,88,,,1,67,,9637,88,,,1,33,,9639,88,,,1,70,,9648,88,,,1,31,,9646,88,,,1,70,,9647,88,,,1,30,,9635,88,,,1,71,,9643,88,,,1,24,,9649,88,,,1,78,,9632,88,,,1,73,,9651,88,,,1,33,,9630,88,,,1,73,,9650,88,,,1,95,,9653,88,,,1,54,,9633,88,,,1,95,,9629,88,,,1,96,,9636,88,,,1,99,,9634,88,,,1,103,,9638,88,,,1
7002,'SAM',618,,9682,65,,,1,40,,3875,65,,,1,90,,9673,88,,,1,98,,9671,88,,,1,100,,9676,88,,,1,101,,9675,88,,,1,75,,9669,88,,,1,32,,9672,88,,,1,72,,9668,88,,,1,29,,9661,88,,,1,72,,9674,88,,,1,27,,9666,88,,,1,75,,9679,88,,,1,27,,9657,88,,,1,76,,9667,88,,,1,69,,9678,88,,,1,23,,9670,88,,,1,32,,9681,88,,,1,69,,9680,88,,,1,31,,9677,88,,,1,81,,9656,88,,,1,71,,9663,88,,,1,95,,9665,88,,,1,49,,9664,88,,,1,98,,9658,88,,,1,97,,9659,88,,,1,100,,9660,88,,,1,101,,9662,88,,,1
7002,'SEM',626,,9703,88,,,1,102,,9688,88,,,1,29,,9709,88,,,1,70,,9715,88,,,1,31,,9687,88,,,1,69,,9689,88,,,1,30,,9713,88,,,1,70,,9712,88,,,1,30,,9685,88,,,1,70,,9702,88,,,1,30,,9710,88,,,1,70,,9684,88,,,1,30,,9711,88,,,1,71,,9704,88,,,1,31,,9714,88,,,1,80,,9686,88,,,1,62,,9683,88,,,1,29,,9691,88,,,1,74,,9695,88,,,1,31,,9690,88,,,1,72,,9697,88,,,1,31,,9692,88,,,1,64,,9693,88,,,1,30,,9696,88,,,1,74,,9694,88,,,1,30,,9700,88,,,1,77,,9701,88,,,1,45,,9707,88,,,1,99,,9698,88,,,1,101,,9699,88,,,1,145,,9705,88,,,1,101,,9708,88,,,1,104,,9706,88,,,1
7601,'DIM',511,,10027,40,,,2,100,,10004,85,,,2,25,,10015,85,,,2,104,,10001,85,,,2,101,,10017,85,,,2,100,,10009,85,,,2,70,,10022,85,,,2,30,,10020,85,,,2,71,,10025,85,,,2,30,,10018,85,,,2,70,,10023,85,,,2,29,,10005,85,,,2,71,,10010,85,,,2,32,,10008,85,,,2,70,,10021,85,,,2,30,,9997,85,,,2,70,,10011,85,,,2,29,,10016,85,,,2,70,,10002,85,,,2,30,,10006,85,,,2,70,,10024,85,,,2,31,,10026,85,,,2,69,,10003,85,,,2,35,,10019,85,,,2,96,,9999,85,,,2,100,,9998,85,,,2,100,,10000,85,,,2,98,,10014,85,,,2,100,,10007,85,,,2,100,,10012,85,,,2,95,,10013,85,,,2
7601,'SAM',511,,10058,40,,,2,106,,10032,85,,,2,19,,10040,85,,,2,104,,10046,85,,,2,101,,10043,85,,,2,102,,10051,85,,,2,68,,10053,85,,,2,30,,10044,85,,,2,71,,10037,85,,,2,30,,10048,85,,,2,70,,10054,85,,,2,27,,10052,85,,,2,73,,10045,85,,,2,26,,10031,85,,,2,76,,10041,85,,,2,30,,10049,85,,,2,70,,10050,85,,,2,29,,10056,85,,,2,71,,10042,85,,,2,27,,10047,85,,,2,72,,10028,85,,,2,31,,10055,85,,,2,75,,10057,85,,,2,27,,10033,85,,,2,98,,10035,85,,,2,100,,10039,85,,,2,99,,10036,85,,,2,99,,10029,85,,,2,100,,10030,85,,,2,102,,10034,85,,,2,93,,10038,85,,,2
7601,'SEM',532,,10063,85,,,2,89,,10089,85,,,2,21,,10087,85,,,2,64,,10096,85,,,2,12,,10093,85,,,2,9,,10059,85,,,2,15,,10079,85,,,2,58,,10068,85,,,2,12,,10090,85,,,2,17,,10088,85,,,2,24,,10097,85,,,2,58,,10073,85,,,2,19,,10064,85,,,2,20,,10070,85,,,2,75,,10061,85,,,2,26,,10067,85,,,2,70,,10091,85,,,2,30,,10072,85,,,2,70,,10095,85,,,2,30,,10086,85,,,2,71,,10092,85,,,2,30,,10094,85,,,2,70,,10066,85,,,2,35,,10071,85,,,2,69,,10060,85,,,2,29,,10069,85,,,2,65,,10065,85,,,2,33,,10077,85,,,2,61,,10080,85,,,2,29,,10062,85,,,2,66,,10083,85,,,2,27,,10084,85,,,2,70,,10078,85,,,2,32,,10082,85,,,2,77,,10074,85,,,2,98,,10075,85,,,2,99,,10076,85,,,2,100,,10081,85,,,2,103,,10085,85,,,2
