1704,'DIM',505,,5896,30,,,1,50,,5899,30,,,1,146,,5902,30,,,1,56,,5895,30,,,1,100,,5889,30,,,1,101,,5894,30,,,1,100,,5897,30,,,1,100,,5901,30,,,1,143,,5898,30,,,1,100,,5903,30,,,1,102,,5905,30,,,1,99,,5893,30,,,1,101,,5900,30,,,1,100,,5885,30,,,1,98,,5904,30,,,1,99,,5888,30,,,1,59,,5886,30,,,1,100,,5887,30,,,1,99,,5890,30,,,1,99,,5892,30,,,1,96,,5891,30,,,1
1704,'SAM',506,,5917,30,,,1,49,,5914,30,,,1,146,,5909,30,,,1,56,,5916,30,,,1,100,,5922,30,,,1,102,,5919,30,,,1,99,,5920,30,,,1,100,,5918,30,,,1,142,,5924,30,,,1,100,,5915,30,,,1,101,,5921,30,,,1,101,,5925,30,,,1,102,,5923,30,,,1,99,,5926,30,,,1,98,,5906,30,,,1,99,,5907,30,,,1,59,,5908,30,,,1,100,,5913,30,,,1,99,,5911,30,,,1,99,,5912,30,,,1,96,,5910,30,,,1
1704,'SEM',517,,5938,30,,,1,102,,5948,30,,,1,20,,5928,30,,,1,61,,5932,30,,,1,16,,5934,30,,,1,25,,5949,30,,,1,74,,5927,30,,,1,102,,5931,30,,,1,84,,5936,30,,,1,99,,5930,30,,,1,101,,5939,30,,,1,100,,5935,30,,,1,100,,5929,30,,,1,102,,5933,30,,,1,103,,5937,30,,,1,98,,5944,30,,,1,101,,5942,30,,,1,99,,5940,30,,,1,98,,5946,30,,,1,100,,5941,30,,,1,99,,5943,30,,,1,100,,5947,30,,,1,99,,5945,30,,,1
3104,'DIM',625,,1107,40,,,1,102,,6844,40,,,1,100,,6843,40,,,1,101,,6848,40,,,1,102,,6851,40,,,1,100,,6852,40,,,1,101,,6849,40,,,1,101,,6845,40,,,1,102,,6847,40,,,1,102,,6835,40,,,1,96,,6846,40,,,1,101,,6850,40,,,1,98,,6838,40,,,1,100,,6837,40,,,1,99,,6839,40,,,1,100,,6836,40,,,1,99,,6842,40,,,1,98,,6841,40,,,1,101,,6840,40,,,1
3104,'SAM',524,,6869,40,,,1,99,,6863,40,,,1,104,,6865,40,,,1,101,,6868,40,,,1,100,,6866,40,,,1,101,,6870,40,,,1,99,,6872,40,,,1,101,,6853,40,,,1,103,,6862,40,,,1,101,,6867,40,,,1,101,,6864,40,,,1,102,,6871,40,,,1,97,,6856,40,,,1,100,,6857,40,,,1,98,,6859,40,,,1,99,,6854,40,,,1,100,,6860,40,,,1,99,,6861,40,,,1,98,,6855,40,,,1,101,,6858,40,,,1
3104,'SEM',455,,6889,40,,,1,70,,1143,40,,,1,85,,6890,40,,,1,22,,6892,40,,,1,23,,6875,40,,,1,73,,6877,40,,,1,72,,6888,40,,,1,30,,6874,40,,,1,70,,6876,40,,,1,31,,6893,40,,,1,100,,6895,40,,,1,100,,6894,40,,,1,100,,6873,40,,,1,100,,6891,40,,,1,100,,6878,40,,,1,104,,6879,40,,,1,102,,6882,40,,,1,101,,6880,40,,,1,97,,6887,40,,,1,98,,6884,40,,,1,101,,6885,40,,,1,100,,6881,40,,,1,99,,6883,40,,,1,105,,6886,40,,,1
7304,'DIM',540,,4008,58,,,1,70,,3997,58,,,1,101,,9816,58,,,1,101,,9822,58,,,1,100,,9817,58,,,1,102,,9819,58,,,1,101,,9815,58,,,1,100,,9818,58,,,1,101,,9820,58,,,1,101,,9809,58,,,1,101,,9814,58,,,1,101,,9821,58,,,1,100,,9823,58,,,1,99,,9807,58,,,1,98,,9808,58,,,1,99,,9805,58,,,1,100,,9810,58,,,1,99,,9812,58,,,1,98,,9806,58,,,1,101,,9811,58,,,1,99,,9813,58,,,1
7304,'SAM',540,,9846,58,,,1,70,,9834,58,,,1,103,,9838,58,,,1,99,,9826,58,,,1,100,,9842,58,,,1,102,,9840,58,,,1,102,,9827,58,,,1,101,,9839,58,,,1,99,,9843,58,,,1,101,,9841,58,,,1,101,,9824,58,,,1,102,,9844,58,,,1,99,,9845,58,,,1,99,,9830,58,,,1,98,,9825,58,,,1,99,,9832,58,,,1,100,,9831,58,,,1,99,,9828,58,,,1,98,,9829,58,,,1,101,,9833,58,,,1,99,,9835,58,,,1,100,,9837,58,,,1,99,,9836,58,,,1
7304,'SEM',503,,9876,58,,,1,44,,9874,58,,,1,80,,9885,58,,,1,18,,9887,58,,,1,65,,9886,58,,,1,12,,9853,58,,,1,12,,9882,58,,,1,13,,9859,58,,,1,61,,9862,58,,,1,16,,9883,58,,,1,15,,9854,58,,,1,66,,9851,58,,,1,30,,9857,58,,,1,82,,9866,58,,,1,29,,9852,58,,,1,70,,9849,58,,,1,30,,9888,58,,,1,70,,9861,58,,,1,35,,9855,58,,,1,66,,9884,58,,,1,30,,9856,58,,,1,70,,9863,58,,,1,30,,9889,58,,,1,72,,9850,58,,,1,82,,9864,58,,,1,13,,9848,58,,,1,19,,9847,58,,,1,75,,9858,58,,,1,15,,9871,58,,,1,25,,9870,58,,,1,73,,9860,58,,,1,35,,9877,58,,,1,63,,9875,58,,,1,32,,9867,58,,,1,66,,9873,58,,,1,31,,9879,58,,,1,71,,9865,58,,,1,28,,9868,58,,,1,70,,9880,58,,,1,29,,9869,58,,,1,70,,9872,58,,,1,100,,9878,58,,,1,94,,9881,58,,,1
7402,'DIM',640,,9951,71,,,2,102,,9955,71,,,2,100,,9954,71,,,2,101,,9956,71,,,2,102,,9958,71,,,2,101,,9947,71,,,2,99,,9952,71,,,2,101,,9953,71,,,2,102,,9957,71,,,2,99,,9959,71,,,2,99,,9960,71,,,2,102,,9944,71,,,2,98,,9946,71,,,2,99,,9948,71,,,2,99,,9950,71,,,2,100,,9949,71,,,2,99,,9945,71,,,2
7402,'SAM',640,,9971,71,,,2,102,,9974,71,,,2,98,,9962,71,,,2,101,,9976,71,,,2,104,,9975,71,,,2,101,,9970,71,,,2,98,,9973,71,,,2,101,,9972,71,,,2,103,,9961,71,,,2,99,,9977,71,,,2,100,,9964,71,,,2,99,,9965,71,,,2,98,,9966,71,,,2,101,,9969,71,,,2,98,,9963,71,,,2,100,,9967,71,,,2,99,,9968,71,,,2
7402,'SEM',602,,9995,71,,,2,48,,9996,71,,,2,55,,9981,71,,,2,47,,9985,71,,,2,96,,9980,71,,,2,98,,9983,71,,,2,98,,9992,71,,,2,100,,9984,71,,,2,100,,9993,71,,,2,100,,9978,71,,,2,100,,9982,71,,,2,105,,9979,71,,,2,100,,9987,71,,,2,101,,9991,71,,,2,96,,9986,71,,,2,99,,9990,71,,,2,99,,9994,71,,,2,100,,9989,71,,,2,100,,9988,71,,,2
