1703,'DIM',625,,5836,15,,,1,84,,94,15,,,1,99,,5826,15,,,1,99,,5831,15,,,1,99,,5832,15,,,1,101,,5835,15,,,1,101,,5833,15,,,1,100,,5837,15,,,1,101,,5839,15,,,1,99,,5830,15,,,1,102,,5834,15,,,1,96,,5822,15,,,1,100,,5838,15,,,1,99,,5825,15,,,1,102,,5823,15,,,1,99,,5824,15,,,1,101,,5827,15,,,1,100,,89,15,,,1,102,,5829,15,,,1,120,,5828,15,,,1
1703,'SAM',541,,5851,15,,,1,84,,5843,15,,,1,84,,5850,15,,,1,98,,5856,15,,,1,100,,5853,15,,,1,100,,5854,15,,,1,102,,5852,15,,,1,99,,5858,15,,,1,100,,5849,15,,,1,101,,5855,15,,,1,99,,5859,15,,,1,102,,5857,15,,,1,97,,5860,15,,,1,99,,5840,15,,,1,98,,5841,15,,,1,101,,5842,15,,,1,99,,5848,15,,,1,103,,5846,15,,,1,100,,5847,15,,,1,103,,5844,15,,,1,121,,5845,15,,,1
1703,'SEM',556,,5881,15,,,1,152,,5863,15,,,1,103,,5869,15,,,1,96,,5868,15,,,1,99,,5884,15,,,1,100,,5871,15,,,1,100,,5867,15,,,1,100,,5864,15,,,1,99,,5865,15,,,1,97,,5870,15,,,1,38,,5872,15,,,1,62,,5866,15,,,1,35,,5861,15,,,1,67,,5877,15,,,1,33,,5862,15,,,1,77,,5874,15,,,1,29,,5873,15,,,1,68,,5879,15,,,1,100,,5875,15,,,1,99,,5876,15,,,1,100,,5880,15,,,1,100,,5878,15,,,1,92,,5883,15,,,1,109,,5882,15,,,1
2703,'DIM',903,,6673,15,,,2,100,,6668,15,,,2,55,,6669,15,,,2,144,,6671,15,,,2,101,,6667,15,,,2,100,,6665,15,,,2,56,,6666,15,,,2,148,,6670,15,,,2,98,,6672,15,,,2,100,,6658,15,,,2,100,,6657,15,,,2,98,,6663,15,,,2,100,,6661,15,,,2,100,,6662,15,,,2,102,,6659,15,,,2,100,,6660,15,,,2,100,,6664,15,,,2
2703,'SAM',703,,6687,15,,,2,100,,6684,15,,,2,56,,6689,15,,,2,144,,6691,15,,,2,55,,6683,15,,,2,144,,6674,15,,,2,56,,6685,15,,,2,145,,6688,15,,,2,107,,6686,15,,,2,95,,6690,15,,,2,100,,6692,15,,,2,100,,6677,15,,,2,100,,6680,15,,,2,98,,6676,15,,,2,100,,6678,15,,,2,99,,6675,15,,,2,103,,6681,15,,,2,100,,6679,15,,,2,100,,6682,15,,,2
2703,'SEM',821,,6693,15,,,2,81,,6696,15,,,2,98,,6713,15,,,2,100,,6712,15,,,2,58,,6698,15,,,2,94,,6705,15,,,2,100,,6701,15,,,2,101,,6695,15,,,2,80,,6697,15,,,2,81,,6700,15,,,2,15,,6703,15,,,2,29,,6706,15,,,2,70,,6694,15,,,2,24,,6699,15,,,2,104,,6708,15,,,2,90,,6711,15,,,2,108,,6704,15,,,2,100,,6702,15,,,2,99,,6707,15,,,2,101,,6709,15,,,2,95,,6710,15,,,2
3103,'DIM',639,,6784,17,,,1,99,,6783,17,,,1,99,,6788,17,,,1,99,,6791,17,,,1,99,,6792,17,,,1,101,,6789,17,,,1,100,,6785,17,,,1,102,,6787,17,,,1,101,,6775,17,,,1,96,,6786,17,,,1,101,,6790,17,,,1,101,,6779,17,,,1,98,,6777,17,,,1,100,,6778,17,,,1,102,,6776,17,,,1,100,,6782,17,,,1,100,,6781,17,,,1,100,,6780,17,,,1
3103,'SAM',639,,6805,17,,,1,100,,6808,17,,,1,98,,6806,17,,,1,98,,6809,17,,,1,98,,6811,17,,,1,101,,6793,17,,,1,102,,6803,17,,,1,101,,6807,17,,,1,100,,6804,17,,,1,102,,6810,17,,,1,97,,6796,17,,,1,101,,6797,17,,,1,99,,6800,17,,,1,99,,6794,17,,,1,100,,6801,17,,,1,102,,6802,17,,,1,102,,6795,17,,,1,97,,6799,17,,,1,98,,6798,17,,,1
3103,'SEM',634,,6834,17,,,1,101,,6813,17,,,1,101,,6831,17,,,1,99,,6833,17,,,1,100,,6832,17,,,1,100,,6812,17,,,1,100,,6830,17,,,1,100,,6815,17,,,1,100,,6816,17,,,1,98,,6820,17,,,1,23,,6822,17,,,1,75,,6817,17,,,1,20,,6814,17,,,1,81,,6827,17,,,1,69,,6829,17,,,1,30,,6823,17,,,1,73,,6819,17,,,1,36,,6825,17,,,1,102,,6818,17,,,1,99,,6821,17,,,1,102,,6826,17,,,1,97,,6824,17,,,1,110,,6828,17,,,1
3903,'DIM',835,,7134,14,,,1,100,,1387,24,,,1,16,,7125,24,,,1,74,,7128,24,,,1,28,,7133,24,,,1,72,,7122,24,,,1,31,,7132,24,,,1,71,,7121,24,,,1,29,,7114,24,,,1,75,,7124,24,,,1,25,,7123,24,,,1,68,,7127,24,,,1,27,,7130,24,,,1,77,,7129,24,,,1,30,,7117,24,,,1,69,,7126,24,,,1,30,,7131,24,,,1,66,,7119,24,,,1,10,,7112,24,,,1,24,,7118,24,,,1,65,,7111,24,,,1,99,,7116,24,,,1,100,,7120,24,,,1,98,,7113,24,,,1,104,,7115,24,,,1
3903,'SAM',835,,7158,14,,,1,100,,7150,24,,,1,16,,7154,24,,,1,74,,7151,24,,,1,30,,7147,24,,,1,70,,7153,24,,,1,31,,7155,24,,,1,68,,7146,24,,,1,32,,7145,24,,,1,74,,7148,24,,,1,27,,7135,24,,,1,71,,7136,24,,,1,25,,7152,24,,,1,75,,7139,24,,,1,30,,7156,24,,,1,69,,7140,24,,,1,30,,7142,24,,,1,66,,7149,24,,,1,11,,7143,24,,,1,23,,7157,24,,,1,65,,7141,24,,,1,101,,7144,24,,,1,98,,7137,24,,,1,98,,1409,24,,,1,104,,7138,24,,,1
3903,'SEM',731,,7163,24,,,1,102,,7169,24,,,1,101,,7168,24,,,1,70,,7164,24,,,1,28,,7183,24,,,1,70,,7162,24,,,1,30,,7186,24,,,1,71,,7184,24,,,1,30,,7185,24,,,1,70,,7161,24,,,1,31,,7167,24,,,1,73,,7159,24,,,1,32,,7165,24,,,1,16,,7172,24,,,1,68,,7173,24,,,1,14,,7174,24,,,1,65,,7179,24,,,1,16,,7160,24,,,1,26,,7166,24,,,1,69,,7181,24,,,1,33,,7171,24,,,1,74,,7170,24,,,1,38,,7178,24,,,1,99,,7180,24,,,1,144,,7176,24,,,1,99,,7175,24,,,1,59,,7177,24,,,1,78,,7182,24,,,1
4303,'DIM',638,,7751,15,,,1,101,,7752,15,,,1,100,,7753,15,,,1,100,,7744,15,,,1,106,,7745,15,,,1,103,,7754,15,,,1,99,,7757,15,,,1,102,,7755,15,,,1,97,,7758,15,,,1,100,,7756,15,,,1,102,,7739,15,,,1,105,,7743,15,,,1,93,,7750,15,,,1,100,,7747,15,,,1,100,,7741,15,,,1,99,,7740,15,,,1,100,,7742,15,,,1,94,,7746,15,,,1,99,,7749,15,,,1,100,,7748,15,,,1
4303,'SAM',638,,7765,15,,,1,101,,7766,15,,,1,100,,7770,15,,,1,105,,7773,15,,,1,103,,7776,15,,,1,101,,7774,15,,,1,100,,7759,15,,,1,104,,7775,15,,,1,97,,7772,15,,,1,97,,7771,15,,,1,101,,7778,15,,,1,100,,7777,15,,,1,103,,7760,15,,,1,96,,7762,15,,,1,100,,7761,15,,,1,99,,7768,15,,,1,100,,7764,15,,,1,94,,7763,15,,,1,99,,7769,15,,,1,100,,7767,15,,,1
4303,'SEM',640,,7784,15,,,1,101,,7798,15,,,1,82,,7782,15,,,1,102,,7789,15,,,1,30,,7781,15,,,1,70,,7779,15,,,1,30,,7806,15,,,1,70,,7793,15,,,1,30,,7783,15,,,1,70,,7804,15,,,1,30,,7805,15,,,1,70,,7787,15,,,1,30,,7790,15,,,1,71,,7786,15,,,1,30,,7780,15,,,1,70,,7791,15,,,1,25,,7785,15,,,1,70,,7796,15,,,1,25,,7792,15,,,1,70,,7795,15,,,1,30,,7788,15,,,1,70,,7794,15,,,1,99,,7803,15,,,1,100,,7799,15,,,1,104,,7801,15,,,1,99,,7797,15,,,1,108,,7802,15,,,1,110,,7800,15,,,1
7303,'DIM',654,,9733,15,,,1,99,,9728,15,,,1,99,,9730,15,,,1,99,,9727,15,,,1,101,,9729,15,,,1,99,,9731,15,,,1,102,,9720,15,,,1,99,,9726,15,,,1,100,,9732,15,,,1,100,,9734,15,,,1,101,,9718,15,,,1,100,,9719,15,,,1,97,,9716,15,,,1,102,,9721,15,,,1,100,,9724,15,,,1,100,,9717,15,,,1,100,,9722,15,,,1,101,,9725,15,,,1,106,,9723,15,,,1
7303,'SAM',558,,9749,15,,,1,96,,9736,15,,,1,99,,9753,15,,,1,99,,9751,15,,,1,99,,9738,15,,,1,101,,9750,15,,,1,100,,9754,15,,,1,100,,9752,15,,,1,101,,9735,15,,,1,100,,9755,15,,,1,100,,9756,15,,,1,100,,9741,15,,,1,100,,9737,15,,,1,98,,9743,15,,,1,101,,9742,15,,,1,100,,9739,15,,,1,100,,9740,15,,,1,100,,9744,15,,,1,102,,9745,15,,,1,105,,9747,15,,,1,142,,9746,15,,,1,58,,9748,15,,,1
7303,'SEM',547,,9801,15,,,1,65,,9798,15,,,1,37,,9799,15,,,1,8,,9767,15,,,1,77,,9763,15,,,1,23,,9770,15,,,1,81,,9772,15,,,1,14,,9780,15,,,1,69,,9762,15,,,1,30,,9760,15,,,1,70,,9802,15,,,1,30,,9774,15,,,1,70,,9768,15,,,1,30,,9800,15,,,1,69,,9769,15,,,1,30,,9777,15,,,1,70,,9803,15,,,1,30,,9761,15,,,1,70,,9778,15,,,1,27,,9758,15,,,1,72,,9771,15,,,1,30,,9804,15,,,1,60,,9757,15,,,1,17,,9785,15,,,1,18,,9773,15,,,1,13,,9759,15,,,1,54,,9764,15,,,1,14,,9766,15,,,1,14,,9765,15,,,1,14,,9788,15,,,1,53,,9775,15,,,1,17,,9781,15,,,1,14,,9776,15,,,1,19,,9787,15,,,1,74,,9791,15,,,1,26,,9779,15,,,1,73,,9782,15,,,1,28,,9794,15,,,1,71,,9784,15,,,1,30,,9786,15,,,1,67,,9783,15,,,1,33,,9790,15,,,1,70,,9795,15,,,1,30,,9797,15,,,1,75,,9789,15,,,1,70,,9792,15,,,1,27,,9793,15,,,1,122,,9796,15,,,1
7401,'DIM',724,,9897,15,,,2,98,,9898,15,,,2,100,,9904,15,,,2,99,,9902,15,,,2,101,,9899,15,,,2,100,,9900,15,,,2,102,,9901,15,,,2,100,,9905,15,,,2,100,,9903,15,,,2,99,,9906,15,,,2,100,,9890,15,,,2,98,,9894,15,,,2,100,,9896,15,,,2,101,,9895,15,,,2,101,,9893,15,,,2,99,,9891,15,,,2,100,,9892,15,,,2
7401,'SAM',725,,9917,15,,,2,99,,9915,15,,,2,100,,9920,15,,,2,99,,9923,15,,,2,100,,9918,15,,,2,100,,9921,15,,,2,99,,9916,15,,,2,102,,9922,15,,,2,100,,9919,15,,,2,101,,9909,15,,,2,98,,9907,15,,,2,100,,9913,15,,,2,100,,9914,15,,,2,101,,9912,15,,,2,101,,9908,15,,,2,97,,9910,15,,,2,100,,9911,15,,,2
7401,'SEM',626,,9941,15,,,2,96,,9942,15,,,2,100,,9928,15,,,2,105,,9930,15,,,2,97,,9927,15,,,2,100,,9940,15,,,2,101,,9943,15,,,2,100,,9926,15,,,2,100,,9924,15,,,2,100,,9931,15,,,2,91,,9925,15,,,2,102,,9934,15,,,2,28,,9929,15,,,2,80,,9938,15,,,2,98,,9932,15,,,2,100,,9936,15,,,2,100,,9935,15,,,2,97,,9933,15,,,2,103,,9937,15,,,2,98,,9939,15,,,2
