2401,'DIM',705,,6179,48,,,1,99,,444,48,,,1,105,,6178,48,,,1,103,,6175,48,,,1,101,,6181,48,,,1,30,,6177,48,,,1,70,,6184,48,,,1,30,,6183,48,,,1,66,,6186,48,,,1,37,,6187,48,,,1,64,,6180,48,,,1,36,,6166,48,,,1,64,,6188,48,,,1,32,,6182,48,,,1,72,,6167,48,,,1,32,,6185,48,,,1,74,,6170,48,,,1,24,,6189,48,,,1,70,,6168,48,,,1,99,,6171,48,,,1,99,,6172,48,,,1,100,,6169,48,,,1,97,,6176,48,,,1,98,,6173,48,,,1,93,,6174,48,,,1,59,,439,48,,,1
2401,'SAM',635,,6205,48,,,1,70,,6216,48,,,1,99,,6206,48,,,1,106,,6201,48,,,1,102,,6214,48,,,1,100,,6207,48,,,1,30,,6215,48,,,1,70,,6210,48,,,1,31,,6192,48,,,1,70,,6202,48,,,1,33,,6204,48,,,1,72,,6190,48,,,1,27,,6203,48,,,1,75,,6208,48,,,1,31,,6212,48,,,1,63,,6209,48,,,1,30,,6211,48,,,1,71,,6213,48,,,1,29,,6195,48,,,1,76,,6193,48,,,1,93,,6196,48,,,1,99,,6194,48,,,1,100,,6199,48,,,1,97,,6191,48,,,1,98,,6197,48,,,1,93,,6198,48,,,1,101,,6200,48,,,1
2401,'SEM',515,,6222,48,,,1,36,,6246,48,,,1,81,,6230,48,,,1,21,,6218,48,,,1,52,,6221,48,,,1,12,,6239,48,,,1,9,,6228,48,,,1,14,,6251,48,,,1,14,,6248,48,,,1,53,,6252,48,,,1,13,,6220,48,,,1,25,,6229,48,,,1,67,,6224,48,,,1,31,,6225,48,,,1,67,,6243,48,,,1,30,,6231,48,,,1,70,,6226,48,,,1,30,,6249,48,,,1,70,,6254,48,,,1,30,,6217,48,,,1,70,,6247,48,,,1,30,,6250,48,,,1,70,,6223,48,,,1,32,,6253,48,,,1,70,,6227,48,,,1,46,,6219,48,,,1,67,,6232,48,,,1,25,,6235,48,,,1,69,,6233,48,,,1,28,,6234,48,,,1,68,,6238,48,,,1,29,,6242,48,,,1,99,,6245,48,,,1,89,,6241,48,,,1,100,,6237,48,,,1,99,,6236,48,,,1,98,,6240,48,,,1,100,,6244,48,,,1
3304,'DIM',757,,6946,49,,,1,171,,6947,49,,,1,130,,6949,49,,,1,171,,6948,49,,,1,130,,6950,49,,,1,172,,6951,49,,,1,169,,6941,49,,,1,129,,6943,49,,,1,130,,6944,49,,,1,170,,6945,49,,,1,129,,6942,49,,,1
3304,'SAM',757,,1221,49,,,1,171,,1223,49,,,1,130,,6955,49,,,1,170,,6958,49,,,1,131,,6960,49,,,1,172,,6954,49,,,1,169,,6959,49,,,1,131,,6952,49,,,1,128,,6957,49,,,1,170,,6953,49,,,1,129,,6956,49,,,1
3304,'SEM',518,,6969,49,,,1,90,,6963,49,,,1,35,,6961,49,,,1,66,,6982,49,,,1,42,,6965,49,,,1,60,,6967,49,,,1,26,,6971,49,,,1,72,,6964,49,,,1,95,,6970,49,,,1,105,,6985,49,,,1,100,,6983,49,,,1,91,,6968,49,,,1,111,,6962,49,,,1,108,,6976,49,,,1,25,,6978,49,,,1,90,,6981,49,,,1,85,,6966,49,,,1,30,,6972,49,,,1,82,,6973,49,,,1,20,,6984,49,,,1,67,,6974,49,,,1,91,,6975,49,,,1,100,,6979,49,,,1,109,,6977,49,,,1,40,,6980,49,,,1
3704,'DIM',718,,7061,48,,,2,34,,7064,48,,,2,102,,7070,48,,,2,100,,7067,48,,,2,101,,7065,48,,,2,100,,7060,48,,,2,101,,7066,48,,,2,100,,7062,48,,,2,100,,7063,48,,,2,100,,7069,48,,,2,100,,7058,48,,,2,103,,7068,48,,,2,87,,7059,48,,,2
3704,'SAM',718,,7080,48,,,2,38,,7078,48,,,2,102,,7083,48,,,2,96,,7074,48,,,2,104,,7071,48,,,2,97,,7075,48,,,2,101,,7082,48,,,2,102,,7081,48,,,2,144,,7079,48,,,2,99,,7072,48,,,2,99,,7073,48,,,2,58,,7076,48,,,2,89,,7077,48,,,2
3704,'SEM',606,,7107,48,,,2,40,,7084,48,,,2,101,,7093,48,,,2,80,,7110,48,,,2,77,,7108,48,,,2,34,,7106,48,,,2,68,,7086,48,,,2,96,,7101,48,,,2,100,,7088,48,,,2,101,,7109,48,,,2,101,,7087,48,,,2,106,,7089,48,,,2,42,,7091,48,,,2,60,,7090,48,,,2,14,,7099,48,,,2,17,,7095,48,,,2,60,,7098,48,,,2,9,,7085,48,,,2,18,,7094,48,,,2,19,,7092,48,,,2,89,,7100,48,,,2,98,,7104,48,,,2,99,,7097,48,,,2,99,,7096,48,,,2,99,,7103,48,,,2,100,,7105,48,,,2,96,,7102,48,,,2
6304,'DIM',804,,9201,74,,,1,103,,9207,74,,,1,102,,9202,74,,,1,103,,9204,74,,,1,95,,9203,74,,,1,107,,9208,74,,,1,95,,9205,74,,,1,103,,9206,74,,,1,100,,9195,74,,,1,102,,9209,74,,,1,102,,9193,74,,,1,97,,9200,74,,,1,99,,9194,74,,,1,98,,9196,74,,,1,100,,9198,74,,,1,100,,9197,74,,,1,96,,9199,74,,,1
6304,'SAM',659,,9224,74,,,1,142,,9220,74,,,1,106,,9216,74,,,1,102,,9223,74,,,1,103,,9222,74,,,1,103,,9225,74,,,1,99,,9227,74,,,1,96,,9221,74,,,1,104,,9228,74,,,1,106,,9212,74,,,1,95,,9226,74,,,1,101,,9210,74,,,1,98,,9213,74,,,1,102,,9211,74,,,1,94,,9214,74,,,1,100,,9217,74,,,1,100,,9215,74,,,1,95,,9218,74,,,1,95,,9219,74,,,1
6304,'SEM',521,,9260,74,,,1,115,,9258,74,,,1,23,,9261,74,,,1,82,,9238,74,,,1,11,,9241,74,,,1,74,,9245,74,,,1,26,,9229,74,,,1,57,,9263,74,,,1,26,,9234,74,,,1,69,,9243,74,,,1,30,,9244,74,,,1,70,,9231,74,,,1,24,,9230,74,,,1,30,,9259,74,,,1,71,,9236,74,,,1,71,,9237,74,,,1,33,,9242,74,,,1,70,,9262,74,,,1,31,,9232,74,,,1,71,,9233,74,,,1,34,,9235,74,,,1,79,,9239,74,,,1,6,,9249,74,,,1,31,,9240,74,,,1,61,,9246,74,,,1,33,,9252,74,,,1,53,,9251,74,,,1,28,,9255,74,,,1,71,,9257,74,,,1,37,,9250,74,,,1,93,,9254,74,,,1,78,,9256,74,,,1,49,,9247,74,,,1,97,,9248,74,,,1,93,,9253,74,,,1
