1703,'DIM',634,,5836,32,,,1,84,,94,32,,,1,99,,5826,32,,,1,101,,5831,32,,,1,99,,5832,32,,,1,102,,5835,32,,,1,101,,5833,32,,,1,100,,5837,32,,,1,101,,5839,32,,,1,99,,5830,32,,,1,102,,5834,32,,,1,96,,5822,32,,,1,99,,5838,32,,,1,99,,5825,32,,,1,101,,5823,32,,,1,99,,5824,32,,,1,100,,5827,32,,,1,100,,89,32,,,1,102,,5829,32,,,1,119,,5828,32,,,1
1703,'SAM',550,,5851,32,,,1,84,,5843,32,,,1,84,,5850,32,,,1,98,,5856,32,,,1,102,,5853,32,,,1,100,,5854,32,,,1,103,,5852,32,,,1,99,,5858,32,,,1,100,,5849,32,,,1,101,,5855,32,,,1,99,,5859,32,,,1,102,,5857,32,,,1,97,,5860,32,,,1,98,,5840,32,,,1,98,,5841,32,,,1,100,,5842,32,,,1,99,,5848,32,,,1,102,,5846,32,,,1,100,,5847,32,,,1,103,,5844,32,,,1,120,,5845,32,,,1
1703,'SEM',605,,5881,32,,,1,114,,5863,32,,,1,103,,5869,32,,,1,96,,5868,32,,,1,99,,5884,32,,,1,101,,5871,32,,,1,101,,5867,32,,,1,100,,5864,32,,,1,99,,5865,32,,,1,97,,5870,32,,,1,38,,5872,32,,,1,64,,5866,32,,,1,36,,5861,32,,,1,66,,5877,32,,,1,32,,5862,32,,,1,75,,5874,32,,,1,29,,5873,32,,,1,68,,5879,32,,,1,98,,5875,32,,,1,99,,5876,32,,,1,99,,5880,32,,,1,100,,5878,32,,,1,92,,5883,32,,,1,108,,5882,32,,,1
3103,'DIM',648,,6784,34,,,1,99,,6783,34,,,1,100,,6788,34,,,1,101,,6791,34,,,1,99,,6792,34,,,1,101,,6789,34,,,1,100,,6785,34,,,1,102,,6787,34,,,1,101,,6775,34,,,1,96,,6786,34,,,1,101,,6790,34,,,1,101,,6779,34,,,1,98,,6777,34,,,1,98,,6778,34,,,1,102,,6776,34,,,1,99,,6782,34,,,1,100,,6781,34,,,1,100,,6780,34,,,1
3103,'SAM',648,,6805,34,,,1,100,,6808,34,,,1,99,,6806,34,,,1,100,,6809,34,,,1,98,,6811,34,,,1,101,,6793,34,,,1,102,,6803,34,,,1,101,,6807,34,,,1,100,,6804,34,,,1,102,,6810,34,,,1,97,,6796,34,,,1,101,,6797,34,,,1,99,,6800,34,,,1,97,,6794,34,,,1,100,,6801,34,,,1,101,,6802,34,,,1,102,,6795,34,,,1,97,,6799,34,,,1,98,,6798,34,,,1
3103,'SEM',645,,6834,34,,,1,101,,6813,34,,,1,101,,6831,34,,,1,99,,6833,34,,,1,100,,6832,34,,,1,101,,6812,34,,,1,101,,6830,34,,,1,100,,6815,34,,,1,100,,6816,34,,,1,99,,6820,34,,,1,63,,6822,34,,,1,37,,6817,34,,,1,60,,6814,34,,,1,39,,6827,34,,,1,68,,6829,34,,,1,30,,6823,34,,,1,72,,6819,34,,,1,36,,6825,34,,,1,101,,6818,34,,,1,99,,6821,34,,,1,101,,6826,34,,,1,96,,6824,34,,,1,110,,6828,34,,,1
3903,'DIM',852,,7134,45,,,1,100,,1387,55,,,1,56,,7125,55,,,1,34,,7128,55,,,1,68,,7133,55,,,1,32,,7122,55,,,1,71,,7132,55,,,1,31,,7121,55,,,1,69,,7114,55,,,1,35,,7124,55,,,1,65,,7123,55,,,1,28,,7127,55,,,1,67,,7130,55,,,1,37,,7129,55,,,1,70,,7117,55,,,1,29,,7126,55,,,1,70,,7131,55,,,1,26,,7119,55,,,1,10,,7112,55,,,1,64,,7118,55,,,1,25,,7111,55,,,1,99,,7116,55,,,1,99,,7120,55,,,1,98,,7113,55,,,1,104,,7115,55,,,1
3903,'SAM',852,,7158,45,,,1,100,,7150,55,,,1,56,,7154,55,,,1,34,,7151,55,,,1,70,,7147,55,,,1,30,,7153,55,,,1,71,,7155,55,,,1,28,,7146,55,,,1,72,,7145,55,,,1,34,,7148,55,,,1,67,,7135,55,,,1,31,,7136,55,,,1,65,,7152,55,,,1,35,,7139,55,,,1,70,,7156,55,,,1,29,,7140,55,,,1,70,,7142,55,,,1,26,,7149,55,,,1,11,,7143,55,,,1,63,,7157,55,,,1,25,,7141,55,,,1,101,,7144,55,,,1,97,,7137,55,,,1,98,,1409,55,,,1,104,,7138,55,,,1
3903,'SEM',749,,7163,55,,,1,103,,7169,55,,,1,100,,7168,55,,,1,70,,7164,55,,,1,28,,7183,55,,,1,70,,7162,55,,,1,30,,7186,55,,,1,71,,7184,55,,,1,30,,7185,55,,,1,71,,7161,55,,,1,31,,7167,55,,,1,73,,7159,55,,,1,32,,7165,55,,,1,56,,7172,55,,,1,31,,7173,55,,,1,14,,7174,55,,,1,65,,7179,55,,,1,16,,7160,55,,,1,66,,7166,55,,,1,29,,7181,55,,,1,72,,7171,55,,,1,33,,7170,55,,,1,77,,7178,55,,,1,97,,7180,55,,,1,104,,7176,55,,,1,99,,7175,55,,,1,98,,7177,55,,,1,36,,7182,55,,,1
7303,'DIM',703,,9733,32,,,1,99,,9728,32,,,1,102,,9730,32,,,1,99,,9727,32,,,1,101,,9729,32,,,1,99,,9731,32,,,1,102,,9720,32,,,1,99,,9726,32,,,1,100,,9732,32,,,1,100,,9734,32,,,1,101,,9718,32,,,1,100,,9719,32,,,1,97,,9716,32,,,1,100,,9721,32,,,1,100,,9724,32,,,1,100,,9717,32,,,1,99,,9722,32,,,1,101,,9725,32,,,1,106,,9723,32,,,1
7303,'SAM',607,,9749,32,,,1,96,,9736,32,,,1,99,,9753,32,,,1,102,,9751,32,,,1,99,,9738,32,,,1,101,,9750,32,,,1,100,,9754,32,,,1,100,,9752,32,,,1,101,,9735,32,,,1,100,,9755,32,,,1,100,,9756,32,,,1,100,,9741,32,,,1,100,,9737,32,,,1,98,,9743,32,,,1,99,,9742,32,,,1,100,,9739,32,,,1,100,,9740,32,,,1,99,,9744,32,,,1,102,,9745,32,,,1,105,,9747,32,,,1,102,,9746,32,,,1,98,,9748,32,,,1
7303,'SEM',557,,9801,32,,,1,65,,9798,32,,,1,79,,9799,32,,,1,8,,9767,32,,,1,37,,9763,32,,,1,63,,9770,32,,,1,41,,9772,32,,,1,54,,9780,32,,,1,29,,9762,32,,,1,70,,9760,32,,,1,30,,9802,32,,,1,70,,9774,32,,,1,30,,9768,32,,,1,70,,9800,32,,,1,30,,9769,32,,,1,70,,9777,32,,,1,30,,9803,32,,,1,70,,9761,32,,,1,30,,9778,32,,,1,68,,9758,32,,,1,32,,9771,32,,,1,70,,9804,32,,,1,21,,9757,32,,,1,17,,9785,32,,,1,18,,9773,32,,,1,53,,9759,32,,,1,13,,9764,32,,,1,14,,9766,32,,,1,14,,9765,32,,,1,52,,9788,32,,,1,13,,9775,32,,,1,17,,9781,32,,,1,14,,9776,32,,,1,59,,9787,32,,,1,34,,9791,32,,,1,66,,9779,32,,,1,33,,9782,32,,,1,68,,9794,32,,,1,29,,9784,32,,,1,70,,9786,32,,,1,27,,9783,32,,,1,73,,9790,32,,,1,30,,9795,32,,,1,70,,9797,32,,,1,35,,9789,32,,,1,70,,9792,32,,,1,27,,9793,32,,,1,162,,9796,32,,,1
7401,'DIM',733,,9897,32,,,2,99,,9898,32,,,2,101,,9904,32,,,2,100,,9902,32,,,2,101,,9899,32,,,2,100,,9900,32,,,2,102,,9901,32,,,2,100,,9905,32,,,2,100,,9903,32,,,2,98,,9906,32,,,2,100,,9890,32,,,2,98,,9894,32,,,2,100,,9896,32,,,2,101,,9895,32,,,2,101,,9893,32,,,2,98,,9891,32,,,2,99,,9892,32,,,2
7401,'SAM',734,,9917,32,,,2,100,,9915,32,,,2,101,,9920,32,,,2,100,,9923,32,,,2,100,,9918,32,,,2,100,,9921,32,,,2,99,,9916,32,,,2,102,,9922,32,,,2,100,,9919,32,,,2,100,,9909,32,,,2,98,,9907,32,,,2,100,,9913,32,,,2,100,,9914,32,,,2,101,,9912,32,,,2,101,,9908,32,,,2,96,,9910,32,,,2,99,,9911,32,,,2
7401,'SEM',635,,9941,32,,,2,98,,9942,32,,,2,100,,9928,32,,,2,105,,9930,32,,,2,97,,9927,32,,,2,100,,9940,32,,,2,102,,9943,32,,,2,101,,9926,32,,,2,100,,9924,32,,,2,100,,9931,32,,,2,93,,9925,32,,,2,101,,9934,32,,,2,27,,9929,32,,,2,79,,9938,32,,,2,98,,9932,32,,,2,98,,9936,32,,,2,99,,9935,32,,,2,97,,9933,32,,,2,103,,9937,32,,,2,98,,9939,32,,,2
