2201,'DIM',642,,6066,34,,,2,100,,6067,34,,,2,104,,6064,34,,,2,100,,6071,34,,,2,100,,6062,34,,,2,101,,6069,34,,,2,99,,6065,34,,,2,103,,6070,34,,,2,95,,6068,34,,,2,97,,6073,34,,,2,104,,6059,34,,,2,103,,6072,34,,,2,98,,6063,34,,,2,101,,6061,34,,,2,100,,6058,34,,,2,100,,6060,34,,,2
2201,'SAM',643,,6085,34,,,2,101,,6076,34,,,2,100,,6086,34,,,2,103,,6087,34,,,2,100,,6088,34,,,2,98,,6089,34,,,2,100,,6090,34,,,2,104,,6075,34,,,2,95,,6078,34,,,2,99,,6074,34,,,2,102,,6079,34,,,2,101,,6081,34,,,2,100,,6084,34,,,2,102,,6077,34,,,2,100,,6082,34,,,2,98,,6080,34,,,2,101,,6083,34,,,2
2201,'SEM',635,,6110,34,,,2,72,,6109,34,,,2,28,,6092,34,,,2,95,,6096,34,,,2,80,,6098,34,,,2,35,,6093,34,,,2,98,,6097,34,,,2,100,,6104,34,,,2,100,,6099,34,,,2,100,,6091,34,,,2,95,,6094,34,,,2,106,,6095,34,,,2,102,,6106,34,,,2,100,,6101,34,,,2,100,,6102,34,,,2,97,,6108,34,,,2,100,,6100,34,,,2,100,,6103,34,,,2,100,,6107,34,,,2,101,,6105,34,,,2
5801,'DIM',543,,8777,49,,,2,101,,8769,49,,,2,91,,2987,49,,,2,102,,8767,49,,,2,100,,8768,49,,,2,99,,8773,49,,,2,100,,8770,49,,,2,101,,8766,49,,,2,100,,8771,49,,,2,100,,8775,49,,,2,98,,8772,49,,,2,109,,8776,49,,,2,94,,8760,49,,,2,102,,8774,49,,,2,97,,8765,49,,,2,100,,8762,49,,,2,99,,8764,49,,,2,100,,8761,49,,,2,99,,8759,49,,,2,109,,8763,49,,,2
5801,'SAM',548,,8794,49,,,2,96,,8790,49,,,2,94,,8792,49,,,2,99,,8795,49,,,2,100,,8780,49,,,2,99,,8782,49,,,2,103,,8793,49,,,2,98,,8785,49,,,2,105,,8791,49,,,2,94,,8778,49,,,2,111,,8779,49,,,2,99,,8797,49,,,2,100,,8796,49,,,2,88,,8787,49,,,2,107,,8784,49,,,2,96,,8781,49,,,2,99,,8783,49,,,2,100,,8788,49,,,2,99,,8789,49,,,2,109,,8786,49,,,2
5801,'SEM',531,,8802,49,,,2,69,,8824,49,,,2,43,,8822,49,,,2,72,,8826,31,,,2,10,,8798,49,,,2,89,,8799,49,,,2,43,,8808,49,,,2,100,,8807,49,,,2,100,,8821,49,,,2,100,,8803,49,,,2,100,,8823,49,,,2,100,,8805,49,,,2,82,,8804,49,,,2,87,,8825,49,,,2,31,,8811,49,,,2,72,,8809,49,,,2,20,,8806,49,,,2,59,,8801,49,,,2,20,,8812,49,,,2,20,,8816,49,,,2,55,,8800,49,,,2,24,,8819,49,,,2,19,,8813,49,,,2,69,,8810,49,,,2,99,,8818,49,,,2,100,,8814,49,,,2,101,,8817,49,,,2,105,,8815,49,,,2,99,,8820,49,,,2
22201,'DIM',1412,,10688,34,,,2,815,,10686,34,,,2,84,,10687,34,,,2
22201,'SAM',1413,,10693,34,,,2,814,,10692,34,,,2,82,,10691,34,,,2,102,,10689,34,,,2,112,,10690,34,,,2
22201,'SEM',715,,10695,34,,,2,10,,10694,34,,,2,683,,10699,34,,,2,105,,10700,34,,,2,101,,10698,34,,,2,102,,10697,34,,,2,90,,10696,34,,,2,622,,10701,34,,,2
32201,'DIM',524,,10832,35,,,2,798,,10834,34,,,2,802,,10833,34,,,2
32201,'SAM',524,,10835,35,,,2,798,,10836,34,,,2
32201,'SEM',525,,10837,35,,,2,18,,10838,35,,,2,69,,10839,35,,,2,711,,10841,34,,,2,798,,10840,34,,,2
