202,'SAM',2618,,5749,5,,,1,41,,9,5,,,1
202,'SEM',520,,5750,5,,,1,25,,5754,5,,,1,56,,10,5,,,1,2000,,5751,5,,,1,40,,5752,5,,,1,80,,5753,5,,,1
1703,'DIM',617,,5836,3,,,1,84,,94,3,,,1,99,,5826,3,,,1,59,,5831,3,,,1,99,,5832,3,,,1,101,,5835,3,,,1,141,,5833,3,,,1,100,,5837,3,,,1,100,,5839,3,,,1,59,,5830,3,,,1,142,,5834,3,,,1,56,,5822,3,,,1,100,,5838,3,,,1,100,,5825,3,,,1,102,,5823,3,,,1,99,,5824,3,,,1,101,,5827,3,,,1,100,,89,3,,,1,142,,5829,3,,,1,120,,5828,3,,,1
1703,'SAM',534,,5851,3,,,1,83,,5843,3,,,1,84,,5850,3,,,1,58,,5856,3,,,1,100,,5853,3,,,1,100,,5854,3,,,1,142,,5852,3,,,1,99,,5858,3,,,1,100,,5849,3,,,1,100,,5855,3,,,1,59,,5859,3,,,1,142,,5857,3,,,1,57,,5860,3,,,1,99,,5840,3,,,1,99,,5841,3,,,1,101,,5842,3,,,1,99,,5848,3,,,1,103,,5846,3,,,1,100,,5847,3,,,1,143,,5844,3,,,1,121,,5845,3,,,1
1703,'SEM',548,,5881,3,,,1,152,,5863,3,,,1,102,,5869,3,,,1,56,,5868,3,,,1,99,,5884,3,,,1,100,,5871,3,,,1,100,,5867,3,,,1,100,,5864,3,,,1,99,,5865,3,,,1,96,,5870,3,,,1,77,,5872,3,,,1,22,,5866,3,,,1,75,,5861,3,,,1,27,,5877,3,,,1,75,,5862,3,,,1,77,,5874,3,,,1,29,,5873,3,,,1,68,,5879,3,,,1,100,,5875,3,,,1,100,,5876,3,,,1,100,,5880,3,,,1,100,,5878,3,,,1,52,,5883,3,,,1,150,,5882,3,,,1
2201,'DIM',626,,6066,3,,,2,100,,6067,3,,,2,104,,6064,3,,,2,99,,6071,3,,,2,100,,6062,3,,,2,101,,6069,3,,,2,99,,6065,3,,,2,103,,6070,3,,,2,95,,6068,3,,,2,97,,6073,3,,,2,104,,6059,3,,,2,103,,6072,3,,,2,98,,6063,3,,,2,101,,6061,3,,,2,100,,6058,3,,,2,101,,6060,3,,,2
2201,'SAM',627,,6085,3,,,2,101,,6076,3,,,2,100,,6086,3,,,2,102,,6087,3,,,2,100,,6088,3,,,2,98,,6089,3,,,2,100,,6090,3,,,2,104,,6075,3,,,2,95,,6078,3,,,2,99,,6074,3,,,2,102,,6079,3,,,2,101,,6081,3,,,2,100,,6084,3,,,2,102,,6077,3,,,2,100,,6082,3,,,2,99,,6080,3,,,2,101,,6083,3,,,2
2201,'SEM',619,,6110,3,,,2,32,,6109,3,,,2,68,,6092,3,,,2,95,,6096,3,,,2,40,,6098,3,,,2,75,,6093,3,,,2,98,,6097,3,,,2,100,,6104,3,,,2,100,,6099,3,,,2,100,,6091,3,,,2,95,,6094,3,,,2,106,,6095,3,,,2,100,,6106,3,,,2,100,,6101,3,,,2,100,,6102,3,,,2,99,,6108,3,,,2,100,,6100,3,,,2,100,,6103,3,,,2,100,,6107,3,,,2,101,,6105,3,,,2
2703,'DIM',855,,6673,3,,,2,100,,6668,3,,,2,95,,6669,3,,,2,104,,6671,3,,,2,101,,6667,3,,,2,100,,6665,3,,,2,96,,6666,3,,,2,108,,6670,3,,,2,98,,6672,3,,,2,100,,6658,3,,,2,100,,6657,3,,,2,98,,6663,3,,,2,100,,6661,3,,,2,100,,6662,3,,,2,102,,6659,3,,,2,100,,6660,3,,,2,100,,6664,3,,,2
2703,'SAM',655,,6687,3,,,2,100,,6684,3,,,2,96,,6689,3,,,2,104,,6691,3,,,2,95,,6683,3,,,2,104,,6674,3,,,2,96,,6685,3,,,2,105,,6688,3,,,2,147,,6686,3,,,2,55,,6690,3,,,2,100,,6692,3,,,2,100,,6677,3,,,2,100,,6680,3,,,2,98,,6676,3,,,2,100,,6678,3,,,2,99,,6675,3,,,2,103,,6681,3,,,2,100,,6679,3,,,2,100,,6682,3,,,2
2703,'SEM',812,,6693,3,,,2,41,,6696,3,,,2,99,,6713,3,,,2,100,,6712,3,,,2,98,,6698,3,,,2,94,,6705,3,,,2,100,,6701,3,,,2,100,,6695,3,,,2,80,,6697,3,,,2,80,,6700,3,,,2,15,,6703,3,,,2,30,,6706,3,,,2,70,,6694,3,,,2,24,,6699,3,,,2,105,,6708,3,,,2,91,,6711,3,,,2,108,,6704,3,,,2,100,,6702,3,,,2,99,,6707,3,,,2,101,,6709,3,,,2,95,,6710,3,,,2
3103,'DIM',631,,6784,5,,,1,99,,6783,5,,,1,99,,6788,5,,,1,99,,6791,5,,,1,99,,6792,5,,,1,101,,6789,5,,,1,100,,6785,5,,,1,101,,6787,5,,,1,101,,6775,5,,,1,96,,6786,5,,,1,101,,6790,5,,,1,102,,6779,5,,,1,98,,6777,5,,,1,100,,6778,5,,,1,102,,6776,5,,,1,100,,6782,5,,,1,100,,6781,5,,,1,100,,6780,5,,,1
3103,'SAM',631,,6805,5,,,1,100,,6808,5,,,1,98,,6806,5,,,1,98,,6809,5,,,1,98,,6811,5,,,1,101,,6793,5,,,1,102,,6803,5,,,1,100,,6807,5,,,1,100,,6804,5,,,1,102,,6810,5,,,1,97,,6796,5,,,1,102,,6797,5,,,1,99,,6800,5,,,1,99,,6794,5,,,1,100,,6801,5,,,1,102,,6802,5,,,1,102,,6795,5,,,1,97,,6799,5,,,1,98,,6798,5,,,1
3103,'SEM',626,,6834,5,,,1,100,,6813,5,,,1,101,,6831,5,,,1,100,,6833,5,,,1,100,,6832,5,,,1,100,,6812,5,,,1,99,,6830,5,,,1,100,,6815,5,,,1,100,,6816,5,,,1,96,,6820,5,,,1,23,,6822,5,,,1,74,,6817,5,,,1,20,,6814,5,,,1,82,,6827,5,,,1,30,,6829,5,,,1,71,,6823,5,,,1,33,,6819,5,,,1,77,,6825,5,,,1,102,,6818,5,,,1,99,,6821,5,,,1,102,,6826,5,,,1,97,,6824,5,,,1,110,,6828,5,,,1
4303,'DIM',632,,7751,3,,,1,100,,7752,3,,,1,100,,7753,3,,,1,100,,7744,3,,,1,105,,7745,3,,,1,103,,7754,3,,,1,99,,7757,3,,,1,101,,7755,3,,,1,97,,7758,3,,,1,100,,7756,3,,,1,102,,7739,3,,,1,105,,7743,3,,,1,94,,7750,3,,,1,100,,7747,3,,,1,100,,7741,3,,,1,100,,7740,3,,,1,100,,7742,3,,,1,94,,7746,3,,,1,100,,7749,3,,,1,100,,7748,3,,,1
4303,'SAM',632,,7765,3,,,1,100,,7766,3,,,1,100,,7770,3,,,1,105,,7773,3,,,1,102,,7776,3,,,1,101,,7774,3,,,1,100,,7759,3,,,1,103,,7775,3,,,1,97,,7772,3,,,1,97,,7771,3,,,1,101,,7778,3,,,1,100,,7777,3,,,1,104,,7760,3,,,1,96,,7762,3,,,1,100,,7761,3,,,1,100,,7768,3,,,1,100,,7764,3,,,1,94,,7763,3,,,1,100,,7769,3,,,1,100,,7767,3,,,1
4303,'SEM',633,,7784,3,,,1,100,,7798,3,,,1,82,,7782,3,,,1,103,,7789,3,,,1,30,,7781,3,,,1,70,,7779,3,,,1,29,,7806,3,,,1,70,,7793,3,,,1,30,,7783,3,,,1,70,,7804,3,,,1,30,,7805,3,,,1,70,,7787,3,,,1,30,,7790,3,,,1,70,,7786,3,,,1,30,,7780,3,,,1,70,,7791,3,,,1,25,,7785,3,,,1,70,,7796,3,,,1,25,,7792,3,,,1,70,,7795,3,,,1,30,,7788,3,,,1,70,,7794,3,,,1,100,,7803,3,,,1,100,,7799,3,,,1,105,,7801,3,,,1,100,,7797,3,,,1,108,,7802,3,,,1,110,,7800,3,,,1
4803,'DIM',701,,8156,3,,,1,102,,8152,3,,,1,102,,8157,3,,,1,100,,8155,3,,,1,99,,8158,3,,,1,102,,8161,3,,,1,96,,8153,3,,,1,104,,8159,3,,,1,100,,8154,3,,,1,99,,8160,3,,,1,102,,8149,3,,,1,100,,8162,3,,,1,100,,8146,3,,,1,100,,8144,3,,,1,100,,8150,3,,,1,100,,8145,3,,,1,100,,8148,3,,,1,30,,8147,3,,,1,121,,8151,3,,,1
4803,'SAM',603,,8179,3,,,1,99,,8175,3,,,1,101,,8163,3,,,1,102,,8176,3,,,1,100,,8181,3,,,1,100,,8180,3,,,1,95,,8182,3,,,1,106,,8177,3,,,1,100,,8178,3,,,1,100,,8174,3,,,1,99,,8164,3,,,1,102,,8167,3,,,1,100,,8165,3,,,1,100,,8172,3,,,1,100,,8170,3,,,1,100,,8166,3,,,1,100,,8168,3,,,1,100,,8169,3,,,1,30,,8171,3,,,1,121,,8173,3,,,1
4803,'SEM',528,,8185,3,,,1,28,,8199,3,,,1,60,,8203,3,,,1,38,,8209,3,,,1,73,,8186,3,,,1,30,,8189,3,,,1,61,,8188,3,,,1,33,,8198,3,,,1,75,,8212,3,,,1,105,,8207,3,,,1,100,,8208,3,,,1,100,,8211,3,,,1,93,,8210,3,,,1,80,,8193,3,,,1,30,,8187,3,,,1,75,,8184,3,,,1,31,,8191,3,,,1,65,,8194,3,,,1,29,,8190,3,,,1,72,,8183,3,,,1,29,,8192,3,,,1,71,,8195,3,,,1,49,,8201,3,,,1,145,,8200,3,,,1,100,,8197,3,,,1,100,,8196,3,,,1,100,,8205,3,,,1,54,,8202,3,,,1,91,,8204,3,,,1,79,,8206,3,,,1
5801,'DIM',522,,8777,3,,,2,100,,8769,3,,,2,90,,2987,3,,,2,100,,8767,3,,,2,100,,8768,3,,,2,99,,8773,3,,,2,100,,8770,3,,,2,101,,8766,3,,,2,100,,8771,3,,,2,100,,8775,3,,,2,98,,8772,3,,,2,109,,8776,3,,,2,94,,8760,3,,,2,102,,8774,3,,,2,97,,8765,3,,,2,100,,8762,3,,,2,100,,8764,3,,,2,100,,8761,3,,,2,100,,8759,3,,,2,109,,8763,3,,,2
5801,'SAM',527,,8794,3,,,2,95,,8790,3,,,2,93,,8792,3,,,2,97,,8795,3,,,2,100,,8780,3,,,2,99,,8782,3,,,2,103,,8793,3,,,2,98,,8785,3,,,2,105,,8791,3,,,2,94,,8778,3,,,2,111,,8779,3,,,2,99,,8797,3,,,2,100,,8796,3,,,2,88,,8787,3,,,2,107,,8784,3,,,2,96,,8781,3,,,2,100,,8783,3,,,2,100,,8788,3,,,2,100,,8789,3,,,2,109,,8786,3,,,2
5801,'SEM',509,,8802,3,,,2,28,,8824,3,,,2,82,,8822,3,,,2,38,,8798,3,,,2,91,,8799,3,,,2,84,,8808,3,,,2,100,,8807,3,,,2,100,,8821,3,,,2,100,,8803,3,,,2,100,,8823,3,,,2,100,,8805,3,,,2,80,,8804,3,,,2,47,,8825,3,,,2,71,,8811,3,,,2,71,,8809,3,,,2,20,,8806,3,,,2,19,,8801,3,,,2,60,,8812,3,,,2,20,,8816,3,,,2,15,,8800,3,,,2,65,,8819,3,,,2,19,,8813,3,,,2,30,,8810,3,,,2,100,,8818,3,,,2,100,,8814,3,,,2,102,,8817,3,,,2,105,,8815,3,,,2,100,,8820,3,,,2
6002,'DIM',652,,8943,3,,,1,98,,8952,3,,,1,100,,8951,3,,,1,101,,8955,3,,,1,100,,8953,3,,,1,100,,8957,3,,,1,100,,8954,3,,,1,100,,8956,3,,,1,100,,8958,3,,,1,99,,8942,3,,,1,100,,8959,3,,,1,100,,8949,3,,,1,100,,8945,3,,,1,101,,8944,3,,,1,100,,8947,3,,,1,100,,8946,3,,,1,100,,8948,3,,,1,100,,8950,3,,,1
6002,'SAM',652,,8973,3,,,1,98,,8972,3,,,1,94,,8975,3,,,1,107,,8971,3,,,1,100,,8969,3,,,1,100,,8977,3,,,1,100,,8976,3,,,1,97,,8970,3,,,1,103,,8974,3,,,1,99,,8961,3,,,1,100,,8965,3,,,1,100,,8966,3,,,1,100,,8960,3,,,1,101,,8964,3,,,1,100,,8962,3,,,1,100,,8968,3,,,1,100,,8967,3,,,1,100,,8963,3,,,1
6002,'SEM',626,,8978,3,,,1,116,,8994,3,,,1,82,,8993,3,,,1,102,,8981,3,,,1,96,,8980,3,,,1,100,,8982,3,,,1,100,,8996,3,,,1,100,,8995,3,,,1,96,,8983,3,,,1,104,,8979,3,,,1,101,,8984,3,,,1,100,,8990,3,,,1,101,,8986,3,,,1,98,,8989,3,,,1,100,,8992,3,,,1,100,,8985,3,,,1,100,,8988,3,,,1,90,,8987,3,,,1,100,,8991,3,,,1
7002,'DIM',656,,3827,3,,,1,100,,9644,3,,,1,100,,9645,3,,,1,100,,9642,3,,,1,67,,9640,3,,,1,33,,9631,3,,,1,72,,9652,3,,,1,29,,9641,3,,,1,67,,9637,3,,,1,33,,9639,3,,,1,70,,9648,3,,,1,30,,9646,3,,,1,70,,9647,3,,,1,30,,9635,3,,,1,71,,9643,3,,,1,24,,9649,3,,,1,78,,9632,3,,,1,74,,9651,3,,,1,34,,9630,3,,,1,74,,9650,3,,,1,95,,9653,3,,,1,95,,9633,3,,,1,55,,9629,3,,,1,100,,9636,3,,,1,100,,9634,3,,,1,143,,9638,3,,,1
7002,'SAM',656,,9673,3,,,1,96,,9671,3,,,1,99,,9676,3,,,1,99,,9675,3,,,1,75,,9669,3,,,1,31,,9672,3,,,1,72,,9668,3,,,1,29,,9661,3,,,1,72,,9674,3,,,1,27,,9666,3,,,1,75,,9679,3,,,1,26,,9657,3,,,1,76,,9667,3,,,1,69,,9678,3,,,1,23,,9670,3,,,1,32,,9681,3,,,1,69,,9680,3,,,1,32,,9677,3,,,1,82,,9656,3,,,1,72,,9663,3,,,1,95,,9665,3,,,1,50,,9664,3,,,1,98,,9658,3,,,1,101,,9659,3,,,1,101,,9660,3,,,1,101,,9662,3,,,1
7002,'SEM',528,,9703,3,,,1,97,,9688,3,,,1,25,,9709,3,,,1,71,,9715,3,,,1,33,,9687,3,,,1,72,,9689,3,,,1,31,,9713,3,,,1,70,,9712,3,,,1,30,,9685,3,,,1,70,,9702,3,,,1,30,,9710,3,,,1,70,,9684,3,,,1,30,,9711,3,,,1,71,,9704,3,,,1,30,,9714,3,,,1,80,,9686,3,,,1,20,,9683,3,,,1,67,,9691,3,,,1,31,,9695,3,,,1,70,,9690,3,,,1,31,,9697,3,,,1,71,,9692,3,,,1,29,,9693,3,,,1,73,,9696,3,,,1,75,,9694,3,,,1,31,,9700,3,,,1,81,,9701,3,,,1,87,,9707,3,,,1,100,,9698,3,,,1,105,,9699,3,,,1,105,,9705,3,,,1,102,,9708,3,,,1,104,,9706,3,,,1
7303,'DIM',646,,9733,3,,,1,99,,9728,3,,,1,99,,9730,3,,,1,99,,9727,3,,,1,101,,9729,3,,,1,99,,9731,3,,,1,102,,9720,3,,,1,98,,9726,3,,,1,100,,9732,3,,,1,100,,9734,3,,,1,101,,9718,3,,,1,100,,9719,3,,,1,98,,9716,3,,,1,102,,9721,3,,,1,100,,9724,3,,,1,100,,9717,3,,,1,100,,9722,3,,,1,101,,9725,3,,,1,106,,9723,3,,,1
7303,'SAM',551,,9749,3,,,1,95,,9736,3,,,1,99,,9753,3,,,1,99,,9751,3,,,1,99,,9738,3,,,1,101,,9750,3,,,1,100,,9754,3,,,1,100,,9752,3,,,1,100,,9735,3,,,1,100,,9755,3,,,1,100,,9756,3,,,1,100,,9741,3,,,1,100,,9737,3,,,1,99,,9743,3,,,1,101,,9742,3,,,1,100,,9739,3,,,1,100,,9740,3,,,1,100,,9744,3,,,1,102,,9745,3,,,1,105,,9747,3,,,1,102,,9746,3,,,1,98,,9748,3,,,1
7303,'SEM',539,,9801,3,,,1,65,,9798,3,,,1,37,,9799,3,,,1,7,,9767,3,,,1,77,,9763,3,,,1,23,,9770,3,,,1,81,,9772,3,,,1,14,,9780,3,,,1,69,,9762,3,,,1,30,,9760,3,,,1,70,,9802,3,,,1,30,,9774,3,,,1,70,,9768,3,,,1,30,,9800,3,,,1,69,,9769,3,,,1,30,,9777,3,,,1,70,,9803,3,,,1,30,,9761,3,,,1,70,,9778,3,,,1,26,,9758,3,,,1,70,,9771,3,,,1,30,,9804,3,,,1,20,,9757,3,,,1,57,,9785,3,,,1,18,,9773,3,,,1,13,,9759,3,,,1,14,,9764,3,,,1,55,,9766,3,,,1,16,,9765,3,,,1,14,,9788,3,,,1,13,,9775,3,,,1,57,,9781,3,,,1,14,,9776,3,,,1,19,,9787,3,,,1,75,,9791,3,,,1,26,,9779,3,,,1,73,,9782,3,,,1,28,,9794,3,,,1,71,,9784,3,,,1,30,,9786,3,,,1,67,,9783,3,,,1,33,,9790,3,,,1,70,,9795,3,,,1,30,,9797,3,,,1,75,,9789,3,,,1,30,,9792,3,,,1,67,,9793,3,,,1,122,,9796,3,,,1
7401,'DIM',716,,9897,3,,,2,98,,9898,3,,,2,100,,9904,3,,,2,99,,9902,3,,,2,101,,9899,3,,,2,100,,9900,3,,,2,101,,9901,3,,,2,100,,9905,3,,,2,100,,9903,3,,,2,99,,9906,3,,,2,100,,9890,3,,,2,98,,9894,3,,,2,100,,9896,3,,,2,102,,9895,3,,,2,101,,9893,3,,,2,99,,9891,3,,,2,100,,9892,3,,,2
7401,'SAM',717,,9917,3,,,2,99,,9915,3,,,2,100,,9920,3,,,2,99,,9923,3,,,2,100,,9918,3,,,2,100,,9921,3,,,2,98,,9916,3,,,2,102,,9922,3,,,2,100,,9919,3,,,2,101,,9909,3,,,2,98,,9907,3,,,2,100,,9913,3,,,2,100,,9914,3,,,2,102,,9912,3,,,2,101,,9908,3,,,2,97,,9910,3,,,2,100,,9911,3,,,2
7401,'SEM',618,,9941,3,,,2,95,,9942,3,,,2,100,,9928,3,,,2,106,,9930,3,,,2,97,,9927,3,,,2,100,,9940,3,,,2,101,,9943,3,,,2,100,,9926,3,,,2,99,,9924,3,,,2,99,,9931,3,,,2,90,,9925,3,,,2,102,,9934,3,,,2,30,,9929,3,,,2,80,,9938,3,,,2,99,,9932,3,,,2,100,,9936,3,,,2,100,,9935,3,,,2,97,,9933,3,,,2,103,,9937,3,,,2,98,,9939,3,,,2
22201,'DIM',1356,,10688,3,,,2,855,,10686,3,,,2,44,,10687,3,,,2
22201,'SAM',1357,,10693,3,,,2,854,,10692,3,,,2,42,,10691,3,,,2,102,,10689,3,,,2,152,,10690,3,,,2
22201,'SEM',659,,10695,3,,,2,50,,10694,3,,,2,643,,10699,3,,,2,105,,10700,3,,,2,100,,10698,3,,,2,101,,10697,3,,,2,90,,10696,3,,,2,664,,10701,3,,,2
32201,'DIM',507,,10832,4,,,2,798,,10834,3,,,2,802,,10833,3,,,2
32201,'SAM',507,,10835,4,,,2,798,,10836,3,,,2
32201,'SEM',509,,10837,4,,,2,18,,10838,4,,,2,29,,10839,4,,,2,751,,10841,3,,,2,798,,10840,3,,,2
34503,'SEM',433,,10851,5,,,1,99,,10852,5,,,1
