2201,'DIM',624,,6066,1,,,2,100,,6067,1,,,2,104,,6064,1,,,2,99,,6071,1,,,2,100,,6062,1,,,2,101,,6069,1,,,2,99,,6065,1,,,2,103,,6070,1,,,2,95,,6068,1,,,2,97,,6073,1,,,2,104,,6059,1,,,2,103,,6072,1,,,2,98,,6063,1,,,2,101,,6061,1,,,2,100,,6058,1,,,2,101,,6060,1,,,2
2201,'SAM',625,,6085,1,,,2,101,,6076,1,,,2,100,,6086,1,,,2,102,,6087,1,,,2,100,,6088,1,,,2,98,,6089,1,,,2,100,,6090,1,,,2,104,,6075,1,,,2,95,,6078,1,,,2,99,,6074,1,,,2,102,,6079,1,,,2,101,,6081,1,,,2,100,,6084,1,,,2,102,,6077,1,,,2,100,,6082,1,,,2,99,,6080,1,,,2,101,,6083,1,,,2
2201,'SEM',617,,6110,1,,,2,32,,6109,1,,,2,68,,6092,1,,,2,95,,6096,1,,,2,40,,6098,1,,,2,75,,6093,1,,,2,98,,6097,1,,,2,100,,6104,1,,,2,100,,6099,1,,,2,100,,6091,1,,,2,95,,6094,1,,,2,105,,6095,1,,,2,100,,6106,1,,,2,100,,6101,1,,,2,100,,6102,1,,,2,100,,6108,1,,,2,100,,6100,1,,,2,100,,6103,1,,,2,100,,6107,1,,,2,101,,6105,1,,,2
4803,'DIM',659,,8156,1,,,1,142,,8152,1,,,1,102,,8157,1,,,1,100,,8155,1,,,1,99,,8158,1,,,1,101,,8161,1,,,1,56,,8153,1,,,1,144,,8159,1,,,1,100,,8154,1,,,1,100,,8160,1,,,1,102,,8149,1,,,1,100,,8162,1,,,1,100,,8146,1,,,1,100,,8144,1,,,1,100,,8150,1,,,1,100,,8145,1,,,1,100,,8148,1,,,1,30,,8147,1,,,1,121,,8151,1,,,1
4803,'SAM',601,,8179,1,,,1,99,,8175,1,,,1,101,,8163,1,,,1,102,,8176,1,,,1,100,,8181,1,,,1,100,,8180,1,,,1,54,,8182,1,,,1,146,,8177,1,,,1,100,,8178,1,,,1,100,,8174,1,,,1,100,,8164,1,,,1,102,,8167,1,,,1,100,,8165,1,,,1,100,,8172,1,,,1,100,,8170,1,,,1,100,,8166,1,,,1,100,,8168,1,,,1,100,,8169,1,,,1,30,,8171,1,,,1,121,,8173,1,,,1
4803,'SEM',526,,8185,1,,,1,28,,8199,1,,,1,60,,8203,1,,,1,38,,8209,1,,,1,73,,8186,1,,,1,30,,8189,1,,,1,61,,8188,1,,,1,33,,8198,1,,,1,75,,8212,1,,,1,105,,8207,1,,,1,100,,8208,1,,,1,100,,8211,1,,,1,93,,8210,1,,,1,80,,8193,1,,,1,30,,8187,1,,,1,75,,8184,1,,,1,30,,8191,1,,,1,65,,8194,1,,,1,29,,8190,1,,,1,72,,8183,1,,,1,29,,8192,1,,,1,71,,8195,1,,,1,50,,8201,1,,,1,105,,8200,1,,,1,100,,8197,1,,,1,100,,8196,1,,,1,100,,8205,1,,,1,94,,8202,1,,,1,91,,8204,1,,,1,79,,8206,1,,,1
22201,'DIM',1354,,10688,1,,,2,855,,10686,1,,,2,44,,10687,1,,,2
22201,'SAM',1355,,10693,1,,,2,854,,10692,1,,,2,42,,10691,1,,,2,102,,10689,1,,,2,152,,10690,1,,,2
22201,'SEM',657,,10695,1,,,2,50,,10694,1,,,2,643,,10699,1,,,2,105,,10700,1,,,2,99,,10698,1,,,2,101,,10697,1,,,2,90,,10696,1,,,2,665,,10701,1,,,2
32201,'DIM',505,,10832,2,,,2,798,,10834,1,,,2,802,,10833,1,,,2
32201,'SAM',505,,10835,2,,,2,798,,10836,1,,,2
32201,'SEM',507,,10837,2,,,2,18,,10838,2,,,2,29,,10839,2,,,2,751,,10841,1,,,2,798,,10840,1,,,2
