202,'SAM',2619,,5749,8,,,1,81,,9,8,,,1
202,'SEM',522,,5750,8,,,1,25,,5754,8,,,1,56,,10,8,,,1,1999,,5751,8,,,1,40,,5752,8,,,1,80,,5753,8,,,1
1703,'DIM',619,,5836,6,,,1,84,,94,6,,,1,99,,5826,6,,,1,99,,5831,6,,,1,99,,5832,6,,,1,101,,5835,6,,,1,101,,5833,6,,,1,100,,5837,6,,,1,100,,5839,6,,,1,99,,5830,6,,,1,102,,5834,6,,,1,56,,5822,6,,,1,100,,5838,6,,,1,100,,5825,6,,,1,142,,5823,6,,,1,99,,5824,6,,,1,101,,5827,6,,,1,100,,89,6,,,1,102,,5829,6,,,1,120,,5828,6,,,1
1703,'SAM',536,,5851,6,,,1,83,,5843,6,,,1,84,,5850,6,,,1,98,,5856,6,,,1,100,,5853,6,,,1,100,,5854,6,,,1,102,,5852,6,,,1,99,,5858,6,,,1,100,,5849,6,,,1,100,,5855,6,,,1,99,,5859,6,,,1,102,,5857,6,,,1,97,,5860,6,,,1,59,,5840,6,,,1,99,,5841,6,,,1,101,,5842,6,,,1,99,,5848,6,,,1,143,,5846,6,,,1,100,,5847,6,,,1,103,,5844,6,,,1,121,,5845,6,,,1
1703,'SEM',550,,5881,6,,,1,152,,5863,6,,,1,102,,5869,6,,,1,96,,5868,6,,,1,59,,5884,6,,,1,100,,5871,6,,,1,100,,5867,6,,,1,100,,5864,6,,,1,99,,5865,6,,,1,96,,5870,6,,,1,77,,5872,6,,,1,22,,5866,6,,,1,75,,5861,6,,,1,27,,5877,6,,,1,75,,5862,6,,,1,77,,5874,6,,,1,29,,5873,6,,,1,68,,5879,6,,,1,100,,5875,6,,,1,100,,5876,6,,,1,100,,5880,6,,,1,100,,5878,6,,,1,52,,5883,6,,,1,150,,5882,6,,,1
2703,'DIM',857,,6673,6,,,2,100,,6668,6,,,2,95,,6669,6,,,2,104,,6671,6,,,2,101,,6667,6,,,2,100,,6665,6,,,2,96,,6666,6,,,2,148,,6670,6,,,2,58,,6672,6,,,2,100,,6658,6,,,2,100,,6657,6,,,2,98,,6663,6,,,2,100,,6661,6,,,2,100,,6662,6,,,2,102,,6659,6,,,2,100,,6660,6,,,2,100,,6664,6,,,2
2703,'SAM',657,,6687,6,,,2,100,,6684,6,,,2,96,,6689,6,,,2,104,,6691,6,,,2,95,,6683,6,,,2,104,,6674,6,,,2,96,,6685,6,,,2,105,,6688,6,,,2,147,,6686,6,,,2,55,,6690,6,,,2,100,,6692,6,,,2,100,,6677,6,,,2,100,,6680,6,,,2,98,,6676,6,,,2,100,,6678,6,,,2,99,,6675,6,,,2,103,,6681,6,,,2,100,,6679,6,,,2,100,,6682,6,,,2
2703,'SEM',814,,6693,6,,,2,41,,6696,6,,,2,98,,6713,6,,,2,100,,6712,6,,,2,98,,6698,6,,,2,94,,6705,6,,,2,100,,6701,6,,,2,101,,6695,6,,,2,80,,6697,6,,,2,80,,6700,6,,,2,15,,6703,6,,,2,30,,6706,6,,,2,70,,6694,6,,,2,24,,6699,6,,,2,104,,6708,6,,,2,91,,6711,6,,,2,108,,6704,6,,,2,100,,6702,6,,,2,99,,6707,6,,,2,101,,6709,6,,,2,95,,6710,6,,,2
3103,'DIM',633,,6784,8,,,1,99,,6783,8,,,1,99,,6788,8,,,1,99,,6791,8,,,1,99,,6792,8,,,1,101,,6789,8,,,1,100,,6785,8,,,1,101,,6787,8,,,1,101,,6775,8,,,1,96,,6786,8,,,1,101,,6790,8,,,1,102,,6779,8,,,1,98,,6777,8,,,1,100,,6778,8,,,1,102,,6776,8,,,1,100,,6782,8,,,1,100,,6781,8,,,1,100,,6780,8,,,1
3103,'SAM',633,,6805,8,,,1,100,,6808,8,,,1,98,,6806,8,,,1,98,,6809,8,,,1,98,,6811,8,,,1,101,,6793,8,,,1,102,,6803,8,,,1,100,,6807,8,,,1,100,,6804,8,,,1,102,,6810,8,,,1,97,,6796,8,,,1,102,,6797,8,,,1,99,,6800,8,,,1,99,,6794,8,,,1,100,,6801,8,,,1,102,,6802,8,,,1,102,,6795,8,,,1,97,,6799,8,,,1,98,,6798,8,,,1
3103,'SEM',628,,6834,8,,,1,100,,6813,8,,,1,101,,6831,8,,,1,100,,6833,8,,,1,100,,6832,8,,,1,100,,6812,8,,,1,99,,6830,8,,,1,100,,6815,8,,,1,100,,6816,8,,,1,97,,6820,8,,,1,23,,6822,8,,,1,74,,6817,8,,,1,20,,6814,8,,,1,82,,6827,8,,,1,30,,6829,8,,,1,70,,6823,8,,,1,33,,6819,8,,,1,77,,6825,8,,,1,102,,6818,8,,,1,99,,6821,8,,,1,102,,6826,8,,,1,97,,6824,8,,,1,110,,6828,8,,,1
4303,'DIM',633,,7751,6,,,1,100,,7752,6,,,1,100,,7753,6,,,1,100,,7744,6,,,1,106,,7745,6,,,1,103,,7754,6,,,1,99,,7757,6,,,1,101,,7755,6,,,1,97,,7758,6,,,1,100,,7756,6,,,1,102,,7739,6,,,1,105,,7743,6,,,1,94,,7750,6,,,1,100,,7747,6,,,1,100,,7741,6,,,1,99,,7740,6,,,1,100,,7742,6,,,1,94,,7746,6,,,1,100,,7749,6,,,1,100,,7748,6,,,1
4303,'SAM',633,,7765,6,,,1,100,,7766,6,,,1,100,,7770,6,,,1,105,,7773,6,,,1,103,,7776,6,,,1,101,,7774,6,,,1,100,,7759,6,,,1,103,,7775,6,,,1,97,,7772,6,,,1,97,,7771,6,,,1,101,,7778,6,,,1,100,,7777,6,,,1,104,,7760,6,,,1,96,,7762,6,,,1,100,,7761,6,,,1,99,,7768,6,,,1,100,,7764,6,,,1,94,,7763,6,,,1,100,,7769,6,,,1,100,,7767,6,,,1
4303,'SEM',634,,7784,6,,,1,100,,7798,6,,,1,82,,7782,6,,,1,103,,7789,6,,,1,30,,7781,6,,,1,70,,7779,6,,,1,29,,7806,6,,,1,70,,7793,6,,,1,30,,7783,6,,,1,70,,7804,6,,,1,30,,7805,6,,,1,70,,7787,6,,,1,30,,7790,6,,,1,71,,7786,6,,,1,30,,7780,6,,,1,70,,7791,6,,,1,25,,7785,6,,,1,70,,7796,6,,,1,25,,7792,6,,,1,70,,7795,6,,,1,30,,7788,6,,,1,70,,7794,6,,,1,99,,7803,6,,,1,100,,7799,6,,,1,105,,7801,6,,,1,100,,7797,6,,,1,108,,7802,6,,,1,110,,7800,6,,,1
4803,'DIM',702,,8156,6,,,1,103,,8152,6,,,1,102,,8157,6,,,1,100,,8155,6,,,1,99,,8158,6,,,1,102,,8161,6,,,1,96,,8153,6,,,1,104,,8159,6,,,1,100,,8154,6,,,1,99,,8160,6,,,1,102,,8149,6,,,1,100,,8162,6,,,1,100,,8146,6,,,1,100,,8144,6,,,1,99,,8150,6,,,1,100,,8145,6,,,1,100,,8148,6,,,1,30,,8147,6,,,1,121,,8151,6,,,1
4803,'SAM',604,,8179,6,,,1,99,,8175,6,,,1,102,,8163,6,,,1,102,,8176,6,,,1,100,,8181,6,,,1,100,,8180,6,,,1,95,,8182,6,,,1,106,,8177,6,,,1,100,,8178,6,,,1,100,,8174,6,,,1,99,,8164,6,,,1,102,,8167,6,,,1,100,,8165,6,,,1,100,,8172,6,,,1,100,,8170,6,,,1,99,,8166,6,,,1,100,,8168,6,,,1,100,,8169,6,,,1,30,,8171,6,,,1,121,,8173,6,,,1
4803,'SEM',530,,8185,6,,,1,28,,8199,6,,,1,60,,8203,6,,,1,38,,8209,6,,,1,73,,8186,6,,,1,30,,8189,6,,,1,61,,8188,6,,,1,33,,8198,6,,,1,75,,8212,6,,,1,105,,8207,6,,,1,100,,8208,6,,,1,100,,8211,6,,,1,93,,8210,6,,,1,80,,8193,6,,,1,30,,8187,6,,,1,75,,8184,6,,,1,31,,8191,6,,,1,65,,8194,6,,,1,29,,8190,6,,,1,72,,8183,6,,,1,29,,8192,6,,,1,71,,8195,6,,,1,49,,8201,6,,,1,145,,8200,6,,,1,100,,8197,6,,,1,99,,8196,6,,,1,100,,8205,6,,,1,54,,8202,6,,,1,91,,8204,6,,,1,79,,8206,6,,,1
5801,'DIM',523,,8777,6,,,2,100,,8769,6,,,2,90,,2987,6,,,2,101,,8767,6,,,2,100,,8768,6,,,2,99,,8773,6,,,2,100,,8770,6,,,2,101,,8766,6,,,2,100,,8771,6,,,2,100,,8775,6,,,2,98,,8772,6,,,2,109,,8776,6,,,2,94,,8760,6,,,2,102,,8774,6,,,2,97,,8765,6,,,2,100,,8762,6,,,2,100,,8764,6,,,2,100,,8761,6,,,2,99,,8759,6,,,2,109,,8763,6,,,2
5801,'SAM',528,,8794,6,,,2,95,,8790,6,,,2,93,,8792,6,,,2,98,,8795,6,,,2,100,,8780,6,,,2,99,,8782,6,,,2,103,,8793,6,,,2,98,,8785,6,,,2,105,,8791,6,,,2,94,,8778,6,,,2,111,,8779,6,,,2,99,,8797,6,,,2,100,,8796,6,,,2,88,,8787,6,,,2,107,,8784,6,,,2,96,,8781,6,,,2,100,,8783,6,,,2,100,,8788,6,,,2,99,,8789,6,,,2,109,,8786,6,,,2
5801,'SEM',510,,8802,6,,,2,28,,8824,6,,,2,82,,8822,6,,,2,38,,8798,6,,,2,92,,8799,6,,,2,84,,8808,6,,,2,100,,8807,6,,,2,100,,8821,6,,,2,100,,8803,6,,,2,100,,8823,6,,,2,100,,8805,6,,,2,80,,8804,6,,,2,87,,8825,6,,,2,31,,8811,6,,,2,71,,8809,6,,,2,20,,8806,6,,,2,19,,8801,6,,,2,60,,8812,6,,,2,20,,8816,6,,,2,15,,8800,6,,,2,65,,8819,6,,,2,19,,8813,6,,,2,30,,8810,6,,,2,100,,8818,6,,,2,100,,8814,6,,,2,102,,8817,6,,,2,105,,8815,6,,,2,99,,8820,6,,,2
6002,'DIM',653,,8943,6,,,1,99,,8952,6,,,1,100,,8951,6,,,1,101,,8955,6,,,1,100,,8953,6,,,1,100,,8957,6,,,1,100,,8954,6,,,1,100,,8956,6,,,1,100,,8958,6,,,1,99,,8942,6,,,1,100,,8959,6,,,1,100,,8949,6,,,1,100,,8945,6,,,1,101,,8944,6,,,1,100,,8947,6,,,1,100,,8946,6,,,1,100,,8948,6,,,1,99,,8950,6,,,1
6002,'SAM',653,,8973,6,,,1,99,,8972,6,,,1,94,,8975,6,,,1,107,,8971,6,,,1,100,,8969,6,,,1,100,,8977,6,,,1,100,,8976,6,,,1,97,,8970,6,,,1,103,,8974,6,,,1,99,,8961,6,,,1,100,,8965,6,,,1,100,,8966,6,,,1,100,,8960,6,,,1,101,,8964,6,,,1,100,,8962,6,,,1,100,,8968,6,,,1,100,,8967,6,,,1,99,,8963,6,,,1
6002,'SEM',628,,8978,6,,,1,116,,8994,6,,,1,82,,8993,6,,,1,102,,8981,6,,,1,96,,8980,6,,,1,100,,8982,6,,,1,100,,8996,6,,,1,100,,8995,6,,,1,96,,8983,6,,,1,104,,8979,6,,,1,101,,8984,6,,,1,100,,8990,6,,,1,101,,8986,6,,,1,98,,8989,6,,,1,100,,8992,6,,,1,99,,8985,6,,,1,100,,8988,6,,,1,90,,8987,6,,,1,100,,8991,6,,,1
7002,'DIM',657,,3827,6,,,1,101,,9644,6,,,1,100,,9645,6,,,1,100,,9642,6,,,1,67,,9640,6,,,1,33,,9631,6,,,1,72,,9652,6,,,1,29,,9641,6,,,1,67,,9637,6,,,1,33,,9639,6,,,1,70,,9648,6,,,1,30,,9646,6,,,1,70,,9647,6,,,1,30,,9635,6,,,1,71,,9643,6,,,1,24,,9649,6,,,1,78,,9632,6,,,1,74,,9651,6,,,1,34,,9630,6,,,1,74,,9650,6,,,1,95,,9653,6,,,1,95,,9633,6,,,1,55,,9629,6,,,1,100,,9636,6,,,1,99,,9634,6,,,1,143,,9638,6,,,1
7002,'SAM',657,,9673,6,,,1,97,,9671,6,,,1,99,,9676,6,,,1,99,,9675,6,,,1,75,,9669,6,,,1,31,,9672,6,,,1,72,,9668,6,,,1,29,,9661,6,,,1,72,,9674,6,,,1,27,,9666,6,,,1,75,,9679,6,,,1,26,,9657,6,,,1,76,,9667,6,,,1,69,,9678,6,,,1,23,,9670,6,,,1,32,,9681,6,,,1,69,,9680,6,,,1,72,,9677,6,,,1,42,,9656,6,,,1,72,,9663,6,,,1,95,,9665,6,,,1,50,,9664,6,,,1,98,,9658,6,,,1,101,,9659,6,,,1,100,,9660,6,,,1,101,,9662,6,,,1
7002,'SEM',530,,9703,6,,,1,97,,9688,6,,,1,25,,9709,6,,,1,71,,9715,6,,,1,33,,9687,6,,,1,72,,9689,6,,,1,31,,9713,6,,,1,70,,9712,6,,,1,30,,9685,6,,,1,70,,9702,6,,,1,30,,9710,6,,,1,70,,9684,6,,,1,30,,9711,6,,,1,71,,9704,6,,,1,70,,9714,6,,,1,40,,9686,6,,,1,60,,9683,6,,,1,27,,9691,6,,,1,31,,9695,6,,,1,70,,9690,6,,,1,31,,9697,6,,,1,71,,9692,6,,,1,29,,9693,6,,,1,73,,9696,6,,,1,75,,9694,6,,,1,31,,9700,6,,,1,81,,9701,6,,,1,87,,9707,6,,,1,100,,9698,6,,,1,104,,9699,6,,,1,105,,9705,6,,,1,102,,9708,6,,,1,104,,9706,6,,,1
7303,'DIM',648,,9733,6,,,1,99,,9728,6,,,1,99,,9730,6,,,1,99,,9727,6,,,1,101,,9729,6,,,1,99,,9731,6,,,1,102,,9720,6,,,1,98,,9726,6,,,1,100,,9732,6,,,1,100,,9734,6,,,1,101,,9718,6,,,1,100,,9719,6,,,1,98,,9716,6,,,1,102,,9721,6,,,1,100,,9724,6,,,1,100,,9717,6,,,1,100,,9722,6,,,1,101,,9725,6,,,1,106,,9723,6,,,1
7303,'SAM',553,,9749,6,,,1,95,,9736,6,,,1,99,,9753,6,,,1,99,,9751,6,,,1,99,,9738,6,,,1,101,,9750,6,,,1,100,,9754,6,,,1,100,,9752,6,,,1,100,,9735,6,,,1,100,,9755,6,,,1,100,,9756,6,,,1,100,,9741,6,,,1,100,,9737,6,,,1,99,,9743,6,,,1,101,,9742,6,,,1,100,,9739,6,,,1,100,,9740,6,,,1,100,,9744,6,,,1,102,,9745,6,,,1,105,,9747,6,,,1,102,,9746,6,,,1,98,,9748,6,,,1
7303,'SEM',541,,9801,6,,,1,65,,9798,6,,,1,37,,9799,6,,,1,7,,9767,6,,,1,77,,9763,6,,,1,23,,9770,6,,,1,81,,9772,6,,,1,14,,9780,6,,,1,69,,9762,6,,,1,30,,9760,6,,,1,70,,9802,6,,,1,30,,9774,6,,,1,70,,9768,6,,,1,30,,9800,6,,,1,69,,9769,6,,,1,30,,9777,6,,,1,70,,9803,6,,,1,30,,9761,6,,,1,70,,9778,6,,,1,26,,9758,6,,,1,71,,9771,6,,,1,30,,9804,6,,,1,60,,9757,6,,,1,17,,9785,6,,,1,18,,9773,6,,,1,13,,9759,6,,,1,54,,9764,6,,,1,15,,9766,6,,,1,15,,9765,6,,,1,14,,9788,6,,,1,13,,9775,6,,,1,57,,9781,6,,,1,14,,9776,6,,,1,19,,9787,6,,,1,75,,9791,6,,,1,26,,9779,6,,,1,73,,9782,6,,,1,28,,9794,6,,,1,71,,9784,6,,,1,30,,9786,6,,,1,67,,9783,6,,,1,33,,9790,6,,,1,70,,9795,6,,,1,30,,9797,6,,,1,75,,9789,6,,,1,30,,9792,6,,,1,67,,9793,6,,,1,122,,9796,6,,,1
7401,'DIM',718,,9897,6,,,2,98,,9898,6,,,2,100,,9904,6,,,2,99,,9902,6,,,2,101,,9899,6,,,2,100,,9900,6,,,2,101,,9901,6,,,2,100,,9905,6,,,2,100,,9903,6,,,2,99,,9906,6,,,2,100,,9890,6,,,2,98,,9894,6,,,2,100,,9896,6,,,2,102,,9895,6,,,2,101,,9893,6,,,2,99,,9891,6,,,2,100,,9892,6,,,2
7401,'SAM',719,,9917,6,,,2,99,,9915,6,,,2,100,,9920,6,,,2,99,,9923,6,,,2,100,,9918,6,,,2,100,,9921,6,,,2,98,,9916,6,,,2,102,,9922,6,,,2,100,,9919,6,,,2,101,,9909,6,,,2,98,,9907,6,,,2,100,,9913,6,,,2,100,,9914,6,,,2,102,,9912,6,,,2,101,,9908,6,,,2,97,,9910,6,,,2,100,,9911,6,,,2
7401,'SEM',620,,9941,6,,,2,95,,9942,6,,,2,100,,9928,6,,,2,106,,9930,6,,,2,97,,9927,6,,,2,100,,9940,6,,,2,101,,9943,6,,,2,100,,9926,6,,,2,99,,9924,6,,,2,99,,9931,6,,,2,90,,9925,6,,,2,102,,9934,6,,,2,30,,9929,6,,,2,80,,9938,6,,,2,99,,9932,6,,,2,100,,9936,6,,,2,100,,9935,6,,,2,97,,9933,6,,,2,103,,9937,6,,,2,98,,9939,6,,,2
34503,'SEM',435,,10851,8,,,1,99,,10852,8,,,1
