4202,'DIM',512,,7583,78,,,2,40,,7620,78,,,2,68,,7593,78,,,2,30,,7580,78,,,2,70,,7604,78,,,2,29,,7602,78,,,2,73,,7607,78,,,2,31,,7610,78,,,2,70,,7581,78,,,2,33,,7615,78,,,2,71,,7612,78,,,2,30,,7618,78,,,2,55,,7605,78,,,2,18,,7611,78,,,2,22,,7606,78,,,2,60,,7601,78,,,2,21,,1847,78,,,2,21,,7621,78,,,2,62,,7603,78,,,2,18,,7619,78,,,2,23,,7578,78,,,2,60,,7623,78,,,2,18,,7608,78,,,2,22,,7609,78,,,2,59,,7613,78,,,2,21,,7584,78,,,2,20,,7616,78,,,2,57,,7585,78,,,2,23,,7617,78,,,2,20,,7622,78,,,2,59,,7588,78,,,2,25,,7614,78,,,2,75,,7591,78,,,2,36,,7594,78,,,2,69,,7597,78,,,2,29,,7579,78,,,2,72,,7599,78,,,2,30,,7586,78,,,2,70,,7589,78,,,2,27,,7582,78,,,2,68,,7595,78,,,2,31,,7598,78,,,2,68,,7587,78,,,2,30,,7590,78,,,2,68,,7592,78,,,2,29,,7596,78,,,2,79,,7600,78,,,2
4202,'SAM',512,,7626,78,,,2,41,,7624,78,,,2,67,,7640,78,,,2,23,,7662,78,,,2,83,,7653,78,,,2,25,,7647,78,,,2,75,,7635,78,,,2,33,,7663,78,,,2,66,,7651,78,,,2,30,,7654,78,,,2,74,,7658,78,,,2,28,,7648,78,,,2,54,,7670,78,,,2,21,,7665,78,,,2,20,,7646,78,,,2,60,,7669,78,,,2,19,,7656,78,,,2,21,,7642,78,,,2,64,,7666,78,,,2,16,,7649,78,,,2,23,,7671,78,,,2,62,,7650,78,,,2,16,,7652,78,,,2,24,,7643,78,,,2,60,,7657,78,,,2,19,,7668,78,,,2,23,,7655,78,,,2,55,,7659,78,,,2,22,,7628,78,,,2,20,,7667,78,,,2,60,,7664,78,,,2,25,,7636,78,,,2,75,,7660,78,,,2,36,,7661,78,,,2,71,,7641,78,,,2,27,,7625,78,,,2,69,,7629,78,,,2,28,,7631,78,,,2,75,,7633,78,,,2,26,,7634,78,,,2,69,,7627,78,,,2,31,,7630,78,,,2,64,,7632,78,,,2,33,,7637,78,,,2,68,,7638,78,,,2,31,,7639,78,,,2,78,,7644,78,,,2,30,,7645,78,,,2
4202,'SEM',510,,7696,78,,,2,104,,7720,78,,,2,23,,7726,78,,,2,13,,7730,78,,,2,9,,7734,78,,,2,45,,7736,78,,,2,7,,7673,78,,,2,6,,7676,78,,,2,3,,7738,20,,,2,3,,7679,78,,,2,2,,7737,20,,,2,2,,7681,78,,,2,6,,7683,78,,,2,6,,7687,78,,,2,9,,7717,78,,,2,55,,7724,78,,,2,11,,7677,78,,,2,9,,7728,78,,,2,12,,7686,78,,,2,11,,7721,78,,,2,13,,7733,78,,,2,49,,7727,78,,,2,11,,7731,78,,,2,17,,7735,78,,,2,18,,7698,78,,,2,54,,7684,78,,,2,24,,7678,78,,,2,16,,7689,78,,,2,69,,7719,78,,,2,10,,7729,78,,,2,25,,7697,78,,,2,56,,7675,78,,,2,24,,7722,78,,,2,21,,7723,78,,,2,54,,7718,78,,,2,27,,7725,78,,,2,20,,7680,78,,,2,60,,7732,78,,,2,22,,7674,78,,,2,15,,7693,78,,,2,60,,7691,78,,,2,19,,7672,78,,,2,13,,7685,78,,,2,57,,7694,78,,,2,16,,7692,78,,,2,15,,7690,78,,,2,15,,7682,78,,,2,57,,7701,78,,,2,15,,7703,78,,,2,13,,7705,78,,,2,15,,7708,78,,,2,56,,7688,78,,,2,15,,7695,78,,,2,15,,7704,78,,,2,14,,7713,78,,,2,69,,7715,78,,,2,27,,7706,78,,,2,76,,7712,78,,,2,40,,7716,78,,,2,70,,7714,78,,,2,30,,7699,78,,,2,70,,7700,78,,,2,76,,7702,78,,,2,27,,7707,78,,,2,73,,7709,78,,,2,27,,7711,78,,,2,70,,7710,78,,,2
4804,'DIM',608,,2444,59,,,1,110,,8225,59,,,1,103,,8224,59,,,1,108,,8221,59,,,1,108,,8226,59,,,1,101,,8223,59,,,1,99,,8227,59,,,1,104,,8229,59,,,1,97,,8222,59,,,1,106,,8228,59,,,1,100,,8216,59,,,1,99,,8219,59,,,1,97,,8217,59,,,1,98,,8220,59,,,1,97,,8215,59,,,1,100,,8213,59,,,1,100,,8218,59,,,1,99,,8214,59,,,1
4804,'SAM',607,,8241,59,,,1,113,,8246,59,,,1,102,,8243,59,,,1,107,,8230,59,,,1,108,,8244,59,,,1,101,,8248,59,,,1,100,,8247,59,,,1,97,,8249,59,,,1,107,,8245,59,,,1,102,,8231,59,,,1,100,,8234,59,,,1,99,,8238,59,,,1,97,,8235,59,,,1,98,,8232,59,,,1,97,,8242,59,,,1,100,,8239,59,,,1,100,,8233,59,,,1,99,,8236,59,,,1,92,,8237,59,,,1,26,,8240,59,,,1
4804,'SEM',539,,2475,59,,,1,85,,8270,59,,,1,20,,8272,59,,,1,60,,8252,59,,,1,24,,8263,59,,,1,25,,8266,59,,,1,59,,8258,59,,,1,22,,8275,59,,,1,69,,8253,59,,,1,29,,8256,59,,,1,70,,8255,59,,,1,30,,8271,59,,,1,27,,8276,59,,,1,147,,8273,59,,,1,100,,8274,59,,,1,101,,8250,59,,,1,99,,8260,59,,,1,39,,8257,59,,,1,74,,8254,59,,,1,37,,8251,59,,,1,92,,8261,59,,,1,68,,8268,59,,,1,103,,8259,59,,,1,106,,8265,59,,,1,103,,8264,59,,,1,97,,8262,59,,,1,98,,8269,59,,,1,100,,8267,59,,,1
5802,'DIM',625,,8843,57,,,2,101,,8840,57,,,2,93,,3051,57,,,2,100,,8834,57,,,2,100,,8835,57,,,2,99,,8839,57,,,2,100,,8836,57,,,2,101,,8833,57,,,2,101,,8837,57,,,2,100,,8841,57,,,2,98,,8838,57,,,2,109,,8842,57,,,2,94,,8827,57,,,2,99,,8829,57,,,2,99,,8832,57,,,2,99,,8830,57,,,2,99,,8831,57,,,2,99,,8828,57,,,2
5802,'SAM',625,,8859,57,,,2,101,,8844,57,,,2,93,,8857,57,,,2,100,,8860,57,,,2,100,,8848,57,,,2,99,,8850,57,,,2,103,,8858,57,,,2,98,,8853,57,,,2,106,,8856,57,,,2,94,,8845,57,,,2,111,,8847,57,,,2,99,,8861,57,,,2,92,,8846,57,,,2,99,,8854,57,,,2,102,,8852,57,,,2,96,,8849,57,,,2,99,,8851,57,,,2,99,,8855,57,,,2
5802,'SEM',547,,8881,57,,,2,66,,8865,57,,,2,39,,8885,57,,,2,53,,8864,57,,,2,18,,8886,49,,,2,9,,8883,57,,,2,70,,8868,57,,,2,16,,8862,57,,,2,82,,8863,57,,,2,41,,8870,57,,,2,100,,8869,57,,,2,100,,8882,57,,,2,100,,8866,57,,,2,101,,8884,57,,,2,102,,8867,57,,,2,65,,8874,57,,,2,31,,8871,57,,,2,105,,8873,57,,,2,69,,8880,57,,,2,98,,8875,57,,,2,99,,8876,57,,,2,46,,8872,57,,,2,98,,8879,57,,,2,100,,8877,57,,,2,100,,8878,57,,,2
7001,'DIM',741,,9555,77,,,1,100,,9558,77,,,1,102,,9557,77,,,1,100,,9561,77,,,1,66,,9562,77,,,1,31,,9564,77,,,1,64,,9559,77,,,1,43,,9563,77,,,1,60,,9560,77,,,1,38,,9566,77,,,1,71,,9565,77,,,1,32,,9542,77,,,1,61,,9556,77,,,1,38,,9541,77,,,1,60,,9546,77,,,1,34,,9543,77,,,1,75,,9548,77,,,1,32,,9545,77,,,1,74,,9547,77,,,1,30,,9552,77,,,1,94,,9550,77,,,1,99,,9549,77,,,1,100,,9544,77,,,1,99,,9553,77,,,1,98,,9554,77,,,1,96,,9551,77,,,1
7001,'SAM',741,,9587,77,,,1,100,,9585,77,,,1,102,,9590,77,,,1,100,,9586,77,,,1,67,,9592,77,,,1,28,,9591,77,,,1,67,,9589,77,,,1,42,,9567,77,,,1,64,,9568,77,,,1,33,,9588,77,,,1,67,,9570,77,,,1,33,,9584,77,,,1,64,,9569,77,,,1,39,,9572,77,,,1,69,,9573,77,,,1,27,,9576,77,,,1,71,,9571,77,,,1,34,,9577,77,,,1,74,,9578,77,,,1,30,,9581,77,,,1,94,,9580,77,,,1,99,,9582,77,,,1,100,,9579,77,,,1,99,,9575,77,,,1,99,,9574,77,,,1,95,,9583,77,,,1
7001,'SEM',556,,9594,77,,,1,57,,9628,77,,,1,29,,9598,77,,,1,14,,9627,77,,,1,71,,9607,77,,,1,30,,9626,77,,,1,75,,9597,77,,,1,15,,9602,77,,,1,73,,9593,77,,,1,27,,9603,77,,,1,67,,9604,77,,,1,35,,9599,77,,,1,67,,9624,77,,,1,30,,9625,77,,,1,71,,9613,77,,,1,29,,9596,77,,,1,72,,9595,77,,,1,30,,9600,77,,,1,72,,9605,77,,,1,29,,9606,77,,,1,78,,9608,77,,,1,30,,9610,77,,,1,69,,9614,77,,,1,26,,9616,77,,,1,79,,9601,77,,,1,27,,9619,77,,,1,69,,9620,77,,,1,25,,9615,77,,,1,80,,9611,77,,,1,75,,9609,77,,,1,42,,9618,77,,,1,100,,9612,77,,,1,101,,9617,77,,,1,104,,9622,77,,,1,91,,9621,77,,,1,174,,9623,77,,,1
