2201,'DIM',646,,6066,43,,,2,100,,6067,43,,,2,104,,6064,43,,,2,100,,6071,43,,,2,100,,6062,43,,,2,101,,6069,43,,,2,99,,6065,43,,,2,103,,6070,43,,,2,95,,6068,43,,,2,97,,6073,43,,,2,104,,6059,43,,,2,103,,6072,43,,,2,98,,6063,43,,,2,101,,6061,43,,,2,100,,6058,43,,,2,100,,6060,43,,,2
2201,'SAM',647,,6085,43,,,2,101,,6076,43,,,2,100,,6086,43,,,2,103,,6087,43,,,2,100,,6088,43,,,2,98,,6089,43,,,2,100,,6090,43,,,2,104,,6075,43,,,2,95,,6078,43,,,2,99,,6074,43,,,2,102,,6079,43,,,2,101,,6081,43,,,2,100,,6084,43,,,2,102,,6077,43,,,2,100,,6082,43,,,2,98,,6080,43,,,2,101,,6083,43,,,2
2201,'SEM',639,,6110,43,,,2,73,,6109,43,,,2,29,,6092,43,,,2,94,,6096,43,,,2,80,,6098,43,,,2,34,,6093,43,,,2,98,,6097,43,,,2,100,,6104,43,,,2,100,,6099,43,,,2,100,,6091,43,,,2,95,,6094,43,,,2,107,,6095,43,,,2,102,,6106,43,,,2,100,,6101,43,,,2,100,,6102,43,,,2,96,,6108,43,,,2,100,,6100,43,,,2,100,,6103,43,,,2,100,,6107,43,,,2,101,,6105,43,,,2
5001,'DIM',547,,8284,50,,,1,100,,8297,50,,,1,101,,8291,50,,,1,101,,8296,50,,,1,101,,8299,50,,,1,66,,8290,50,,,1,32,,8292,50,,,1,68,,8303,50,,,1,39,,8295,50,,,1,68,,8293,50,,,1,77,,8302,50,,,1,24,,8289,50,,,1,35,,8294,50,,,1,62,,8278,50,,,1,33,,8280,50,,,1,71,,8277,50,,,1,34,,8300,50,,,1,66,,8298,50,,,1,76,,8285,50,,,1,41,,8301,50,,,1,61,,8287,50,,,1,97,,8288,50,,,1,101,,8279,50,,,1,99,,8282,50,,,1,100,,8281,50,,,1,59,,8283,50,,,1,100,,8286,50,,,1
5001,'SAM',547,,8311,50,,,1,100,,8304,50,,,1,101,,8321,50,,,1,103,,8325,50,,,1,102,,8317,50,,,1,63,,8327,50,,,1,35,,8330,50,,,1,68,,8319,50,,,1,36,,8326,50,,,1,66,,8328,50,,,1,34,,8320,50,,,1,68,,8322,50,,,1,34,,8329,50,,,1,71,,8307,50,,,1,72,,8323,50,,,1,23,,8306,50,,,1,32,,8324,50,,,1,70,,8312,50,,,1,76,,8314,50,,,1,41,,8305,50,,,1,61,,8313,50,,,1,100,,8315,50,,,1,98,,8308,50,,,1,100,,8309,50,,,1,100,,8316,50,,,1,58,,8310,50,,,1,100,,8318,50,,,1
5001,'SEM',543,,8356,50,,,1,99,,8358,50,,,1,82,,8340,50,,,1,20,,8362,50,,,1,77,,8333,50,,,1,28,,8342,50,,,1,67,,8337,50,,,1,30,,8359,50,,,1,69,,8360,50,,,1,30,,8343,50,,,1,70,,8338,50,,,1,30,,8336,50,,,1,71,,8361,50,,,1,31,,8357,50,,,1,70,,8332,50,,,1,30,,8347,50,,,1,70,,8334,50,,,1,31,,8331,50,,,1,90,,8339,50,,,1,67,,8344,50,,,1,30,,8341,50,,,1,70,,8335,50,,,1,30,,8350,50,,,1,69,,8345,50,,,1,30,,8348,50,,,1,25,,8346,50,,,1,79,,8352,50,,,1,104,,8354,50,,,1,104,,8349,50,,,1,104,,8351,50,,,1,101,,8353,50,,,1,104,,8355,50,,,1,91,,8363,40,,,1
5801,'DIM',547,,8777,58,,,2,101,,8769,58,,,2,91,,2987,58,,,2,103,,8767,58,,,2,100,,8768,58,,,2,99,,8773,58,,,2,100,,8770,58,,,2,101,,8766,58,,,2,100,,8771,58,,,2,100,,8775,58,,,2,98,,8772,58,,,2,109,,8776,58,,,2,94,,8760,58,,,2,102,,8774,58,,,2,97,,8765,58,,,2,100,,8762,58,,,2,99,,8764,58,,,2,100,,8761,58,,,2,98,,8759,58,,,2,109,,8763,58,,,2
5801,'SAM',552,,8794,58,,,2,96,,8790,58,,,2,94,,8792,58,,,2,100,,8795,58,,,2,100,,8780,58,,,2,99,,8782,58,,,2,103,,8793,58,,,2,98,,8785,58,,,2,105,,8791,58,,,2,94,,8778,58,,,2,111,,8779,58,,,2,99,,8797,58,,,2,100,,8796,58,,,2,88,,8787,58,,,2,107,,8784,58,,,2,96,,8781,58,,,2,99,,8783,58,,,2,100,,8788,58,,,2,98,,8789,58,,,2,109,,8786,58,,,2
5801,'SEM',536,,8802,58,,,2,69,,8824,58,,,2,43,,8822,58,,,2,72,,8826,40,,,2,10,,8798,58,,,2,89,,8799,58,,,2,83,,8808,58,,,2,100,,8807,58,,,2,100,,8821,58,,,2,100,,8803,58,,,2,100,,8823,58,,,2,100,,8805,58,,,2,42,,8804,58,,,2,87,,8825,58,,,2,71,,8811,58,,,2,32,,8809,58,,,2,20,,8806,58,,,2,59,,8801,58,,,2,20,,8812,58,,,2,20,,8816,58,,,2,55,,8800,58,,,2,24,,8819,58,,,2,19,,8813,58,,,2,69,,8810,58,,,2,99,,8818,58,,,2,100,,8814,58,,,2,100,,8817,58,,,2,105,,8815,58,,,2,99,,8820,58,,,2
22201,'DIM',1416,,10688,43,,,2,815,,10686,43,,,2,84,,10687,43,,,2
22201,'SAM',1417,,10693,43,,,2,814,,10692,43,,,2,82,,10691,43,,,2,102,,10689,43,,,2,112,,10690,43,,,2
22201,'SEM',720,,10695,43,,,2,10,,10694,43,,,2,682,,10699,43,,,2,106,,10700,43,,,2,101,,10698,43,,,2,102,,10697,43,,,2,90,,10696,43,,,2,621,,10701,43,,,2
32201,'DIM',528,,10832,44,,,2,798,,10834,43,,,2,802,,10833,43,,,2
32201,'SAM',528,,10835,44,,,2,798,,10836,43,,,2
32201,'SEM',529,,10837,44,,,2,18,,10838,44,,,2,69,,10839,44,,,2,711,,10841,43,,,2,798,,10840,43,,,2
