1703,'DIM',638,,5836,43,,,1,84,,94,43,,,1,100,,5826,43,,,1,101,,5831,43,,,1,99,,5832,43,,,1,102,,5835,43,,,1,101,,5833,43,,,1,101,,5837,43,,,1,101,,5839,43,,,1,99,,5830,43,,,1,102,,5834,43,,,1,96,,5822,43,,,1,99,,5838,43,,,1,99,,5825,43,,,1,101,,5823,43,,,1,98,,5824,43,,,1,100,,5827,43,,,1,100,,89,43,,,1,102,,5829,43,,,1,118,,5828,43,,,1
1703,'SAM',554,,5851,43,,,1,84,,5843,43,,,1,84,,5850,43,,,1,99,,5856,43,,,1,102,,5853,43,,,1,100,,5854,43,,,1,103,,5852,43,,,1,99,,5858,43,,,1,101,,5849,43,,,1,101,,5855,43,,,1,99,,5859,43,,,1,102,,5857,43,,,1,97,,5860,43,,,1,98,,5840,43,,,1,98,,5841,43,,,1,100,,5842,43,,,1,98,,5848,43,,,1,102,,5846,43,,,1,100,,5847,43,,,1,103,,5844,43,,,1,119,,5845,43,,,1
1703,'SEM',609,,5881,43,,,1,115,,5863,43,,,1,104,,5869,43,,,1,95,,5868,43,,,1,99,,5884,43,,,1,101,,5871,43,,,1,102,,5867,43,,,1,101,,5864,43,,,1,99,,5865,43,,,1,97,,5870,43,,,1,78,,5872,43,,,1,24,,5866,43,,,1,76,,5861,43,,,1,26,,5877,43,,,1,32,,5862,43,,,1,75,,5874,43,,,1,68,,5873,43,,,1,28,,5879,43,,,1,98,,5875,43,,,1,99,,5876,43,,,1,99,,5880,43,,,1,99,,5878,43,,,1,91,,5883,43,,,1,108,,5882,43,,,1
3103,'DIM',652,,6784,45,,,1,100,,6783,45,,,1,100,,6788,45,,,1,101,,6791,45,,,1,100,,6792,45,,,1,101,,6789,45,,,1,101,,6785,45,,,1,102,,6787,45,,,1,101,,6775,45,,,1,96,,6786,45,,,1,101,,6790,45,,,1,100,,6779,45,,,1,98,,6777,45,,,1,98,,6778,45,,,1,102,,6776,45,,,1,99,,6782,45,,,1,100,,6781,45,,,1,99,,6780,45,,,1
3103,'SAM',652,,6805,45,,,1,101,,6808,45,,,1,99,,6806,45,,,1,100,,6809,45,,,1,99,,6811,45,,,1,101,,6793,45,,,1,103,,6803,45,,,1,101,,6807,45,,,1,100,,6804,45,,,1,102,,6810,45,,,1,97,,6796,45,,,1,100,,6797,45,,,1,99,,6800,45,,,1,97,,6794,45,,,1,100,,6801,45,,,1,101,,6802,45,,,1,102,,6795,45,,,1,96,,6799,45,,,1,98,,6798,45,,,1
3103,'SEM',651,,6834,45,,,1,101,,6813,45,,,1,101,,6831,45,,,1,99,,6833,45,,,1,100,,6832,45,,,1,101,,6812,45,,,1,101,,6830,45,,,1,100,,6815,45,,,1,101,,6816,45,,,1,99,,6820,45,,,1,63,,6822,45,,,1,37,,6817,45,,,1,60,,6814,45,,,1,39,,6827,45,,,1,68,,6829,45,,,1,29,,6823,45,,,1,72,,6819,45,,,1,36,,6825,45,,,1,101,,6818,45,,,1,99,,6821,45,,,1,101,,6826,45,,,1,96,,6824,45,,,1,149,,6828,45,,,1
3903,'DIM',856,,7134,56,,,1,100,,1387,66,,,1,56,,7125,66,,,1,34,,7128,66,,,1,68,,7133,66,,,1,32,,7122,66,,,1,71,,7132,66,,,1,31,,7121,66,,,1,69,,7114,66,,,1,36,,7124,66,,,1,65,,7123,66,,,1,28,,7127,66,,,1,67,,7130,66,,,1,37,,7129,66,,,1,70,,7117,66,,,1,29,,7126,66,,,1,70,,7131,66,,,1,26,,7119,66,,,1,10,,7112,66,,,1,64,,7118,66,,,1,25,,7111,66,,,1,99,,7116,66,,,1,98,,7120,66,,,1,98,,7113,66,,,1,104,,7115,66,,,1
3903,'SAM',856,,7158,56,,,1,100,,7150,66,,,1,56,,7154,66,,,1,34,,7151,66,,,1,70,,7147,66,,,1,30,,7153,66,,,1,71,,7155,66,,,1,28,,7146,66,,,1,72,,7145,66,,,1,35,,7148,66,,,1,67,,7135,66,,,1,31,,7136,66,,,1,65,,7152,66,,,1,35,,7139,66,,,1,70,,7156,66,,,1,29,,7140,66,,,1,70,,7142,66,,,1,26,,7149,66,,,1,11,,7143,66,,,1,63,,7157,66,,,1,25,,7141,66,,,1,101,,7144,66,,,1,96,,7137,66,,,1,98,,1409,66,,,1,104,,7138,66,,,1
3903,'SEM',753,,7163,66,,,1,103,,7169,66,,,1,100,,7168,66,,,1,70,,7164,66,,,1,28,,7183,66,,,1,70,,7162,66,,,1,30,,7186,66,,,1,72,,7184,66,,,1,30,,7185,66,,,1,71,,7161,66,,,1,31,,7167,66,,,1,73,,7159,66,,,1,73,,7165,66,,,1,16,,7172,66,,,1,31,,7173,66,,,1,54,,7174,66,,,1,25,,7179,66,,,1,16,,7160,66,,,1,66,,7166,66,,,1,29,,7181,66,,,1,72,,7171,66,,,1,33,,7170,66,,,1,77,,7178,66,,,1,96,,7180,66,,,1,103,,7176,66,,,1,99,,7175,66,,,1,98,,7177,66,,,1,36,,7182,66,,,1
4503,'DIM',700,,7889,44,,,1,100,,2117,44,,,1,101,,2115,44,,,1,99,,7888,44,,,1,101,,7890,44,,,1,58,,7887,44,,,1,146,,7893,44,,,1,100,,7879,44,,,1,96,,7892,44,,,1,106,,7878,44,,,1,50,,7891,44,,,1,100,,7881,44,,,1,99,,7885,44,,,1,100,,7880,44,,,1,99,,7886,44,,,1,100,,7884,44,,,1,100,,7883,44,,,1,149,,7882,44,,,1
4503,'SAM',700,,7903,44,,,1,100,,7906,44,,,1,101,,7908,44,,,1,99,,7909,44,,,1,101,,7894,44,,,1,100,,7907,44,,,1,104,,7904,44,,,1,102,,7905,44,,,1,99,,7911,44,,,1,96,,7899,44,,,1,55,,7910,44,,,1,100,,7896,44,,,1,99,,7897,44,,,1,100,,7895,44,,,1,99,,7901,44,,,1,100,,7898,44,,,1,102,,7902,44,,,1,147,,7900,44,,,1
4503,'SEM',651,,7922,44,,,1,60,,7934,44,,,1,35,,7912,44,,,1,65,,7916,44,,,1,23,,7914,44,,,1,84,,7938,44,,,1,31,,7920,44,,,1,101,,7936,44,,,1,100,,7935,44,,,1,96,,7937,44,,,1,100,,7923,44,,,1,78,,7917,44,,,1,85,,7919,44,,,1,17,,7918,44,,,1,25,,7927,44,,,1,71,,7921,44,,,1,17,,7913,44,,,1,73,,7915,44,,,1,18,,7925,44,,,1,13,,7932,44,,,1,76,,7933,44,,,1,36,,7930,44,,,1,98,,7929,44,,,1,99,,7924,44,,,1,102,,7926,44,,,1,97,,7928,44,,,1,94,,7931,44,,,1
