3703,'DIM',642,,7005,38,,,2,75,,7008,38,,,2,101,,7015,38,,,2,100,,7013,38,,,2,100,,7010,38,,,2,100,,7004,38,,,2,101,,7011,38,,,2,99,,7006,38,,,2,100,,7007,38,,,2,100,,7009,38,,,2,100,,7012,38,,,2,104,,7014,38,,,2,87,,7016,38,,,2
3703,'SAM',642,,7024,38,,,2,79,,7021,38,,,2,97,,7028,38,,,2,100,,7019,38,,,2,100,,7017,38,,,2,100,,7020,38,,,2,101,,7026,38,,,2,101,,7025,38,,,2,103,,7023,38,,,2,95,,7018,38,,,2,104,,7022,38,,,2,99,,7027,38,,,2,89,,7029,38,,,2
3703,'SEM',602,,7040,38,,,2,15,,7030,38,,,2,19,,7031,38,,,2,18,,7056,38,,,2,53,,7053,38,,,2,13,,7054,38,,,2,24,,7057,38,,,2,77,,7052,38,,,2,36,,7051,38,,,2,68,,7035,38,,,2,97,,7047,38,,,2,100,,7033,38,,,2,100,,7055,38,,,2,100,,7049,38,,,2,101,,7034,38,,,2,80,,7037,38,,,2,20,,7036,38,,,2,31,,7041,38,,,2,65,,7032,38,,,2,38,,7038,38,,,2,100,,7046,38,,,2,97,,7039,38,,,2,105,,7043,38,,,2,98,,7042,38,,,2,100,,7050,38,,,2,100,,7044,38,,,2,97,,7048,38,,,2,98,,7045,38,,,2
6303,'DIM',757,,9132,36,,,1,101,,9126,36,,,1,143,,9128,36,,,1,55,,9127,36,,,1,146,,9133,36,,,1,55,,9129,36,,,1,143,,9131,36,,,1,103,,9130,36,,,1,98,,9134,36,,,1,102,,9117,36,,,1,105,,9135,36,,,1,92,,9118,36,,,1,58,,9119,36,,,1,100,,9122,36,,,1,100,,9120,36,,,1,100,,9123,36,,,1,99,,9121,36,,,1,100,,9124,36,,,1,99,,9125,36,,,1
6303,'SAM',656,,9148,36,,,1,101,,9142,36,,,1,101,,9151,36,,,1,143,,9150,36,,,1,103,,9152,36,,,1,98,,9154,36,,,1,56,,9149,36,,,1,144,,9155,36,,,1,105,,9138,36,,,1,95,,9153,36,,,1,101,,9136,36,,,1,100,,9139,36,,,1,103,,9137,36,,,1,52,,9140,36,,,1,100,,9143,36,,,1,100,,9141,36,,,1,100,,9144,36,,,1,99,,9145,36,,,1,100,,9147,36,,,1,99,,9146,36,,,1
6303,'SEM',618,,9182,36,,,1,19,,9189,36,,,1,19,,9187,36,,,1,79,,9188,36,,,1,16,,9156,36,,,1,68,,9167,36,,,1,23,,9169,36,,,1,75,,9171,36,,,1,33,,9158,36,,,1,64,,9157,36,,,1,30,,9190,36,,,1,70,,9162,36,,,1,31,,9163,36,,,1,71,,9168,36,,,1,30,,9191,36,,,1,70,,9159,36,,,1,31,,9160,36,,,1,69,,9161,36,,,1,31,,9164,36,,,1,75,,9165,36,,,1,22,,9173,36,,,1,75,,9170,36,,,1,15,,9177,36,,,1,70,,9180,36,,,1,31,,9166,36,,,1,23,,9172,36,,,1,65,,9176,36,,,1,89,,9179,36,,,1,42,,9181,36,,,1,95,,9174,36,,,1,98,,9175,36,,,1,84,,9178,36,,,1,104,,9183,36,,,1,99,,9185,36,,,1,105,,9184,36,,,1,91,,9186,36,,,1
6503,'DIM',718,,9277,12,,,2,101,,9280,12,,,2,100,,9281,12,,,2,96,,9276,12,,,2,104,,9282,12,,,2,102,,9264,12,,,2,100,,9279,12,,,2,94,,9265,12,,,2,107,,9278,12,,,2,98,,9266,12,,,2,102,,9272,12,,,2,102,,9270,12,,,2,96,,9267,12,,,2,100,,9269,12,,,2,99,,9268,12,,,2,100,,9271,12,,,2,100,,9273,12,,,2,99,,9274,12,,,2,100,,9275,12,,,2
6503,'SAM',718,,9294,12,,,2,101,,9295,12,,,2,100,,9300,12,,,2,97,,9298,12,,,2,104,,9302,12,,,2,101,,9297,12,,,2,100,,9296,12,,,2,100,,9283,12,,,2,101,,9301,12,,,2,102,,9299,12,,,2,95,,9303,12,,,2,101,,9289,12,,,2,101,,9285,12,,,2,99,,9292,12,,,2,99,,9284,12,,,2,100,,9286,12,,,2,100,,9291,12,,,2,99,,9287,12,,,2,100,,9288,12,,,2,85,,9290,12,,,2,40,,9293,12,,,2
6503,'SEM',605,,9334,12,,,2,24,,9341,12,,,2,71,,9348,12,,,2,22,,9305,12,,,2,21,,9308,12,,,2,81,,9340,12,,,2,30,,9312,12,,,2,72,,9345,12,,,2,30,,9309,12,,,2,70,,9344,12,,,2,26,,9343,12,,,2,70,,9327,12,,,2,30,,9342,12,,,2,70,,9304,12,,,2,30,,9346,12,,,2,70,,9313,12,,,2,31,,9314,12,,,2,70,,9316,12,,,2,31,,9322,12,,,2,65,,9323,12,,,2,15,,9325,12,,,2,15,,9307,12,,,2,55,,9333,12,,,2,12,,9320,12,,,2,11,,9347,12,,,2,14,,9310,12,,,2,11,,9315,12,,,2,50,,9311,12,,,2,15,,9306,12,,,2,15,,9326,12,,,2,15,,9329,12,,,2,55,,9339,12,,,2,16,,9338,12,,,2,15,,9318,12,,,2,14,,9324,12,,,2,60,,9331,12,,,2,15,,9328,12,,,2,30,,9317,12,,,2,70,,9319,12,,,2,30,,9321,12,,,2,70,,9337,12,,,2,23,,9332,12,,,2,106,,9330,12,,,2,100,,9336,12,,,2,101,,9335,12,,,2
7602,'DIM',611,,10102,12,,,2,97,,10117,12,,,2,100,,10109,12,,,2,100,,10120,12,,,2,30,,10124,12,,,2,70,,10118,12,,,2,29,,10122,12,,,2,70,,10105,12,,,2,31,,10110,12,,,2,71,,10107,12,,,2,31,,10121,12,,,2,70,,10098,12,,,2,30,,10111,12,,,2,69,,10116,12,,,2,30,,10103,12,,,2,71,,4282,12,,,2,30,,10123,12,,,2,70,,10125,12,,,2,30,,10104,12,,,2,75,,10119,12,,,2,25,,10108,12,,,2,70,,10100,12,,,2,99,,10099,12,,,2,100,,10101,12,,,2,100,,10114,12,,,2,100,,10106,12,,,2,100,,10112,12,,,2,100,,10113,12,,,2,100,,10115,12,,,2
7602,'SAM',611,,10145,12,,,2,98,,10142,12,,,2,98,,10150,12,,,2,101,,10143,12,,,2,30,,10136,12,,,2,70,,10147,12,,,2,29,,10152,12,,,2,68,,10151,12,,,2,33,,10144,12,,,2,66,,10129,12,,,2,36,,10140,12,,,2,70,,10148,12,,,2,30,,10149,12,,,2,69,,10154,12,,,2,31,,10141,12,,,2,68,,10146,12,,,2,32,,10126,12,,,2,70,,10153,12,,,2,30,,10155,12,,,2,70,,10131,12,,,2,25,,10130,12,,,2,72,,10134,12,,,2,102,,10138,12,,,2,101,,10135,12,,,2,102,,10127,12,,,2,100,,10128,12,,,2,102,,10132,12,,,2,95,,10137,12,,,2,97,,10133,12,,,2,104,,10139,12,,,2
7602,'SEM',558,,10177,12,,,2,61,,10189,12,,,2,13,,10191,12,,,2,10,,10193,12,,,2,13,,10190,12,,,2,63,,10172,12,,,2,26,,10164,12,,,2,64,,10169,12,,,2,19,,10156,12,,,2,20,,10159,12,,,2,67,,10166,12,,,2,30,,10192,12,,,2,71,,10171,12,,,2,29,,10196,12,,,2,70,,10188,12,,,2,30,,10194,12,,,2,68,,10195,12,,,2,29,,10162,12,,,2,76,,10170,12,,,2,25,,10158,12,,,2,60,,10168,12,,,2,28,,10165,12,,,2,70,,10175,12,,,2,21,,10179,12,,,2,18,,10160,12,,,2,20,,10167,12,,,2,60,,10161,12,,,2,20,,10157,12,,,2,19,,10163,12,,,2,61,,10176,12,,,2,20,,10182,12,,,2,20,,10181,12,,,2,60,,10178,12,,,2,19,,10173,12,,,2,72,,10184,12,,,2,30,,10183,12,,,2,100,,10174,12,,,2,100,,10180,12,,,2,99,,10186,12,,,2,99,,10187,12,,,2,114,,10185,12,,,2
