3704,'DIM',659,,7061,11,,,2,74,,7064,11,,,2,100,,7070,11,,,2,100,,7067,11,,,2,101,,7065,11,,,2,100,,7060,11,,,2,101,,7066,11,,,2,98,,7062,11,,,2,100,,7063,11,,,2,100,,7069,11,,,2,100,,7058,11,,,2,104,,7068,11,,,2,87,,7059,11,,,2
3704,'SAM',659,,7080,11,,,2,78,,7078,11,,,2,100,,7083,11,,,2,96,,7074,11,,,2,104,,7071,11,,,2,97,,7075,11,,,2,101,,7082,11,,,2,100,,7081,11,,,2,104,,7079,11,,,2,99,,7072,11,,,2,99,,7073,11,,,2,99,,7076,11,,,2,89,,7077,11,,,2
3704,'SEM',545,,7107,11,,,2,78,,7084,11,,,2,99,,7093,11,,,2,80,,7110,11,,,2,37,,7108,11,,,2,76,,7106,11,,,2,28,,7086,11,,,2,96,,7101,11,,,2,100,,7088,11,,,2,101,,7109,11,,,2,100,,7087,11,,,2,103,,7089,11,,,2,78,,7091,11,,,2,20,,7090,11,,,2,14,,7099,11,,,2,57,,7095,11,,,2,20,,7098,11,,,2,9,,7085,11,,,2,59,,7094,11,,,2,20,,7092,11,,,2,94,,7100,11,,,2,100,,7104,11,,,2,100,,7097,11,,,2,99,,7096,11,,,2,100,,7103,11,,,2,100,,7105,11,,,2,96,,7102,11,,,2
6304,'DIM',740,,9201,35,,,1,100,,9207,35,,,1,100,,9202,35,,,1,102,,9204,35,,,1,95,,9203,35,,,1,107,,9208,35,,,1,95,,9205,35,,,1,103,,9206,35,,,1,100,,9195,35,,,1,102,,9209,35,,,1,102,,9193,35,,,1,98,,9200,35,,,1,100,,9194,35,,,1,99,,9196,35,,,1,100,,9198,35,,,1,100,,9197,35,,,1,100,,9199,35,,,1
6304,'SAM',635,,9224,35,,,1,102,,9220,35,,,1,103,,9216,35,,,1,100,,9223,35,,,1,102,,9222,35,,,1,103,,9225,35,,,1,99,,9227,35,,,1,96,,9221,35,,,1,104,,9228,35,,,1,106,,9212,35,,,1,95,,9226,35,,,1,101,,9210,35,,,1,99,,9213,35,,,1,103,,9211,35,,,1,95,,9214,35,,,1,100,,9217,35,,,1,100,,9215,35,,,1,99,,9218,35,,,1,95,,9219,35,,,1
6304,'SEM',457,,9260,35,,,1,152,,9258,35,,,1,22,,9261,35,,,1,79,,9238,35,,,1,9,,9241,35,,,1,35,,9245,35,,,1,66,,9229,35,,,1,18,,9263,35,,,1,67,,9234,35,,,1,29,,9243,35,,,1,70,,9244,35,,,1,30,,9231,35,,,1,24,,9230,35,,,1,70,,9259,35,,,1,30,,9236,35,,,1,71,,9237,35,,,1,71,,9242,35,,,1,30,,9262,35,,,1,70,,9232,35,,,1,31,,9233,35,,,1,72,,9235,35,,,1,38,,9239,35,,,1,6,,9249,35,,,1,71,,9240,35,,,1,22,,9246,35,,,1,74,,9252,35,,,1,14,,9251,35,,,1,28,,9255,35,,,1,72,,9257,35,,,1,79,,9250,35,,,1,94,,9254,35,,,1,40,,9256,35,,,1,90,,9247,35,,,1,99,,9248,35,,,1,93,,9253,35,,,1
6504,'DIM',717,,9360,54,,,2,102,,9359,54,,,2,101,,9363,54,,,2,101,,9364,54,,,2,97,,9358,54,,,2,107,,9365,54,,,2,102,,9350,54,,,2,100,,9362,54,,,2,94,,9351,54,,,2,106,,9361,54,,,2,97,,9352,54,,,2,102,,9357,54,,,2,98,,9366,54,,,2,100,,9353,54,,,2,100,,9355,54,,,2,97,,9354,54,,,2,98,,9356,54,,,2
6504,'SAM',717,,9377,54,,,2,102,,9375,54,,,2,101,,9376,54,,,2,101,,9381,54,,,2,98,,9380,54,,,2,105,,9383,54,,,2,102,,9379,54,,,2,101,,9378,54,,,2,100,,9368,54,,,2,100,,9382,54,,,2,97,,9367,54,,,2,99,,9384,54,,,2,101,,9372,54,,,2,100,,9370,54,,,2,100,,9374,54,,,2,97,,9369,54,,,2,98,,9371,54,,,2,100,,9373,54,,,2
6504,'SEM',534,,9402,54,,,2,89,,9416,54,,,2,16,,9428,54,,,2,16,,9386,54,,,2,45,,9430,39,,,2,11,,9413,54,,,2,5,,9431,39,,,2,4,,9419,54,,,2,4,,9432,39,,,2,4,,9391,54,,,2,3,,9433,39,,,2,7,,9421,54,,,2,8,,9429,54,,,2,8,,9418,54,,,2,54,,9387,54,,,2,21,,9390,54,,,2,10,,9420,54,,,2,13,,9425,54,,,2,56,,9394,54,,,2,24,,9417,54,,,2,69,,9395,54,,,2,31,,9426,54,,,2,69,,9388,54,,,2,30,,9424,54,,,2,73,,9423,54,,,2,26,,9408,54,,,2,79,,9422,54,,,2,21,,9385,54,,,2,70,,9427,54,,,2,30,,9392,54,,,2,70,,9393,54,,,2,37,,9396,54,,,2,67,,9403,54,,,2,31,,9405,54,,,2,16,,9406,54,,,2,71,,9412,54,,,2,16,,9400,54,,,2,67,,9389,54,,,2,36,,9407,54,,,2,72,,9415,54,,,2,27,,9398,54,,,2,71,,9410,54,,,2,44,,9397,54,,,2,70,,9399,54,,,2,30,,9401,54,,,2,61,,9404,54,,,2,36,,9411,54,,,2,100,,9409,54,,,2,101,,9414,54,,,2
7601,'DIM',504,,10027,29,,,2,100,,10004,74,,,2,25,,10015,74,,,2,104,,10001,74,,,2,100,,10017,74,,,2,100,,10009,74,,,2,70,,10022,74,,,2,30,,10020,74,,,2,70,,10025,74,,,2,30,,10018,74,,,2,70,,10023,74,,,2,29,,10005,74,,,2,71,,10010,74,,,2,32,,10008,74,,,2,70,,10021,74,,,2,30,,9997,74,,,2,70,,10011,74,,,2,29,,10016,74,,,2,70,,10002,74,,,2,31,,10006,74,,,2,70,,10024,74,,,2,31,,10026,74,,,2,70,,10003,74,,,2,35,,10019,74,,,2,96,,9999,74,,,2,100,,9998,74,,,2,100,,10000,74,,,2,98,,10014,74,,,2,100,,10007,74,,,2,100,,10012,74,,,2,95,,10013,74,,,2
7601,'SAM',504,,10058,29,,,2,106,,10032,74,,,2,19,,10040,74,,,2,104,,10046,74,,,2,100,,10043,74,,,2,102,,10051,74,,,2,68,,10053,74,,,2,30,,10044,74,,,2,70,,10037,74,,,2,30,,10048,74,,,2,70,,10054,74,,,2,27,,10052,74,,,2,73,,10045,74,,,2,26,,10031,74,,,2,76,,10041,74,,,2,30,,10049,74,,,2,70,,10050,74,,,2,29,,10056,74,,,2,71,,10042,74,,,2,28,,10047,74,,,2,72,,10028,74,,,2,31,,10055,74,,,2,76,,10057,74,,,2,27,,10033,74,,,2,98,,10035,74,,,2,100,,10039,74,,,2,99,,10036,74,,,2,99,,10029,74,,,2,100,,10030,74,,,2,102,,10034,74,,,2,93,,10038,74,,,2
7601,'SEM',525,,10063,74,,,2,89,,10089,74,,,2,20,,10087,74,,,2,23,,10096,74,,,2,52,,10093,74,,,2,9,,10059,74,,,2,13,,10079,74,,,2,19,,10068,74,,,2,52,,10090,74,,,2,18,,10088,74,,,2,25,,10097,74,,,2,58,,10073,74,,,2,19,,10064,74,,,2,20,,10070,74,,,2,75,,10061,74,,,2,25,,10067,74,,,2,70,,10091,74,,,2,30,,10072,74,,,2,70,,10095,74,,,2,30,,10086,74,,,2,70,,10092,74,,,2,30,,10094,74,,,2,70,,10066,74,,,2,35,,10071,74,,,2,68,,10060,74,,,2,29,,10069,74,,,2,64,,10065,74,,,2,34,,10077,74,,,2,61,,10080,74,,,2,29,,10062,74,,,2,27,,10083,74,,,2,68,,10084,74,,,2,30,,10078,74,,,2,73,,10082,74,,,2,77,,10074,74,,,2,98,,10075,74,,,2,99,,10076,74,,,2,100,,10081,74,,,2,103,,10085,74,,,2
