2201,'DIM',643,,6206,36,,,2,100,,6207,36,,,2,104,,6204,36,,,2,100,,6211,36,,,2,100,,6202,36,,,2,101,,6209,36,,,2,99,,6205,36,,,2,103,,6210,36,,,2,95,,6208,36,,,2,97,,6213,36,,,2,104,,6199,36,,,2,103,,6212,36,,,2,98,,6203,36,,,2,101,,6201,36,,,2,100,,6198,36,,,2,100,,6200,36,,,2
2201,'SAM',644,,6225,36,,,2,101,,6216,36,,,2,100,,6226,36,,,2,103,,6227,36,,,2,100,,6228,36,,,2,98,,6229,36,,,2,100,,6230,36,,,2,104,,6215,36,,,2,95,,6218,36,,,2,99,,6214,36,,,2,102,,6219,36,,,2,101,,6221,36,,,2,100,,6224,36,,,2,102,,6217,36,,,2,100,,6222,36,,,2,98,,6220,36,,,2,101,,6223,36,,,2
2201,'SEM',636,,6250,36,,,2,72,,6249,36,,,2,28,,6232,36,,,2,95,,6236,36,,,2,80,,6238,36,,,2,35,,6233,36,,,2,98,,6237,36,,,2,100,,6244,36,,,2,100,,6239,36,,,2,100,,6231,36,,,2,95,,6234,36,,,2,106,,6235,36,,,2,102,,6246,36,,,2,100,,6241,36,,,2,100,,6242,36,,,2,97,,6248,36,,,2,100,,6240,36,,,2,100,,6243,36,,,2,100,,6247,36,,,2,101,,6245,36,,,2
5801,'DIM',544,,8918,51,,,2,101,,8910,51,,,2,91,,2987,51,,,2,102,,8908,51,,,2,100,,8909,51,,,2,99,,8914,51,,,2,100,,8911,51,,,2,101,,8907,51,,,2,100,,8912,51,,,2,100,,8916,51,,,2,98,,8913,51,,,2,109,,8917,51,,,2,94,,8901,51,,,2,102,,8915,51,,,2,97,,8906,51,,,2,100,,8903,51,,,2,99,,8905,51,,,2,100,,8902,51,,,2,99,,8900,51,,,2,109,,8904,51,,,2
5801,'SAM',549,,8935,51,,,2,96,,8931,51,,,2,94,,8933,51,,,2,99,,8936,51,,,2,100,,8921,51,,,2,99,,8923,51,,,2,103,,8934,51,,,2,98,,8926,51,,,2,105,,8932,51,,,2,94,,8919,51,,,2,111,,8920,51,,,2,99,,8938,51,,,2,100,,8937,51,,,2,88,,8928,51,,,2,107,,8925,51,,,2,96,,8922,51,,,2,99,,8924,51,,,2,100,,8929,51,,,2,99,,8930,51,,,2,109,,8927,51,,,2
5801,'SEM',532,,8943,51,,,2,69,,8965,51,,,2,43,,8963,51,,,2,72,,8967,33,,,2,10,,8939,51,,,2,89,,8940,51,,,2,43,,8949,51,,,2,100,,8948,51,,,2,100,,8962,51,,,2,100,,8944,51,,,2,100,,8964,51,,,2,100,,8946,51,,,2,82,,8945,51,,,2,87,,8966,51,,,2,31,,8952,51,,,2,72,,8950,51,,,2,20,,8947,51,,,2,59,,8942,51,,,2,20,,8953,51,,,2,20,,8957,51,,,2,55,,8941,51,,,2,24,,8960,51,,,2,19,,8954,51,,,2,69,,8951,51,,,2,99,,8959,51,,,2,100,,8955,51,,,2,101,,8958,51,,,2,105,,8956,51,,,2,99,,8961,51,,,2
22201,'DIM',1413,,10829,36,,,2,815,,10827,36,,,2,84,,10828,36,,,2
22201,'SAM',1414,,10834,36,,,2,814,,10833,36,,,2,82,,10832,36,,,2,102,,10830,36,,,2,112,,10831,36,,,2
22201,'SEM',716,,10836,36,,,2,10,,10835,36,,,2,683,,10840,36,,,2,105,,10841,36,,,2,101,,10839,36,,,2,102,,10838,36,,,2,90,,10837,36,,,2,622,,10842,36,,,2
32201,'DIM',525,,10973,37,,,2,798,,10975,36,,,2,802,,10974,36,,,2
32201,'SAM',525,,10976,37,,,2,798,,10977,36,,,2
32201,'SEM',526,,10978,37,,,2,18,,10979,37,,,2,69,,10980,37,,,2,711,,10982,36,,,2,798,,10981,36,,,2
