5503,'SEM',644,,8701,17,,,2,160,,8706,17,,,2,101,,8705,17,,,2,103,,8703,17,,,2,51,,8717,17,,,2,100,,8702,17,,,2,100,,8704,17,,,2,141,,8707,17,,,2,56,,8708,17,,,2,81,,8711,17,,,2,85,,8712,17,,,2,37,,8713,17,,,2,69,,8714,17,,,2,31,,8709,17,,,2,97,,8715,17,,,2,88,,8716,17,,,2,104,,8710,17,,,2
6601,'DIM',601,,9585,44,,,1,100,,9584,44,,,1,103,,9590,44,,,1,101,,9586,44,,,1,31,,9588,44,,,1,72,,9587,44,,,1,30,,3640,44,,,1,75,,9593,44,,,1,30,,9591,44,,,1,70,,9577,44,,,1,101,,9592,44,,,1,100,,9583,44,,,1,100,,9589,44,,,1,100,,9575,44,,,1,101,,9578,44,,,1,100,,9576,44,,,1,98,,9580,44,,,1,97,,9582,44,,,1,100,,9581,44,,,1,100,,9579,44,,,1
6601,'SAM',601,,9602,44,,,1,100,,9605,44,,,1,103,,9599,44,,,1,98,,9601,44,,,1,34,,9603,44,,,1,72,,9604,44,,,1,30,,9609,44,,,1,75,,9613,44,,,1,30,,9610,44,,,1,70,,9608,44,,,1,101,,9611,44,,,1,100,,9594,44,,,1,100,,9607,44,,,1,100,,9606,44,,,1,101,,9612,44,,,1,100,,9596,44,,,1,98,,9597,44,,,1,97,,9600,44,,,1,100,,9598,44,,,1,100,,9595,44,,,1
6601,'SEM',645,,9630,44,,,1,106,,9622,44,,,1,91,,9617,44,,,1,105,,9621,44,,,1,105,,9624,44,,,1,100,,9623,44,,,1,106,,9616,44,,,1,100,,9619,44,,,1,100,,9615,44,,,1,76,,9614,44,,,1,90,,9618,44,,,1,94,,9627,44,,,1,104,,9620,44,,,1,97,,9626,44,,,1,97,,9628,44,,,1,99,,9629,44,,,1,97,,9625,44,,,1
25503,'DIM',821,,10899,14,,,2,100,,10901,14,,,2,99,,10900,14,,,2,100,,10902,14,,,2,101,,10897,14,,,2,100,,10887,14,,,2,101,,10898,14,,,2,100,,10888,14,,,2,101,,10892,14,,,2,100,,10903,14,,,2,102,,10893,14,,,2,97,,10889,14,,,2,100,,10896,14,,,2,98,,10890,14,,,2,100,,10894,14,,,2,100,,10891,14,,,2,100,,10895,14,,,2
25503,'SAM',821,,10915,14,,,2,100,,10917,14,,,2,99,,10916,14,,,2,100,,10918,14,,,2,101,,10904,14,,,2,100,,10919,14,,,2,101,,10905,14,,,2,100,,10920,14,,,2,101,,10906,14,,,2,100,,10909,14,,,2,101,,10913,14,,,2,98,,10910,14,,,2,100,,10914,14,,,2,98,,10907,14,,,2,100,,10911,14,,,2,100,,10908,14,,,2,100,,10912,14,,,2
25503,'SEM',2148,,10921,14,,,2,100,,10922,14,,,2,157,,10923,14,,,2
71303,'DIM',639,,11165,14,,,2,69,,11166,14,,,2,25,,11167,14,,,2
71303,'SAM',639,,10996,14,,,2,69,,10997,14,,,2,25,,10998,14,,,2
71303,'SEM',619,,4999,14,,,2,96,,11148,14,,,2,114,,5004,14,,,2,101,,5725,14,,,2,100,,11169,14,,,2,100,,5841,14,,,2,100,,11172,14,,,2,100,,11168,14,,,2,100,,11170,14,,,2,90,,11004,14,,,2,31,,11002,14,,,2,71,,11008,14,,,2,30,,11171,14,,,2,71,,11005,14,,,2,30,,11003,14,,,2,68,,5016,14,,,2,99,,5018,14,,,2,100,,11006,14,,,2,97,,5010,14,,,2,99,,11007,14,,,2,100,,5019,14,,,2,100,,5639,14,,,2,102,,5020,14,,,2
