4202,'DIM',511,,7724,77,,,2,40,,7761,77,,,2,68,,7734,77,,,2,30,,7721,77,,,2,70,,7745,77,,,2,30,,7743,77,,,2,72,,7748,77,,,2,31,,7751,77,,,2,70,,7722,77,,,2,33,,7756,77,,,2,71,,7753,77,,,2,30,,7759,77,,,2,55,,7746,77,,,2,18,,7752,77,,,2,22,,7747,77,,,2,60,,7742,77,,,2,21,,1847,77,,,2,21,,7762,77,,,2,62,,7744,77,,,2,18,,7760,77,,,2,23,,7719,77,,,2,60,,7764,77,,,2,18,,7749,77,,,2,22,,7750,77,,,2,59,,7754,77,,,2,21,,7725,77,,,2,20,,7757,77,,,2,57,,7726,77,,,2,24,,7758,77,,,2,20,,7763,77,,,2,59,,7729,77,,,2,25,,7755,77,,,2,75,,7732,77,,,2,36,,7735,77,,,2,69,,7738,77,,,2,29,,7720,77,,,2,72,,7740,77,,,2,30,,7727,77,,,2,69,,7730,77,,,2,27,,7723,77,,,2,68,,7736,77,,,2,31,,7739,77,,,2,68,,7728,77,,,2,30,,7731,77,,,2,68,,7733,77,,,2,29,,7737,77,,,2,79,,7741,77,,,2
4202,'SAM',511,,7767,77,,,2,41,,7765,77,,,2,67,,7781,77,,,2,23,,7803,77,,,2,83,,7794,77,,,2,26,,7788,77,,,2,74,,7776,77,,,2,33,,7804,77,,,2,66,,7792,77,,,2,30,,7795,77,,,2,74,,7799,77,,,2,28,,7789,77,,,2,54,,7811,77,,,2,21,,7806,77,,,2,20,,7787,77,,,2,60,,7810,77,,,2,19,,7797,77,,,2,21,,7783,77,,,2,64,,7807,77,,,2,16,,7790,77,,,2,23,,7812,77,,,2,62,,7791,77,,,2,16,,7793,77,,,2,24,,7784,77,,,2,60,,7798,77,,,2,19,,7809,77,,,2,23,,7796,77,,,2,55,,7800,77,,,2,23,,7769,77,,,2,20,,7808,77,,,2,60,,7805,77,,,2,25,,7777,77,,,2,75,,7801,77,,,2,36,,7802,77,,,2,71,,7782,77,,,2,27,,7766,77,,,2,69,,7770,77,,,2,28,,7772,77,,,2,74,,7774,77,,,2,26,,7775,77,,,2,69,,7768,77,,,2,31,,7771,77,,,2,64,,7773,77,,,2,33,,7778,77,,,2,68,,7779,77,,,2,31,,7780,77,,,2,78,,7785,77,,,2,30,,7786,77,,,2
4202,'SEM',510,,7837,77,,,2,104,,7861,77,,,2,23,,7867,77,,,2,13,,7871,77,,,2,9,,7875,77,,,2,45,,7877,77,,,2,6,,7814,77,,,2,6,,7817,77,,,2,3,,7879,19,,,2,3,,7820,77,,,2,2,,7878,19,,,2,2,,7822,77,,,2,6,,7824,77,,,2,6,,7828,77,,,2,9,,7858,77,,,2,55,,7865,77,,,2,11,,7818,77,,,2,9,,7869,77,,,2,12,,7827,77,,,2,11,,7862,77,,,2,14,,7874,77,,,2,49,,7868,77,,,2,11,,7872,77,,,2,17,,7876,77,,,2,18,,7839,77,,,2,54,,7825,77,,,2,24,,7819,77,,,2,16,,7830,77,,,2,69,,7860,77,,,2,10,,7870,77,,,2,25,,7838,77,,,2,56,,7816,77,,,2,24,,7863,77,,,2,21,,7864,77,,,2,54,,7859,77,,,2,27,,7866,77,,,2,20,,7821,77,,,2,60,,7873,77,,,2,21,,7815,77,,,2,15,,7834,77,,,2,60,,7832,77,,,2,19,,7813,77,,,2,13,,7826,77,,,2,17,,7835,77,,,2,56,,7833,77,,,2,15,,7831,77,,,2,15,,7823,77,,,2,57,,7842,77,,,2,15,,7844,77,,,2,13,,7846,77,,,2,15,,7849,77,,,2,56,,7829,77,,,2,16,,7836,77,,,2,15,,7845,77,,,2,14,,7854,77,,,2,69,,7856,77,,,2,27,,7847,77,,,2,76,,7853,77,,,2,39,,7857,77,,,2,70,,7855,77,,,2,30,,7840,77,,,2,70,,7841,77,,,2,76,,7843,77,,,2,28,,7848,77,,,2,73,,7850,77,,,2,27,,7852,77,,,2,70,,7851,77,,,2
4804,'DIM',608,,2444,58,,,1,110,,8366,58,,,1,103,,8365,58,,,1,107,,8362,58,,,1,108,,8367,58,,,1,101,,8364,58,,,1,99,,8368,58,,,1,104,,8370,58,,,1,97,,8363,58,,,1,106,,8369,58,,,1,100,,8357,58,,,1,99,,8360,58,,,1,97,,8358,58,,,1,98,,8361,58,,,1,98,,8356,58,,,1,100,,8354,58,,,1,100,,8359,58,,,1,99,,8355,58,,,1
4804,'SAM',607,,8382,58,,,1,113,,8387,58,,,1,102,,8384,58,,,1,106,,8371,58,,,1,108,,8385,58,,,1,101,,8389,58,,,1,100,,8388,58,,,1,97,,8390,58,,,1,107,,8386,58,,,1,102,,8372,58,,,1,100,,8375,58,,,1,99,,8379,58,,,1,97,,8376,58,,,1,98,,8373,58,,,1,98,,8383,58,,,1,100,,8380,58,,,1,100,,8374,58,,,1,99,,8377,58,,,1,92,,8378,58,,,1,26,,8381,58,,,1
4804,'SEM',539,,2475,58,,,1,84,,8411,58,,,1,20,,8413,58,,,1,60,,8393,58,,,1,24,,8404,58,,,1,25,,8407,58,,,1,59,,8399,58,,,1,22,,8416,58,,,1,69,,11221,58,,,1,29,,8397,58,,,1,70,,8396,58,,,1,30,,8412,58,,,1,27,,8417,58,,,1,147,,8414,58,,,1,100,,8415,58,,,1,101,,8391,58,,,1,99,,8401,58,,,1,39,,8398,58,,,1,74,,8395,58,,,1,37,,8392,58,,,1,92,,8402,58,,,1,68,,8409,58,,,1,103,,8400,58,,,1,106,,8406,58,,,1,104,,8405,58,,,1,97,,8403,58,,,1,98,,8410,58,,,1,100,,8408,58,,,1
5802,'DIM',625,,8984,56,,,2,101,,8981,56,,,2,93,,3051,56,,,2,100,,8975,56,,,2,100,,8976,56,,,2,99,,8980,56,,,2,100,,8977,56,,,2,101,,8974,56,,,2,101,,8978,56,,,2,100,,8982,56,,,2,98,,8979,56,,,2,108,,8983,56,,,2,94,,8968,56,,,2,99,,8970,56,,,2,100,,8973,56,,,2,99,,8971,56,,,2,99,,8972,56,,,2,99,,8969,56,,,2
5802,'SAM',625,,9000,56,,,2,101,,8985,56,,,2,93,,8998,56,,,2,100,,9001,56,,,2,100,,8989,56,,,2,99,,8991,56,,,2,103,,8999,56,,,2,98,,8994,56,,,2,106,,8997,56,,,2,94,,8986,56,,,2,111,,8988,56,,,2,98,,9002,56,,,2,92,,8987,56,,,2,99,,8995,56,,,2,103,,8993,56,,,2,96,,8990,56,,,2,99,,8992,56,,,2,99,,8996,56,,,2
5802,'SEM',547,,9022,56,,,2,66,,9006,56,,,2,38,,9026,56,,,2,53,,11228,56,,,2,18,,9027,48,,,2,9,,9024,56,,,2,70,,9009,56,,,2,16,,9003,56,,,2,42,,9004,56,,,2,81,,9011,56,,,2,100,,9010,56,,,2,100,,9023,56,,,2,100,,9007,56,,,2,101,,9025,56,,,2,102,,9008,56,,,2,65,,9015,56,,,2,31,,9012,56,,,2,105,,9014,56,,,2,69,,9021,56,,,2,99,,9016,56,,,2,99,,9017,56,,,2,46,,9013,56,,,2,98,,9020,56,,,2,100,,9018,56,,,2,100,,9019,56,,,2
7001,'DIM',740,,9696,76,,,1,100,,9699,76,,,1,102,,9698,76,,,1,100,,9702,76,,,1,66,,9703,76,,,1,31,,9705,76,,,1,64,,9700,76,,,1,43,,9704,76,,,1,60,,9701,76,,,1,38,,9707,76,,,1,71,,9706,76,,,1,32,,9683,76,,,1,61,,9697,76,,,1,38,,9682,76,,,1,60,,9687,76,,,1,34,,9684,76,,,1,75,,9689,76,,,1,32,,9686,76,,,1,74,,9688,76,,,1,30,,9693,76,,,1,94,,9691,76,,,1,99,,9690,76,,,1,100,,9685,76,,,1,99,,9694,76,,,1,98,,9695,76,,,1,97,,9692,76,,,1
7001,'SAM',740,,9728,76,,,1,100,,9726,76,,,1,102,,9731,76,,,1,100,,9727,76,,,1,67,,9733,76,,,1,28,,9732,76,,,1,67,,9730,76,,,1,42,,9708,76,,,1,64,,9709,76,,,1,33,,9729,76,,,1,67,,9711,76,,,1,33,,9725,76,,,1,64,,9710,76,,,1,39,,9713,76,,,1,69,,9714,76,,,1,27,,9717,76,,,1,71,,9712,76,,,1,34,,9718,76,,,1,74,,9719,76,,,1,30,,9722,76,,,1,94,,9721,76,,,1,99,,9723,76,,,1,100,,9720,76,,,1,99,,9716,76,,,1,99,,9715,76,,,1,96,,9724,76,,,1
7001,'SEM',556,,9735,76,,,1,57,,9769,76,,,1,28,,9739,76,,,1,14,,9768,76,,,1,71,,9748,76,,,1,30,,9767,76,,,1,75,,9738,76,,,1,15,,9743,76,,,1,73,,9734,76,,,1,27,,9744,76,,,1,67,,9745,76,,,1,35,,9740,76,,,1,67,,9765,76,,,1,30,,9766,76,,,1,71,,9754,76,,,1,29,,9737,76,,,1,72,,9736,76,,,1,30,,9741,76,,,1,72,,9746,76,,,1,29,,9747,76,,,1,78,,9749,76,,,1,30,,9751,76,,,1,69,,9755,76,,,1,26,,9757,76,,,1,79,,9742,76,,,1,27,,9760,76,,,1,69,,9761,76,,,1,25,,9756,76,,,1,81,,9752,76,,,1,75,,9750,76,,,1,42,,9759,76,,,1,100,,9753,76,,,1,101,,9758,76,,,1,104,,9763,76,,,1,91,,9762,76,,,1,174,,9764,76,,,1
