4503,'DIM',637,,8030,2,,,1,100,,2117,2,,,1,101,,2115,2,,,1,98,,8029,2,,,1,101,,8031,2,,,1,98,,8028,2,,,1,106,,8034,2,,,1,99,,8020,2,,,1,96,,8033,2,,,1,106,,8019,2,,,1,90,,8032,2,,,1,100,,8022,2,,,1,100,,8026,2,,,1,100,,8021,2,,,1,100,,8027,2,,,1,100,,8025,2,,,1,100,,8024,2,,,1,109,,8023,2,,,1
4503,'SAM',637,,8044,2,,,1,100,,8047,2,,,1,101,,8049,2,,,1,98,,8050,2,,,1,101,,8035,2,,,1,100,,8048,2,,,1,104,,8045,2,,,1,101,,8046,2,,,1,99,,8052,2,,,1,96,,8040,2,,,1,95,,8051,2,,,1,100,,8037,2,,,1,100,,8038,2,,,1,100,,8036,2,,,1,100,,8042,2,,,1,100,,8039,2,,,1,102,,8043,2,,,1,107,,8041,2,,,1
4503,'SEM',623,,8063,2,,,1,20,,8075,2,,,1,74,,8053,2,,,1,24,,8057,2,,,1,65,,8055,2,,,1,44,,8079,2,,,1,72,,8061,2,,,1,101,,8077,2,,,1,100,,8076,2,,,1,95,,8078,2,,,1,100,,8064,2,,,1,38,,8058,2,,,1,82,,8060,2,,,1,16,,8059,2,,,1,64,,8068,2,,,1,26,,8062,2,,,1,57,,8054,2,,,1,33,,8056,2,,,1,19,,8066,2,,,1,54,,8073,2,,,1,40,,8074,2,,,1,79,,8071,2,,,1,101,,8070,2,,,1,100,,8065,2,,,1,102,,8067,2,,,1,98,,8069,2,,,1,94,,8072,2,,,1
5001,'DIM',529,,8425,12,,,1,100,,8438,12,,,1,100,,8432,12,,,1,100,,8437,12,,,1,101,,8440,12,,,1,26,,8431,12,,,1,72,,8433,12,,,1,27,,8444,12,,,1,78,,8436,12,,,1,68,,8434,12,,,1,37,,8443,12,,,1,64,,8430,12,,,1,35,,8435,12,,,1,22,,8419,12,,,1,73,,8421,12,,,1,70,,8418,12,,,1,34,,8441,12,,,1,66,,8439,12,,,1,36,,8426,12,,,1,81,,8442,12,,,1,21,,8428,12,,,1,97,,8429,12,,,1,102,,8420,12,,,1,99,,8423,12,,,1,100,,8422,12,,,1,99,,8424,12,,,1,100,,8427,12,,,1
5001,'SAM',529,,8452,12,,,1,100,,8445,12,,,1,100,,8462,12,,,1,102,,8466,12,,,1,102,,8458,12,,,1,23,,8468,12,,,1,75,,8471,12,,,1,27,,8460,12,,,1,75,,8467,12,,,1,26,,8469,12,,,1,74,,8461,12,,,1,68,,8463,12,,,1,34,,8470,12,,,1,71,,8448,12,,,1,32,,8464,12,,,1,62,,8447,12,,,1,32,,8465,12,,,1,70,,8453,12,,,1,36,,8455,12,,,1,81,,8446,12,,,1,21,,8454,12,,,1,100,,8456,12,,,1,99,,8449,12,,,1,100,,8450,12,,,1,100,,8457,12,,,1,98,,8451,12,,,1,100,,8459,12,,,1
5001,'SEM',521,,8497,12,,,1,98,,8499,12,,,1,38,,8481,12,,,1,60,,8503,12,,,1,40,,8474,12,,,1,68,,8483,12,,,1,27,,8478,12,,,1,70,,8500,12,,,1,30,,8501,12,,,1,70,,8484,12,,,1,30,,8479,12,,,1,70,,8477,12,,,1,30,,8502,12,,,1,71,,8498,12,,,1,30,,8473,12,,,1,70,,8488,12,,,1,30,,8475,12,,,1,70,,8472,12,,,1,87,,8480,12,,,1,27,,8485,12,,,1,70,,8482,12,,,1,30,,8476,12,,,1,70,,8491,12,,,1,32,,8486,12,,,1,71,,8489,12,,,1,25,,8487,12,,,1,79,,8493,12,,,1,104,,8495,12,,,1,104,,8490,12,,,1,104,,8492,12,,,1,105,,8494,12,,,1,105,,8496,12,,,1,91,,8504,2,,,1
6001,'DIM',806,,9029,36,,,1,103,,9037,36,,,1,100,,9036,36,,,1,102,,9040,36,,,1,104,,9038,36,,,1,107,,9042,36,,,1,100,,9039,36,,,1,101,,9041,36,,,1,100,,9043,36,,,1,98,,9028,36,,,1,96,,9044,36,,,1,95,,9035,36,,,1,97,,9031,36,,,1,97,,9030,36,,,1,98,,9033,36,,,1,100,,9032,36,,,1,100,,9034,36,,,1
6001,'SAM',702,,9048,36,,,1,104,,9058,36,,,1,103,,9057,36,,,1,94,,9060,36,,,1,108,,9056,36,,,1,104,,9054,36,,,1,107,,9062,36,,,1,100,,9061,36,,,1,107,,9055,36,,,1,94,,9059,36,,,1,98,,9046,36,,,1,96,,9050,36,,,1,95,,9051,36,,,1,97,,9045,36,,,1,97,,9049,36,,,1,98,,9047,36,,,1,100,,9053,36,,,1,100,,9052,36,,,1
6001,'SEM',543,,9079,36,,,1,103,,9063,36,,,1,94,,9064,36,,,1,72,,9066,36,,,1,45,,9069,36,,,1,92,,9080,36,,,1,103,,9081,36,,,1,99,,9065,36,,,1,101,,9067,36,,,1,101,,9082,36,,,1,100,,9071,36,,,1,99,,9068,36,,,1,148,,9074,36,,,1,101,,9070,36,,,1,52,,9077,36,,,1,98,,9073,36,,,1,89,,9076,36,,,1,99,,9078,36,,,1,95,,9072,36,,,1,100,,9075,36,,,1
34503,'SEM',443,,10992,21,,,1,100,,10993,21,,,1
