5504,'SEM',631,,8735,59,,,2,28,,8736,29,,,2,48,,8719,59,,,2,9,,8721,59,,,2,89,,8734,59,,,2,34,,8725,59,,,2,92,,8724,59,,,2,100,,8723,59,,,2,100,,8720,59,,,2,99,,8733,59,,,2,100,,8718,59,,,2,100,,8722,59,,,2,102,,8726,59,,,2,95,,8727,59,,,2,84,,8728,59,,,2,45,,8729,59,,,2,72,,8730,59,,,2,99,,8732,59,,,2,93,,8731,59,,,2
6602,'DIM',708,,9636,11,,,1,104,,3688,11,,,1,101,,9644,11,,,1,100,,3696,11,,,1,103,,9632,11,,,1,99,,9645,11,,,1,100,,9642,11,,,1,133,,9634,11,,,1,94,,9643,11,,,1,76,,9633,11,,,1,30,,9639,11,,,1,70,,9631,11,,,1,30,,9646,11,,,1,68,,9637,11,,,1,100,,9640,11,,,1,100,,9638,11,,,1,98,,9635,11,,,1,100,,9641,11,,,1
6602,'SAM',708,,9656,11,,,1,101,,9658,11,,,1,98,,9660,11,,,1,106,,9663,11,,,1,103,,9659,11,,,1,99,,9661,11,,,1,100,,9647,11,,,1,133,,9649,11,,,1,100,,9652,11,,,1,70,,9664,11,,,1,30,,9655,11,,,1,70,,9651,11,,,1,30,,9662,11,,,1,68,,9653,11,,,1,101,,9657,11,,,1,99,,9654,11,,,1,98,,9648,11,,,1,100,,9650,11,,,1
6602,'SEM',647,,9680,11,,,1,103,,9681,11,,,1,101,,9671,11,,,1,104,,9674,11,,,1,100,,9673,11,,,1,146,,9666,11,,,1,100,,9669,11,,,1,100,,9665,11,,,1,30,,9667,11,,,1,91,,9668,11,,,1,96,,9672,11,,,1,104,,9670,11,,,1,99,,9677,11,,,1,100,,9675,11,,,1,99,,9676,11,,,1,100,,9678,11,,,1,31,,9679,11,,,1
25504,'DIM',635,,10932,59,,,2,100,,10935,59,,,2,102,,10938,59,,,2,100,,10936,59,,,2,102,,10939,59,,,2,100,,10937,59,,,2,100,,10940,59,,,2,102,,10933,59,,,2,100,,10924,59,,,2,101,,10934,59,,,2,100,,10925,59,,,2,102,,10928,59,,,2,99,,10941,59,,,2,100,,10930,59,,,2,98,,10926,59,,,2,97,,10931,59,,,2,98,,10927,59,,,2,98,,10929,59,,,2
25504,'SAM',635,,10951,59,,,2,100,,10952,59,,,2,102,,10955,59,,,2,100,,10953,59,,,2,102,,10956,59,,,2,100,,10954,59,,,2,100,,10957,59,,,2,102,,10942,59,,,2,100,,10958,59,,,2,101,,10943,59,,,2,100,,4935,59,,,2,102,,10944,59,,,2,99,,10946,59,,,2,101,,10949,59,,,2,97,,10947,59,,,2,97,,10950,59,,,2,98,,10945,59,,,2,98,,10948,59,,,2
25504,'SEM',514,,10959,59,,,2,27,,10960,59,,,2,1570,,10964,59,,,2,97,,10962,59,,,2,98,,10961,59,,,2,95,,10963,59,,,2
71304,'DIM',548,,11173,11,,,2,66,,11175,11,,,2,26,,11176,11,,,2,65,,11177,11,,,2,25,,11174,11,,,2
71304,'SAM',548,,11009,11,,,2,66,,11011,11,,,2,26,,11012,11,,,2,65,,11013,11,,,2,25,,11010,11,,,2
71304,'SEM',600,,11150,11,,,2,29,,5052,11,,,2,77,,5056,11,,,2,26,,5049,11,,,2,68,,5053,11,,,2,30,,11151,11,,,2,100,,5057,11,,,2,95,,5848,11,,,2,100,,11180,11,,,2,100,,11178,11,,,2,100,,11182,11,,,2,100,,11179,11,,,2,100,,11181,11,,,2,89,,11017,11,,,2,104,,5063,11,,,2,99,,5066,11,,,2,100,,5064,11,,,2,100,,5067,11,,,2,100,,11018,11,,,2,100,,5060,11,,,2,100,,5643,11,,,2,109,,5068,11,,,2
