4202,'DIM',503,,7724,59,,,2,39,,7761,59,,,2,67,,7734,59,,,2,30,,7721,59,,,2,70,,7745,59,,,2,29,,7743,59,,,2,70,,7748,59,,,2,31,,7751,59,,,2,70,,7722,59,,,2,33,,7756,59,,,2,71,,7753,59,,,2,30,,7759,59,,,2,15,,7746,59,,,2,58,,7752,59,,,2,22,,7747,59,,,2,20,,7742,59,,,2,61,,1847,59,,,2,21,,7762,59,,,2,62,,7744,59,,,2,18,,7760,59,,,2,23,,7719,59,,,2,60,,7764,59,,,2,18,,7749,59,,,2,22,,7750,59,,,2,59,,7754,59,,,2,21,,7725,59,,,2,20,,7757,59,,,2,57,,7726,59,,,2,24,,7758,59,,,2,20,,7763,59,,,2,59,,7729,59,,,2,25,,7755,59,,,2,75,,7732,59,,,2,36,,7735,59,,,2,69,,7738,59,,,2,30,,7720,59,,,2,72,,7740,59,,,2,30,,7727,59,,,2,70,,7730,59,,,2,28,,7723,59,,,2,68,,7736,59,,,2,31,,7739,59,,,2,68,,7728,59,,,2,30,,7731,59,,,2,69,,7733,59,,,2,29,,7737,59,,,2,79,,7741,59,,,2
4202,'SAM',503,,7767,59,,,2,40,,7765,59,,,2,66,,7781,59,,,2,23,,7803,59,,,2,83,,7794,59,,,2,25,,7788,59,,,2,72,,7776,59,,,2,33,,7804,59,,,2,66,,7792,59,,,2,30,,7795,59,,,2,74,,7799,59,,,2,28,,7789,59,,,2,14,,7811,59,,,2,61,,7806,59,,,2,20,,7787,59,,,2,20,,7810,59,,,2,59,,7797,59,,,2,21,,7783,59,,,2,64,,7807,59,,,2,16,,7790,59,,,2,23,,7812,59,,,2,62,,7791,59,,,2,16,,7793,59,,,2,24,,7784,59,,,2,60,,7798,59,,,2,19,,7809,59,,,2,23,,7796,59,,,2,55,,7800,59,,,2,23,,7769,59,,,2,20,,7808,59,,,2,60,,7805,59,,,2,25,,7777,59,,,2,75,,7801,59,,,2,36,,7802,59,,,2,71,,7782,59,,,2,28,,7766,59,,,2,69,,7770,59,,,2,28,,7772,59,,,2,75,,7774,59,,,2,27,,7775,59,,,2,69,,7768,59,,,2,31,,7771,59,,,2,64,,7773,59,,,2,33,,7778,59,,,2,69,,7779,59,,,2,31,,7780,59,,,2,78,,7785,59,,,2,30,,7786,59,,,2
4202,'SEM',459,,7837,59,,,2,144,,7861,59,,,2,22,,7867,59,,,2,13,,7871,59,,,2,8,,7875,59,,,2,5,,7877,59,,,2,6,,7814,59,,,2,45,,7817,59,,,2,3,,7879,1,,,2,3,,7820,59,,,2,2,,7878,1,,,2,2,,7822,59,,,2,6,,7824,59,,,2,6,,7828,59,,,2,9,,7858,59,,,2,15,,7865,59,,,2,11,,7818,59,,,2,49,,7869,59,,,2,12,,7827,59,,,2,11,,7862,59,,,2,14,,7874,59,,,2,9,,7868,59,,,2,52,,7872,59,,,2,17,,7876,59,,,2,18,,7839,59,,,2,14,,7825,59,,,2,64,,7819,59,,,2,16,,7830,59,,,2,69,,7860,59,,,2,10,,7870,59,,,2,25,,7838,59,,,2,16,,7816,59,,,2,64,,7863,59,,,2,21,,7864,59,,,2,14,,7859,59,,,2,67,,7866,59,,,2,20,,7821,59,,,2,60,,7873,59,,,2,20,,7815,59,,,2,15,,7834,59,,,2,20,,7832,59,,,2,58,,7813,59,,,2,13,,7826,59,,,2,16,,7835,59,,,2,57,,7833,59,,,2,16,,7831,59,,,2,15,,7823,59,,,2,18,,7842,59,,,2,55,,7844,59,,,2,13,,7846,59,,,2,15,,7849,59,,,2,16,,7829,59,,,2,56,,7836,59,,,2,15,,7845,59,,,2,14,,7854,59,,,2,70,,7856,59,,,2,27,,7847,59,,,2,76,,7853,59,,,2,40,,7857,59,,,2,71,,7855,59,,,2,30,,7840,59,,,2,70,,7841,59,,,2,38,,7843,59,,,2,68,,7848,59,,,2,33,,7850,59,,,2,67,,7852,59,,,2,30,,7851,59,,,2
5202,'DIM',644,,8660,103,,,2,111,,8657,103,,,2,100,,8654,103,,,2,100,,8655,103,,,2,101,,8661,103,,,2,100,,8659,103,,,2,100,,8664,103,,,2,102,,8656,103,,,2,100,,8658,103,,,2,100,,8648,103,,,2,142,,8662,103,,,2,58,,8663,103,,,2,101,,8652,103,,,2,98,,8651,103,,,2,99,,8653,103,,,2,100,,8649,103,,,2,99,,8650,103,,,2
5202,'SAM',644,,8678,103,,,2,111,,8672,103,,,2,98,,8675,103,,,2,101,,8674,103,,,2,102,,8676,103,,,2,100,,8679,103,,,2,99,,8680,103,,,2,101,,8681,103,,,2,102,,8666,103,,,2,98,,8667,103,,,2,145,,8677,103,,,2,55,,8668,103,,,2,103,,8665,103,,,2,98,,8671,103,,,2,100,,8673,103,,,2,99,,8670,103,,,2,99,,8669,103,,,2
5202,'SEM',606,,8695,103,,,2,50,,8694,103,,,2,74,,8682,103,,,2,29,,8697,103,,,2,143,,8699,103,,,2,99,,8687,103,,,2,99,,8685,103,,,2,100,,8696,103,,,2,100,,8698,103,,,2,100,,8700,103,,,2,100,,8684,103,,,2,103,,8686,103,,,2,99,,8683,103,,,2,99,,8692,103,,,2,99,,8689,103,,,2,59,,8693,103,,,2,100,,8688,103,,,2,99,,8691,103,,,2,100,,8690,103,,,2
5802,'DIM',610,,8984,22,,,2,100,,8981,22,,,2,91,,3051,22,,,2,100,,8975,22,,,2,100,,8976,22,,,2,99,,8980,22,,,2,100,,8977,22,,,2,101,,8974,22,,,2,100,,8978,22,,,2,100,,8982,22,,,2,58,,8979,22,,,2,149,,8983,22,,,2,94,,8968,22,,,2,100,,8970,22,,,2,100,,8973,22,,,2,100,,8971,22,,,2,100,,8972,22,,,2,99,,8969,22,,,2
5802,'SAM',610,,9000,22,,,2,100,,8985,22,,,2,91,,8998,22,,,2,100,,9001,22,,,2,100,,8989,22,,,2,99,,8991,22,,,2,103,,8999,22,,,2,98,,8994,22,,,2,105,,8997,22,,,2,94,,8986,22,,,2,111,,8988,22,,,2,99,,9002,22,,,2,92,,8987,22,,,2,100,,8995,22,,,2,103,,8993,22,,,2,97,,8990,22,,,2,100,,8992,22,,,2,99,,8996,22,,,2
5802,'SEM',529,,9022,22,,,2,26,,9006,22,,,2,76,,9026,22,,,2,13,,9005,22,,,2,58,,9027,14,,,2,9,,9024,22,,,2,31,,9009,22,,,2,16,,9003,22,,,2,82,,9004,22,,,2,82,,9011,22,,,2,100,,9010,22,,,2,100,,9023,22,,,2,100,,9007,22,,,2,101,,9025,22,,,2,101,,9008,22,,,2,25,,9015,22,,,2,71,,9012,22,,,2,105,,9014,22,,,2,30,,9021,22,,,2,100,,9016,22,,,2,99,,9017,22,,,2,87,,9013,22,,,2,99,,9020,22,,,2,100,,9018,22,,,2,100,,9019,22,,,2
25202,'SEM',537,,10885,55,,,2,98,,10886,55,,,2,187,,10884,55,,,2
