2601,'DIM',508,,627,52,,,2,51,,619,52,,,2,83,,6506,52,,,2,83,,620,52,,,2,25,,6512,52,,,2,66,,6510,52,,,2,30,,6517,52,,,2,72,,6513,52,,,2,31,,6511,52,,,2,70,,6520,52,,,2,30,,6514,52,,,2,65,,6516,52,,,2,25,,6519,52,,,2,62,,6524,52,,,2,18,,6509,52,,,2,20,,6486,52,,,2,20,,6518,52,,,2,60,,6490,52,,,2,20,,6521,52,,,2,20,,6507,52,,,2,63,,6508,52,,,2,19,,6525,52,,,2,59,,6491,52,,,2,18,,6515,52,,,2,24,,6492,52,,,2,58,,6494,52,,,2,20,,6495,52,,,2,20,,6496,52,,,2,62,,6523,52,,,2,18,,6498,52,,,2,21,,6500,52,,,2,63,,6502,52,,,2,41,,6522,52,,,2,70,,6501,52,,,2,30,,615,52,,,2,68,,6489,52,,,2,30,,6487,52,,,2,70,,6493,52,,,2,30,,6504,52,,,2,69,,6488,52,,,2,29,,6499,52,,,2,69,,6497,52,,,2,30,,6505,52,,,2,68,,6503,52,,,2
2601,'SAM',508,,678,52,,,2,51,,6541,52,,,2,83,,6553,52,,,2,85,,6558,52,,,2,23,,6561,52,,,2,66,,6557,52,,,2,31,,6564,52,,,2,73,,6566,52,,,2,29,,6552,52,,,2,70,,6565,52,,,2,31,,6559,52,,,2,63,,6555,52,,,2,24,,6568,52,,,2,64,,6571,52,,,2,18,,6527,52,,,2,20,,6560,52,,,2,20,,6526,52,,,2,60,,6562,52,,,2,20,,6572,52,,,2,62,,6554,52,,,2,19,,6556,52,,,2,21,,6570,52,,,2,18,,6563,52,,,2,60,,6569,52,,,2,21,,6528,52,,,2,60,,6529,52,,,2,20,,6532,52,,,2,19,,6533,52,,,2,63,,6530,52,,,2,19,,6538,52,,,2,22,,6539,52,,,2,60,,6535,52,,,2,44,,6567,52,,,2,74,,6540,52,,,2,24,,6542,52,,,2,70,,6544,52,,,2,28,,6550,52,,,2,70,,6534,52,,,2,30,,6549,52,,,2,69,,6545,52,,,2,29,,6536,52,,,2,69,,6531,52,,,2,27,,6546,52,,,2,71,,6537,52,,,2,29,,6543,52,,,2,69,,6547,52,,,2,31,,6548,52,,,2,81,,6551,52,,,2
2601,'SEM',511,,6574,52,,,2,31,,6616,52,,,2,72,,6609,52,,,2,23,,6575,52,,,2,11,,6635,52,,,2,7,,6573,52,,,2,47,,6576,52,,,2,8,,6582,52,,,2,6,,6585,52,,,2,2,,6588,52,,,2,4,,6590,52,,,2,5,,6580,52,,,2,4,,6595,52,,,2,7,,11154,52,,,2,10,,6604,52,,,2,52,,6634,52,,,2,15,,6605,52,,,2,19,,6638,52,,,2,17,,6601,52,,,2,50,,6596,52,,,2,12,,6583,52,,,2,13,,6599,52,,,2,15,,6606,52,,,2,15,,6598,52,,,2,62,,6636,52,,,2,18,,6591,52,,,2,20,,6594,52,,,2,60,,6603,52,,,2,20,,6617,52,,,2,20,,6632,52,,,2,60,,6584,52,,,2,21,,6577,52,,,2,20,,6608,52,,,2,60,,6630,52,,,2,20,,6633,52,,,2,66,,6581,52,,,2,25,,6593,52,,,2,15,,6578,52,,,2,60,,6637,52,,,2,15,,6607,52,,,2,20,,6586,52,,,2,17,,6589,52,,,2,62,,6602,52,,,2,17,,6579,52,,,2,15,,6592,52,,,2,56,,6597,52,,,2,16,,6587,52,,,2,15,,6614,52,,,2,17,,6610,52,,,2,55,,6611,52,,,2,16,,6600,52,,,2,14,,6622,52,,,2,64,,6618,52,,,2,21,,6624,52,,,2,33,,6626,52,,,2,69,,6623,52,,,2,29,,6621,52,,,2,78,,6627,52,,,2,20,,6612,52,,,2,61,,6615,52,,,2,29,,6613,52,,,2,75,,6620,52,,,2,88,,6625,52,,,2,13,,6619,52,,,2,29,,6628,52,,,2,76,,6629,52,,,2
3601,'SEM',632,,7135,29,,,2,20,,7132,29,,,2,55,,7127,29,,,2,14,,7129,29,,,2,9,,7130,29,,,2,11,,7133,29,,,2,62,,7134,29,,,2,33,,7128,29,,,2,71,,7131,29,,,2
4604,'DIM',546,,2298,60,,,1,100,,2304,60,,,1,101,,8226,60,,,1,100,,8227,60,,,1,101,,8224,60,,,1,102,,8229,60,,,1,103,,8231,60,,,1,99,,8232,60,,,1,96,,8225,60,,,1,102,,8216,60,,,1,107,,8228,60,,,1,96,,8219,60,,,1,102,,8220,60,,,1,98,,8230,60,,,1,99,,8222,60,,,1,100,,8217,60,,,1,100,,8221,60,,,1,99,,8223,60,,,1,100,,8218,60,,,1
4604,'SAM',546,,8234,60,,,1,100,,2327,60,,,1,101,,8245,60,,,1,100,,8246,60,,,1,101,,8250,60,,,1,102,,8248,60,,,1,103,,8247,60,,,1,101,,8251,60,,,1,97,,8233,60,,,1,102,,8244,60,,,1,105,,8243,60,,,1,97,,8249,60,,,1,99,,8236,60,,,1,99,,8239,60,,,1,99,,8242,60,,,1,100,,8237,60,,,1,100,,8240,60,,,1,95,,8235,60,,,1,100,,8238,60,,,1,103,,8241,60,,,1
4604,'SEM',508,,8283,60,,,1,48,,8278,60,,,1,68,,8280,60,,,1,27,,8252,60,,,1,63,,8258,60,,,1,12,,8260,60,,,1,11,,8263,60,,,1,68,,8253,60,,,1,33,,8266,60,,,1,65,,8261,60,,,1,31,,8267,60,,,1,25,,8262,60,,,1,70,,8255,60,,,1,30,,8264,60,,,1,70,,8272,60,,,1,30,,8281,60,,,1,70,,8282,60,,,1,30,,8284,60,,,1,70,,8279,60,,,1,76,,8254,60,,,1,24,,8257,60,,,1,73,,8256,60,,,1,33,,8270,60,,,1,84,,8259,60,,,1,34,,8273,60,,,1,61,,8265,60,,,1,93,,8268,60,,,1,51,,8276,60,,,1,95,,8269,60,,,1,99,,8277,60,,,1,99,,8271,60,,,1,100,,8274,60,,,1,99,,8275,60,,,1
6002,'DIM',728,,9084,51,,,1,102,,9093,51,,,1,102,,9092,51,,,1,101,,9096,51,,,1,103,,9094,51,,,1,104,,9098,51,,,1,101,,9095,51,,,1,100,,9097,51,,,1,100,,9099,51,,,1,98,,9083,51,,,1,99,,9100,51,,,1,97,,9090,51,,,1,97,,9086,51,,,1,100,,9085,51,,,1,99,,9088,51,,,1,99,,9087,51,,,1,99,,9089,51,,,1,97,,9091,51,,,1
6002,'SAM',728,,9114,51,,,1,102,,9113,51,,,1,96,,9116,51,,,1,107,,9112,51,,,1,103,,9110,51,,,1,104,,9118,51,,,1,101,,9117,51,,,1,97,,9111,51,,,1,103,,9115,51,,,1,98,,9102,51,,,1,99,,9106,51,,,1,97,,9107,51,,,1,97,,9101,51,,,1,100,,9105,51,,,1,99,,9103,51,,,1,99,,9109,51,,,1,99,,9108,51,,,1,97,,9104,51,,,1
6002,'SEM',706,,9119,51,,,1,124,,9135,51,,,1,82,,9134,51,,,1,102,,9122,51,,,1,96,,9121,51,,,1,101,,9123,51,,,1,100,,9137,51,,,1,100,,9136,51,,,1,97,,9124,51,,,1,107,,9120,51,,,1,102,,9125,51,,,1,98,,9131,51,,,1,94,,9127,51,,,1,97,,9130,51,,,1,97,,9133,51,,,1,99,,9126,51,,,1,98,,9129,51,,,1,49,,9128,51,,,1,99,,9132,51,,,1
6601,'DIM',558,,9585,37,,,1,100,,9584,37,,,1,142,,9590,37,,,1,101,,9586,37,,,1,30,,9588,37,,,1,72,,9587,37,,,1,30,,3640,37,,,1,75,,9593,37,,,1,30,,9591,37,,,1,70,,9577,37,,,1,101,,9592,37,,,1,100,,9583,37,,,1,100,,9589,37,,,1,100,,9575,37,,,1,101,,9578,37,,,1,100,,9576,37,,,1,99,,9580,37,,,1,97,,9582,37,,,1,100,,9581,37,,,1,100,,9579,37,,,1
6601,'SAM',558,,9602,37,,,1,100,,9605,37,,,1,142,,9599,37,,,1,58,,9601,37,,,1,73,,9603,37,,,1,72,,9604,37,,,1,30,,9609,37,,,1,75,,9613,37,,,1,30,,9610,37,,,1,70,,9608,37,,,1,101,,9611,37,,,1,100,,9594,37,,,1,100,,9607,37,,,1,100,,9606,37,,,1,101,,9612,37,,,1,100,,9596,37,,,1,99,,9597,37,,,1,97,,9600,37,,,1,100,,9598,37,,,1,100,,9595,37,,,1
6601,'SEM',641,,9630,37,,,1,105,,9622,37,,,1,91,,9617,37,,,1,105,,9621,37,,,1,105,,9624,37,,,1,100,,9623,37,,,1,106,,9616,37,,,1,100,,9619,37,,,1,100,,9615,37,,,1,76,,9614,37,,,1,90,,9618,37,,,1,94,,9627,37,,,1,104,,9620,37,,,1,97,,9626,37,,,1,98,,9628,37,,,1,99,,9629,37,,,1,97,,9625,37,,,1
22601,'SEM',735,,10859,24,,,2,8,,10856,24,,,2,12,,10854,24,,,2,53,,10855,24,,,2,16,,10857,24,,,2,18,,10858,24,,,2
