5504,'SEM',615,,8735,32,,,2,27,,8736,2,,,2,7,,8719,32,,,2,9,,8721,32,,,2,88,,8734,32,,,2,74,,8725,32,,,2,93,,8724,32,,,2,100,,8723,32,,,2,100,,8720,32,,,2,99,,8733,32,,,2,100,,8718,32,,,2,99,,8722,32,,,2,102,,8726,32,,,2,94,,8727,32,,,2,44,,8728,32,,,2,86,,8729,32,,,2,73,,8730,32,,,2,100,,8732,32,,,2,94,,8731,32,,,2
6104,'DIM',639,,9210,34,,,2,100,,9207,34,,,2,101,,9211,34,,,2,100,,9212,34,,,2,102,,9214,34,,,2,100,,9208,34,,,2,102,,9213,34,,,2,106,,9209,34,,,2,99,,9206,34,,,2,103,,9201,34,,,2,100,,9204,34,,,2,100,,9203,34,,,2,94,,9198,34,,,2,99,,9215,34,,,2,95,,9205,34,,,2,100,,9199,34,,,2,100,,9200,34,,,2,100,,9202,34,,,2
6104,'SAM',639,,9228,34,,,2,104,,9226,34,,,2,97,,9223,34,,,2,100,,9231,34,,,2,99,,9233,34,,,2,103,,9227,34,,,2,108,,9232,34,,,2,100,,9216,34,,,2,102,,9229,34,,,2,95,,9218,34,,,2,102,,9230,34,,,2,101,,9221,34,,,2,99,,9217,34,,,2,96,,9225,34,,,2,95,,9219,34,,,2,100,,9224,34,,,2,100,,9220,34,,,2,100,,9222,34,,,2
6104,'SEM',458,,9256,34,,,2,144,,9254,34,,,2,28,,9255,34,,,2,22,,9236,34,,,2,55,,9251,34,,,2,7,,9238,34,,,2,29,,9257,34,,,2,71,,9237,34,,,2,99,,9240,34,,,2,95,,9242,34,,,2,100,,9241,34,,,2,100,,9252,34,,,2,100,,9253,34,,,2,100,,9235,34,,,2,102,,9239,34,,,2,35,,9234,34,,,2,99,,9245,34,,,2,101,,9248,34,,,2,93,,9246,34,,,2,100,,9243,34,,,2,99,,9249,34,,,2,87,,9250,34,,,2,92,,9244,34,,,2,99,,9247,34,,,2
15104,'DIM',614,,10653,28,,,2,31,,10675,28,,,2,68,,10677,28,,,2,22,,10672,28,,,2,74,,10670,28,,,2,28,,10656,28,,,2,79,,10678,28,,,2,25,,10673,28,,,2,74,,10671,28,,,2,35,,10668,28,,,2,77,,10679,28,,,2,27,,10684,28,,,2,76,,10676,28,,,2,75,,10669,28,,,2,37,,10680,28,,,2,69,,10674,28,,,2,37,,10682,28,,,2,75,,10657,28,,,2,77,,10681,28,,,2,29,,10685,28,,,2,79,,10683,28,,,2,33,,10658,28,,,2,77,,10664,28,,,2,27,,10666,28,,,2,74,,10654,28,,,2,31,,10660,28,,,2,74,,10665,28,,,2,27,,10667,28,,,2,69,,10655,28,,,2,31,,10659,28,,,2,100,,10661,28,,,2,101,,10662,28,,,2,60,,10663,28,,,2
15104,'SAM',614,,10705,28,,,2,31,,10708,28,,,2,68,,10711,28,,,2,23,,10709,28,,,2,73,,10703,28,,,2,28,,10706,28,,,2,79,,10712,28,,,2,25,,10710,28,,,2,74,,10704,28,,,2,31,,10707,28,,,2,81,,10713,28,,,2,27,,10717,28,,,2,76,,10701,28,,,2,74,,10715,28,,,2,38,,10714,28,,,2,69,,10718,28,,,2,39,,10702,28,,,2,72,,10686,28,,,2,78,,10716,28,,,2,29,,10690,28,,,2,79,,10688,28,,,2,32,,10687,28,,,2,78,,10694,28,,,2,27,,10698,28,,,2,74,,10689,28,,,2,31,,10696,28,,,2,74,,10695,28,,,2,27,,10699,28,,,2,72,,10700,28,,,2,28,,10697,28,,,2,100,,10691,28,,,2,101,,10692,28,,,2,60,,10693,28,,,2
15104,'SEM',448,,10769,28,,,2,72,,10736,28,,,2,14,,10766,28,,,2,24,,10773,28,,,2,65,,10776,28,,,2,12,,10780,28,,,2,13,,10723,28,,,2,6,,10724,28,,,2,4,,10727,28,,,2,45,,10729,28,,,2,4,,10731,28,,,2,8,,10719,28,,,2,11,,10775,28,,,2,8,,10737,28,,,2,13,,10767,28,,,2,55,,10774,28,,,2,18,,10720,28,,,2,10,,10732,28,,,2,15,,10721,28,,,2,6,,10739,28,,,2,54,,10728,28,,,2,27,,10735,28,,,2,22,,10738,28,,,2,60,,10734,28,,,2,19,,10768,28,,,2,17,,10761,28,,,2,61,,10771,28,,,2,30,,10770,28,,,2,60,,10772,28,,,2,19,,10777,28,,,2,19,,11198,28,,,2,19,,10722,28,,,2,61,,10730,28,,,2,31,,10779,28,,,2,61,,10781,28,,,2,21,,10743,28,,,2,22,,10733,28,,,2,60,,10746,28,,,2,27,,10748,28,,,2,59,,10726,28,,,2,21,,10725,28,,,2,24,,10741,28,,,2,58,,10744,28,,,2,17,,10740,28,,,2,19,,10749,28,,,2,18,,10750,28,,,2,54,,10755,28,,,2,14,,10752,28,,,2,15,,10753,28,,,2,60,,10742,28,,,2,20,,10762,28,,,2,19,,10765,28,,,2,66,,10760,28,,,2,30,,10764,28,,,2,73,,10745,28,,,2,29,,10747,28,,,2,71,,10751,28,,,2,30,,10754,28,,,2,71,,10756,28,,,2,22,,10757,28,,,2,23,,10759,28,,,2,76,,10758,28,,,2,80,,10763,28,,,2
25104,'SEM',712,,10875,12,,,1,7,,10876,12,,,1,11,,10877,12,,,1,14,,10878,12,,,1,11,,10879,12,,,1,58,,10874,12,,,1
25504,'DIM',619,,10932,32,,,2,100,,10935,32,,,2,101,,10938,32,,,2,100,,10936,32,,,2,102,,10939,32,,,2,100,,10937,32,,,2,100,,10940,32,,,2,102,,10933,32,,,2,100,,10924,32,,,2,101,,10934,32,,,2,100,,10925,32,,,2,102,,10928,32,,,2,99,,10941,32,,,2,100,,10930,32,,,2,98,,10926,32,,,2,98,,10931,32,,,2,98,,10927,32,,,2,100,,10929,32,,,2
25504,'SAM',619,,10951,32,,,2,100,,10952,32,,,2,101,,10955,32,,,2,100,,10953,32,,,2,102,,10956,32,,,2,100,,10954,32,,,2,100,,10957,32,,,2,102,,10942,32,,,2,100,,10958,32,,,2,101,,10943,32,,,2,100,,4935,32,,,2,102,,10944,32,,,2,99,,10946,32,,,2,101,,10949,32,,,2,97,,10947,32,,,2,98,,10950,32,,,2,98,,10945,32,,,2,100,,10948,32,,,2
25504,'SEM',500,,10959,32,,,2,26,,10960,32,,,2,1529,,10964,32,,,2,99,,10962,32,,,2,98,,10961,32,,,2,95,,10963,32,,,2
