2401,'DIM',648,,6319,14,,,1,98,,444,14,,,1,105,,6318,14,,,1,101,,6315,14,,,1,101,,6321,14,,,1,70,,6317,14,,,1,30,,6324,14,,,1,70,,6323,14,,,1,26,,6326,14,,,1,77,,6327,14,,,1,24,,6320,14,,,1,76,,6306,14,,,1,24,,6328,14,,,1,72,,6322,14,,,1,32,,6307,14,,,1,72,,6325,14,,,1,74,,6310,14,,,1,24,,6329,14,,,1,30,,6308,14,,,1,100,,6311,14,,,1,100,,6312,14,,,1,100,,6309,14,,,1,97,,6316,14,,,1,99,,6313,14,,,1,95,,6314,14,,,1,99,,439,14,,,1
2401,'SAM',618,,6345,14,,,1,30,,6356,14,,,1,98,,6346,14,,,1,106,,6341,14,,,1,100,,6354,14,,,1,100,,6347,14,,,1,70,,6355,14,,,1,30,,6350,14,,,1,71,,6332,14,,,1,30,,6342,14,,,1,73,,6344,14,,,1,32,,6330,14,,,1,67,,6343,14,,,1,75,,6348,14,,,1,31,,6352,14,,,1,23,,6349,14,,,1,70,,6351,14,,,1,31,,6353,14,,,1,69,,6335,14,,,1,76,,6333,14,,,1,54,,6336,14,,,1,100,,6334,14,,,1,100,,6339,14,,,1,97,,6331,14,,,1,99,,6337,14,,,1,95,,6338,14,,,1,101,,6340,14,,,1
2401,'SEM',458,,6362,14,,,1,75,,6386,14,,,1,80,,6370,14,,,1,20,,6358,14,,,1,12,,6361,14,,,1,12,,6379,14,,,1,49,,6368,14,,,1,13,,11271,14,,,1,12,,6388,14,,,1,12,,6392,14,,,1,13,,6360,14,,,1,67,,11270,14,,,1,27,,6364,14,,,1,71,,6365,14,,,1,29,,6383,14,,,1,70,,6371,14,,,1,30,,6366,14,,,1,70,,6389,14,,,1,30,,6394,14,,,1,70,,6357,14,,,1,30,,6387,14,,,1,70,,6390,14,,,1,30,,6363,14,,,1,70,,6393,14,,,1,30,,6367,14,,,1,82,,6359,14,,,1,26,,6372,14,,,1,65,,6375,14,,,1,30,,6373,14,,,1,70,,6374,14,,,1,30,,6378,14,,,1,71,,6382,14,,,1,100,,6385,14,,,1,90,,6381,14,,,1,100,,6377,14,,,1,100,,6376,14,,,1,99,,6380,14,,,1,100,,6384,14,,,1
6601,'DIM',551,,9585,22,,,1,100,,9584,22,,,1,101,,9590,22,,,1,101,,9586,22,,,1,70,,9588,22,,,1,32,,9587,22,,,1,70,,3640,22,,,1,75,,9593,22,,,1,30,,9591,22,,,1,70,,9577,22,,,1,101,,9592,22,,,1,100,,9583,22,,,1,100,,9589,22,,,1,100,,9575,22,,,1,101,,9578,22,,,1,100,,9576,22,,,1,100,,9580,22,,,1,57,,9582,22,,,1,100,,9581,22,,,1,100,,9579,22,,,1
6601,'SAM',551,,9602,22,,,1,100,,9605,22,,,1,101,,9599,22,,,1,98,,9601,22,,,1,73,,9603,22,,,1,32,,9604,22,,,1,70,,9609,22,,,1,75,,9613,22,,,1,30,,9610,22,,,1,70,,9608,22,,,1,101,,9611,22,,,1,100,,9594,22,,,1,100,,9607,22,,,1,100,,9606,22,,,1,101,,9612,22,,,1,100,,9596,22,,,1,100,,9597,22,,,1,57,,9600,22,,,1,100,,9598,22,,,1,100,,9595,22,,,1
6601,'SEM',633,,9630,22,,,1,104,,11304,22,,,1,91,,9617,22,,,1,106,,9621,22,,,1,105,,9624,22,,,1,100,,9623,22,,,1,106,,9616,22,,,1,100,,9619,22,,,1,100,,9615,22,,,1,75,,9614,22,,,1,90,,9618,22,,,1,95,,9627,22,,,1,104,,9620,22,,,1,97,,9626,22,,,1,98,,9628,22,,,1,100,,9629,22,,,1,97,,9625,22,,,1
14401,'DIM',607,,10349,24,,,2,34,,10350,24,,,2,97,,10355,24,,,2,82,,10351,24,,,2,97,,10354,24,,,2,37,,10358,24,,,2,67,,10352,24,,,2,32,,10363,24,,,2,79,,10361,24,,,2,68,,10353,24,,,2,33,,10364,24,,,2,79,,10362,24,,,2,28,,10356,24,,,2,73,,10357,24,,,2,39,,10359,24,,,2,68,,10340,24,,,2,35,,10339,24,,,2,79,,10360,24,,,2,68,,10341,24,,,2,34,,10345,24,,,2,106,,10342,24,,,2,77,,10346,24,,,2,97,,10347,24,,,2,100,,10343,24,,,2,98,,10348,24,,,2,100,,10344,24,,,2
14401,'SAM',607,,10376,24,,,2,34,,10382,24,,,2,97,,10377,24,,,2,82,,10383,24,,,2,97,,10378,24,,,2,31,,10387,24,,,2,73,,10390,24,,,2,32,,10391,24,,,2,79,,10388,24,,,2,68,,10379,24,,,2,33,,10384,24,,,2,79,,10389,24,,,2,28,,10380,24,,,2,73,,10385,24,,,2,38,,10386,24,,,2,69,,10381,24,,,2,35,,10368,24,,,2,77,,10369,24,,,2,70,,10392,24,,,2,34,,10372,24,,,2,106,,10365,24,,,2,77,,10373,24,,,2,97,,10366,24,,,2,100,,10370,24,,,2,98,,10367,24,,,2,100,,10371,24,,,2,100,,10375,24,,,2,101,,10374,24,,,2
14401,'SEM',541,,10423,24,,,2,77,,11310,24,,,2,15,,10427,24,,,2,18,,10399,24,,,2,4,,10400,24,,,2,50,,10403,24,,,2,7,,11308,24,,,2,6,,10398,24,,,2,13,,10422,24,,,2,15,,10410,24,,,2,58,,10406,24,,,2,14,,11309,24,,,2,15,,10428,24,,,2,20,,10411,24,,,2,70,,10418,24,,,2,15,,10424,24,,,2,69,,10408,24,,,2,29,,10395,24,,,2,70,,10404,24,,,2,36,,10409,24,,,2,67,,10394,24,,,2,30,,10396,24,,,2,76,,10393,24,,,2,29,,10402,24,,,2,72,,10412,24,,,2,39,,10426,24,,,2,70,,10401,24,,,2,100,,10397,24,,,2,86,,10419,24,,,2,102,,10415,24,,,2,99,,10421,24,,,2,93,,10413,24,,,2,100,,10414,24,,,2,95,,10417,24,,,2,108,,11195,24,,,2,101,,10420,24,,,2
24401,'SEM',626,,10868,24,,,2,15,,11317,24,,,2
