2201,'DIM',648,,6206,46,,,2,100,,6207,46,,,2,104,,6204,46,,,2,100,,6211,46,,,2,100,,6202,46,,,2,101,,6209,46,,,2,99,,6205,46,,,2,103,,6210,46,,,2,95,,6208,46,,,2,97,,6213,46,,,2,104,,6199,46,,,2,103,,6212,46,,,2,98,,6203,46,,,2,101,,6201,46,,,2,100,,6198,46,,,2,100,,6200,46,,,2
2201,'SAM',649,,6225,46,,,2,101,,6216,46,,,2,100,,6226,46,,,2,103,,6227,46,,,2,100,,6228,46,,,2,98,,6229,46,,,2,100,,6230,46,,,2,104,,6215,46,,,2,95,,6218,46,,,2,99,,6214,46,,,2,102,,6219,46,,,2,101,,6221,46,,,2,100,,6224,46,,,2,102,,6217,46,,,2,100,,6222,46,,,2,98,,6220,46,,,2,101,,6223,46,,,2
2201,'SEM',641,,6250,46,,,2,73,,6249,46,,,2,29,,6232,46,,,2,94,,6236,46,,,2,80,,6238,46,,,2,34,,6233,46,,,2,98,,6237,46,,,2,100,,6244,46,,,2,100,,6239,46,,,2,100,,6231,46,,,2,95,,6234,46,,,2,107,,6235,46,,,2,102,,6246,46,,,2,100,,6241,46,,,2,100,,6242,46,,,2,96,,6248,46,,,2,100,,6240,46,,,2,100,,6243,46,,,2,100,,6247,46,,,2,101,,6245,46,,,2
5001,'DIM',549,,8425,53,,,1,100,,8438,53,,,1,101,,8432,53,,,1,101,,8437,53,,,1,101,,8440,53,,,1,66,,8431,53,,,1,32,,8433,53,,,1,68,,8444,53,,,1,39,,8436,53,,,1,68,,8434,53,,,1,77,,8443,53,,,1,24,,8430,53,,,1,75,,8435,53,,,1,22,,8419,53,,,1,33,,8421,53,,,1,71,,8418,53,,,1,74,,8441,53,,,1,26,,8439,53,,,1,76,,8426,53,,,1,41,,8442,53,,,1,61,,8428,53,,,1,97,,8429,53,,,1,101,,8420,53,,,1,99,,8423,53,,,1,100,,8422,53,,,1,99,,8424,53,,,1,99,,8427,53,,,1
5001,'SAM',549,,8452,53,,,1,100,,8445,53,,,1,101,,8462,53,,,1,103,,8466,53,,,1,102,,8458,53,,,1,63,,8468,53,,,1,35,,8471,53,,,1,68,,8460,53,,,1,36,,8467,53,,,1,66,,8469,53,,,1,34,,8461,53,,,1,68,,8463,53,,,1,34,,8470,53,,,1,71,,8448,53,,,1,72,,8464,53,,,1,23,,8447,53,,,1,32,,8465,53,,,1,70,,8453,53,,,1,76,,8455,53,,,1,41,,8446,53,,,1,61,,8454,53,,,1,100,,8456,53,,,1,98,,8449,53,,,1,100,,8450,53,,,1,100,,8457,53,,,1,98,,8451,53,,,1,99,,8459,53,,,1
5001,'SEM',545,,8497,53,,,1,99,,8499,53,,,1,82,,8481,53,,,1,20,,8503,53,,,1,77,,8474,53,,,1,28,,8483,53,,,1,67,,8478,53,,,1,30,,8500,53,,,1,69,,8501,53,,,1,30,,8484,53,,,1,70,,8479,53,,,1,30,,8477,53,,,1,71,,8502,53,,,1,31,,8498,53,,,1,70,,8473,53,,,1,30,,8488,53,,,1,70,,8475,53,,,1,31,,8472,53,,,1,90,,8480,53,,,1,67,,8485,53,,,1,30,,8482,53,,,1,70,,8476,53,,,1,30,,8491,53,,,1,69,,8486,53,,,1,30,,8489,53,,,1,65,,8487,53,,,1,39,,8493,53,,,1,104,,8495,53,,,1,104,,8490,53,,,1,104,,8492,53,,,1,101,,8494,53,,,1,104,,8496,53,,,1,91,,8504,43,,,1
5801,'DIM',548,,8918,61,,,2,101,,8910,61,,,2,91,,2987,61,,,2,103,,8908,61,,,2,100,,8909,61,,,2,99,,8914,61,,,2,100,,8911,61,,,2,101,,8907,61,,,2,100,,8912,61,,,2,100,,8916,61,,,2,98,,8913,61,,,2,109,,8917,61,,,2,94,,8901,61,,,2,102,,8915,61,,,2,97,,8906,61,,,2,100,,8903,61,,,2,99,,8905,61,,,2,100,,8902,61,,,2,98,,8900,61,,,2,109,,8904,61,,,2
5801,'SAM',553,,8935,61,,,2,96,,8931,61,,,2,94,,8933,61,,,2,100,,8936,61,,,2,100,,8921,61,,,2,99,,8923,61,,,2,103,,8934,61,,,2,98,,8926,61,,,2,105,,8932,61,,,2,94,,8919,61,,,2,111,,8920,61,,,2,99,,8938,61,,,2,100,,8937,61,,,2,88,,8928,61,,,2,107,,8925,61,,,2,96,,8922,61,,,2,99,,8924,61,,,2,100,,8929,61,,,2,98,,8930,61,,,2,109,,8927,61,,,2
5801,'SEM',538,,8943,61,,,2,69,,8965,61,,,2,43,,8963,61,,,2,72,,8967,43,,,2,10,,8939,61,,,2,89,,8940,61,,,2,83,,8949,61,,,2,100,,8948,61,,,2,100,,8962,61,,,2,100,,8944,61,,,2,100,,8964,61,,,2,100,,8946,61,,,2,42,,8945,61,,,2,87,,8966,61,,,2,71,,8952,61,,,2,32,,8950,61,,,2,20,,8947,61,,,2,59,,8942,61,,,2,20,,8953,61,,,2,20,,8957,61,,,2,55,,8941,61,,,2,24,,8960,61,,,2,19,,8954,61,,,2,69,,8951,61,,,2,99,,8959,61,,,2,100,,8955,61,,,2,100,,8958,61,,,2,105,,8956,61,,,2,99,,8961,61,,,2
22201,'DIM',1417,,10829,46,,,2,815,,10827,46,,,2,84,,10828,46,,,2
22201,'SAM',1418,,10834,46,,,2,814,,10833,46,,,2,82,,10832,46,,,2,102,,10830,46,,,2,112,,10831,46,,,2
22201,'SEM',722,,10836,46,,,2,10,,10835,46,,,2,682,,10840,46,,,2,106,,10841,46,,,2,101,,10839,46,,,2,102,,10838,46,,,2,90,,10837,46,,,2,621,,10842,46,,,2
