2201,'DIM',624,,6206,1,,,2,100,,6207,1,,,2,104,,6204,1,,,2,99,,6211,1,,,2,100,,6202,1,,,2,101,,6209,1,,,2,99,,6205,1,,,2,103,,6210,1,,,2,95,,6208,1,,,2,97,,6213,1,,,2,104,,6199,1,,,2,103,,6212,1,,,2,98,,6203,1,,,2,101,,6201,1,,,2,100,,6198,1,,,2,101,,6200,1,,,2
2201,'SAM',625,,6225,1,,,2,101,,6216,1,,,2,100,,6226,1,,,2,102,,6227,1,,,2,100,,6228,1,,,2,98,,6229,1,,,2,100,,6230,1,,,2,104,,6215,1,,,2,95,,6218,1,,,2,99,,6214,1,,,2,102,,6219,1,,,2,101,,6221,1,,,2,100,,6224,1,,,2,102,,6217,1,,,2,100,,6222,1,,,2,99,,6220,1,,,2,101,,6223,1,,,2
2201,'SEM',617,,6250,1,,,2,32,,6249,1,,,2,68,,6232,1,,,2,95,,6236,1,,,2,40,,6238,1,,,2,75,,11206,1,,,2,98,,6237,1,,,2,100,,6244,1,,,2,100,,6239,1,,,2,100,,6231,1,,,2,95,,6234,1,,,2,105,,6235,1,,,2,100,,6246,1,,,2,100,,6241,1,,,2,100,,6242,1,,,2,100,,6248,1,,,2,100,,6240,1,,,2,100,,6243,1,,,2,100,,6247,1,,,2,101,,6245,1,,,2
4803,'DIM',659,,8297,1,,,1,142,,8293,1,,,1,102,,8298,1,,,1,100,,8296,1,,,1,99,,8299,1,,,1,101,,8302,1,,,1,56,,8294,1,,,1,144,,8300,1,,,1,100,,8295,1,,,1,100,,8301,1,,,1,102,,8290,1,,,1,100,,8303,1,,,1,100,,8287,1,,,1,100,,8285,1,,,1,100,,8291,1,,,1,100,,8286,1,,,1,100,,8289,1,,,1,30,,8288,1,,,1,121,,8292,1,,,1
4803,'SAM',601,,8320,1,,,1,99,,8316,1,,,1,101,,8304,1,,,1,102,,8317,1,,,1,100,,8322,1,,,1,100,,8321,1,,,1,54,,8323,1,,,1,146,,8318,1,,,1,100,,8319,1,,,1,100,,8315,1,,,1,100,,8305,1,,,1,102,,8308,1,,,1,100,,8306,1,,,1,100,,8313,1,,,1,100,,8311,1,,,1,100,,8307,1,,,1,100,,8309,1,,,1,100,,8310,1,,,1,30,,8312,1,,,1,121,,8314,1,,,1
4803,'SEM',526,,8326,1,,,1,28,,8340,1,,,1,60,,8344,1,,,1,38,,8350,1,,,1,73,,11220,1,,,1,30,,8330,1,,,1,61,,8329,1,,,1,33,,8339,1,,,1,75,,8353,1,,,1,105,,8348,1,,,1,100,,8349,1,,,1,100,,8352,1,,,1,93,,8351,1,,,1,80,,8334,1,,,1,30,,8328,1,,,1,75,,8325,1,,,1,30,,8332,1,,,1,65,,8335,1,,,1,29,,8331,1,,,1,72,,8324,1,,,1,29,,8333,1,,,1,71,,8336,1,,,1,50,,8342,1,,,1,105,,8341,1,,,1,100,,8338,1,,,1,100,,8337,1,,,1,100,,8346,1,,,1,94,,8343,1,,,1,91,,8345,1,,,1,79,,8347,1,,,1
22201,'DIM',1354,,10829,1,,,2,855,,10827,1,,,2,44,,10828,1,,,2
22201,'SAM',1355,,10834,1,,,2,854,,10833,1,,,2,42,,10832,1,,,2,102,,10830,1,,,2,152,,10831,1,,,2
22201,'SEM',657,,10836,1,,,2,50,,10835,1,,,2,643,,10840,1,,,2,105,,10841,1,,,2,99,,10839,1,,,2,101,,10838,1,,,2,90,,10837,1,,,2,665,,10842,1,,,2
32201,'DIM',505,,10973,2,,,2,798,,10975,1,,,2,802,,10974,1,,,2
32201,'SAM',505,,10976,2,,,2,798,,10977,1,,,2
32201,'SEM',507,,10978,2,,,2,18,,10979,2,,,2,29,,10980,2,,,2,751,,10982,1,,,2,798,,10981,1,,,2
