202,'SAM',2619,,5889,7,,,1,81,,9,7,,,1
202,'SEM',521,,5890,7,,,1,26,,5894,7,,,1,56,,10,7,,,1,1999,,5891,7,,,1,40,,5892,7,,,1,80,,5893,7,,,1
1703,'DIM',619,,5976,5,,,1,84,,94,5,,,1,99,,5966,5,,,1,99,,5971,5,,,1,99,,5972,5,,,1,101,,5975,5,,,1,101,,5973,5,,,1,100,,5977,5,,,1,100,,5979,5,,,1,99,,5970,5,,,1,102,,5974,5,,,1,56,,5962,5,,,1,100,,5978,5,,,1,100,,5965,5,,,1,142,,5963,5,,,1,99,,5964,5,,,1,101,,5967,5,,,1,100,,89,5,,,1,102,,5969,5,,,1,120,,5968,5,,,1
1703,'SAM',536,,5991,5,,,1,83,,5983,5,,,1,84,,5990,5,,,1,98,,5996,5,,,1,100,,5993,5,,,1,100,,5994,5,,,1,102,,5992,5,,,1,99,,5998,5,,,1,100,,5989,5,,,1,100,,5995,5,,,1,99,,5999,5,,,1,102,,5997,5,,,1,97,,6000,5,,,1,59,,5980,5,,,1,99,,5981,5,,,1,101,,5982,5,,,1,99,,5988,5,,,1,143,,5986,5,,,1,100,,5987,5,,,1,103,,5984,5,,,1,121,,5985,5,,,1
1703,'SEM',550,,6021,5,,,1,152,,6003,5,,,1,102,,6009,5,,,1,96,,6008,5,,,1,59,,6024,5,,,1,100,,6011,5,,,1,100,,6007,5,,,1,100,,6004,5,,,1,99,,6005,5,,,1,96,,6010,5,,,1,77,,6012,5,,,1,22,,6006,5,,,1,75,,6001,5,,,1,27,,6017,5,,,1,75,,6002,5,,,1,77,,6014,5,,,1,29,,6013,5,,,1,68,,6019,5,,,1,100,,6015,5,,,1,100,,6016,5,,,1,100,,6020,5,,,1,100,,6018,5,,,1,52,,6023,5,,,1,150,,6022,5,,,1
2703,'DIM',857,,6814,5,,,2,100,,6809,5,,,2,95,,6810,5,,,2,104,,6812,5,,,2,101,,6808,5,,,2,100,,6806,5,,,2,96,,6807,5,,,2,148,,6811,5,,,2,58,,6813,5,,,2,100,,6799,5,,,2,100,,6798,5,,,2,98,,6804,5,,,2,100,,6802,5,,,2,100,,6803,5,,,2,102,,6800,5,,,2,100,,6801,5,,,2,100,,6805,5,,,2
2703,'SAM',657,,6828,5,,,2,100,,6825,5,,,2,96,,6830,5,,,2,104,,6832,5,,,2,95,,6824,5,,,2,104,,6815,5,,,2,96,,6826,5,,,2,105,,6829,5,,,2,147,,6827,5,,,2,55,,6831,5,,,2,100,,6833,5,,,2,100,,6818,5,,,2,100,,6821,5,,,2,98,,6817,5,,,2,100,,6819,5,,,2,99,,6816,5,,,2,103,,6822,5,,,2,100,,6820,5,,,2,100,,6823,5,,,2
2703,'SEM',814,,6834,5,,,2,41,,6837,5,,,2,98,,6854,5,,,2,100,,6853,5,,,2,98,,6839,5,,,2,94,,6846,5,,,2,100,,6842,5,,,2,101,,6836,5,,,2,80,,6838,5,,,2,80,,6841,5,,,2,15,,6844,5,,,2,30,,6847,5,,,2,70,,6835,5,,,2,24,,6840,5,,,2,104,,6849,5,,,2,91,,6852,5,,,2,108,,6845,5,,,2,100,,6843,5,,,2,99,,6848,5,,,2,101,,6850,5,,,2,95,,6851,5,,,2
3103,'DIM',633,,6925,7,,,1,99,,6924,7,,,1,99,,6929,7,,,1,99,,6932,7,,,1,99,,6933,7,,,1,101,,6930,7,,,1,100,,6926,7,,,1,101,,6928,7,,,1,101,,6916,7,,,1,96,,6927,7,,,1,101,,6931,7,,,1,102,,6920,7,,,1,98,,6918,7,,,1,100,,6919,7,,,1,102,,6917,7,,,1,100,,6923,7,,,1,100,,6922,7,,,1,100,,6921,7,,,1
3103,'SAM',633,,6946,7,,,1,100,,6949,7,,,1,98,,6947,7,,,1,98,,6950,7,,,1,98,,6952,7,,,1,101,,6934,7,,,1,102,,6944,7,,,1,100,,6948,7,,,1,100,,6945,7,,,1,102,,6951,7,,,1,97,,6937,7,,,1,102,,6938,7,,,1,99,,6941,7,,,1,99,,6935,7,,,1,100,,6942,7,,,1,102,,6943,7,,,1,102,,6936,7,,,1,97,,6940,7,,,1,98,,6939,7,,,1
3103,'SEM',628,,6975,7,,,1,100,,6954,7,,,1,101,,6972,7,,,1,100,,6974,7,,,1,100,,6973,7,,,1,100,,6953,7,,,1,99,,6971,7,,,1,100,,6956,7,,,1,100,,6957,7,,,1,96,,6961,7,,,1,23,,6963,7,,,1,74,,6958,7,,,1,20,,6955,7,,,1,82,,6968,7,,,1,30,,6970,7,,,1,71,,6964,7,,,1,33,,6960,7,,,1,77,,6966,7,,,1,102,,6959,7,,,1,99,,6962,7,,,1,102,,6967,7,,,1,97,,6965,7,,,1,110,,6969,7,,,1
4303,'DIM',633,,7892,5,,,1,100,,7893,5,,,1,100,,7894,5,,,1,100,,7885,5,,,1,106,,7886,5,,,1,103,,7895,5,,,1,99,,7898,5,,,1,101,,7896,5,,,1,97,,7899,5,,,1,100,,7897,5,,,1,102,,7880,5,,,1,105,,7884,5,,,1,94,,7891,5,,,1,100,,7888,5,,,1,100,,7882,5,,,1,99,,7881,5,,,1,100,,7883,5,,,1,94,,7887,5,,,1,100,,7890,5,,,1,100,,7889,5,,,1
4303,'SAM',633,,7906,5,,,1,100,,7907,5,,,1,100,,7911,5,,,1,105,,7914,5,,,1,103,,7917,5,,,1,101,,7915,5,,,1,100,,7900,5,,,1,103,,7916,5,,,1,97,,7913,5,,,1,97,,7912,5,,,1,101,,7919,5,,,1,100,,7918,5,,,1,104,,7901,5,,,1,96,,7903,5,,,1,100,,7902,5,,,1,99,,7909,5,,,1,100,,7905,5,,,1,94,,7904,5,,,1,100,,7910,5,,,1,100,,7908,5,,,1
4303,'SEM',634,,7925,5,,,1,100,,7939,5,,,1,82,,7923,5,,,1,103,,7930,5,,,1,30,,7922,5,,,1,70,,7920,5,,,1,29,,7947,5,,,1,70,,7934,5,,,1,30,,7924,5,,,1,70,,7945,5,,,1,30,,7946,5,,,1,70,,7928,5,,,1,30,,7931,5,,,1,71,,7927,5,,,1,30,,7921,5,,,1,70,,7932,5,,,1,25,,7926,5,,,1,70,,7937,5,,,1,25,,7933,5,,,1,70,,7936,5,,,1,30,,7929,5,,,1,70,,7935,5,,,1,99,,7944,5,,,1,100,,7940,5,,,1,105,,7942,5,,,1,100,,7938,5,,,1,108,,7943,5,,,1,110,,7941,5,,,1
4803,'DIM',702,,8297,5,,,1,103,,8293,5,,,1,102,,8298,5,,,1,100,,8296,5,,,1,99,,8299,5,,,1,102,,8302,5,,,1,96,,8294,5,,,1,104,,8300,5,,,1,100,,8295,5,,,1,99,,8301,5,,,1,102,,8290,5,,,1,100,,8303,5,,,1,100,,8287,5,,,1,100,,8285,5,,,1,99,,8291,5,,,1,100,,8286,5,,,1,100,,8289,5,,,1,30,,8288,5,,,1,121,,8292,5,,,1
4803,'SAM',604,,8320,5,,,1,99,,8316,5,,,1,102,,8304,5,,,1,102,,8317,5,,,1,100,,8322,5,,,1,100,,8321,5,,,1,95,,8323,5,,,1,106,,8318,5,,,1,100,,8319,5,,,1,100,,8315,5,,,1,99,,8305,5,,,1,102,,8308,5,,,1,100,,8306,5,,,1,100,,8313,5,,,1,100,,8311,5,,,1,99,,8307,5,,,1,100,,8309,5,,,1,100,,8310,5,,,1,30,,8312,5,,,1,121,,8314,5,,,1
4803,'SEM',530,,8326,5,,,1,28,,8340,5,,,1,60,,8344,5,,,1,38,,8350,5,,,1,73,,11220,5,,,1,30,,8330,5,,,1,61,,8329,5,,,1,33,,8339,5,,,1,75,,8353,5,,,1,105,,8348,5,,,1,100,,8349,5,,,1,100,,8352,5,,,1,93,,8351,5,,,1,80,,8334,5,,,1,30,,8328,5,,,1,75,,8325,5,,,1,31,,8332,5,,,1,65,,8335,5,,,1,29,,8331,5,,,1,72,,8324,5,,,1,29,,8333,5,,,1,71,,8336,5,,,1,49,,8342,5,,,1,145,,8341,5,,,1,100,,8338,5,,,1,99,,8337,5,,,1,100,,8346,5,,,1,54,,8343,5,,,1,91,,8345,5,,,1,79,,8347,5,,,1
5801,'DIM',523,,8918,5,,,2,100,,8910,5,,,2,90,,2987,5,,,2,101,,8908,5,,,2,100,,8909,5,,,2,99,,8914,5,,,2,100,,8911,5,,,2,101,,8907,5,,,2,100,,8912,5,,,2,100,,8916,5,,,2,98,,8913,5,,,2,109,,8917,5,,,2,94,,8901,5,,,2,102,,8915,5,,,2,97,,8906,5,,,2,100,,8903,5,,,2,100,,8905,5,,,2,100,,8902,5,,,2,99,,8900,5,,,2,109,,8904,5,,,2
5801,'SAM',528,,8935,5,,,2,95,,8931,5,,,2,93,,8933,5,,,2,98,,8936,5,,,2,100,,8921,5,,,2,99,,8923,5,,,2,103,,8934,5,,,2,98,,8926,5,,,2,105,,8932,5,,,2,94,,8919,5,,,2,111,,8920,5,,,2,99,,8938,5,,,2,100,,8937,5,,,2,88,,8928,5,,,2,107,,8925,5,,,2,96,,8922,5,,,2,100,,8924,5,,,2,100,,8929,5,,,2,99,,8930,5,,,2,109,,8927,5,,,2
5801,'SEM',510,,8943,5,,,2,28,,8965,5,,,2,82,,8963,5,,,2,38,,8939,5,,,2,92,,8940,5,,,2,84,,8949,5,,,2,100,,8948,5,,,2,100,,8962,5,,,2,100,,8944,5,,,2,100,,8964,5,,,2,100,,8946,5,,,2,80,,8945,5,,,2,87,,8966,5,,,2,31,,8952,5,,,2,71,,8950,5,,,2,20,,8947,5,,,2,19,,8942,5,,,2,60,,8953,5,,,2,20,,8957,5,,,2,15,,8941,5,,,2,65,,8960,5,,,2,19,,8954,5,,,2,30,,8951,5,,,2,100,,8959,5,,,2,100,,8955,5,,,2,102,,8958,5,,,2,105,,8956,5,,,2,99,,8961,5,,,2
6002,'DIM',653,,9084,5,,,1,99,,9093,5,,,1,100,,9092,5,,,1,101,,9096,5,,,1,100,,9094,5,,,1,100,,9098,5,,,1,100,,9095,5,,,1,100,,9097,5,,,1,100,,9099,5,,,1,99,,9083,5,,,1,100,,9100,5,,,1,100,,9090,5,,,1,100,,9086,5,,,1,101,,9085,5,,,1,100,,9088,5,,,1,100,,9087,5,,,1,100,,9089,5,,,1,99,,9091,5,,,1
6002,'SAM',653,,9114,5,,,1,99,,9113,5,,,1,94,,9116,5,,,1,107,,9112,5,,,1,100,,9110,5,,,1,100,,9118,5,,,1,100,,9117,5,,,1,97,,9111,5,,,1,103,,9115,5,,,1,99,,9102,5,,,1,100,,9106,5,,,1,100,,9107,5,,,1,100,,9101,5,,,1,101,,9105,5,,,1,100,,9103,5,,,1,100,,9109,5,,,1,100,,9108,5,,,1,99,,9104,5,,,1
6002,'SEM',628,,9119,5,,,1,116,,9135,5,,,1,82,,9134,5,,,1,102,,11229,5,,,1,96,,9121,5,,,1,100,,9123,5,,,1,100,,9137,5,,,1,100,,9136,5,,,1,96,,9124,5,,,1,104,,9120,5,,,1,101,,9125,5,,,1,100,,9131,5,,,1,101,,9127,5,,,1,98,,9130,5,,,1,100,,9133,5,,,1,99,,9126,5,,,1,100,,9129,5,,,1,90,,9128,5,,,1,100,,9132,5,,,1
7002,'DIM',657,,3827,5,,,1,101,,9785,5,,,1,100,,9786,5,,,1,100,,9783,5,,,1,67,,9781,5,,,1,33,,9772,5,,,1,72,,9793,5,,,1,29,,9782,5,,,1,67,,9778,5,,,1,33,,9780,5,,,1,70,,9789,5,,,1,30,,9787,5,,,1,70,,9788,5,,,1,30,,9776,5,,,1,71,,9784,5,,,1,24,,9790,5,,,1,78,,9773,5,,,1,74,,9792,5,,,1,34,,9771,5,,,1,74,,9791,5,,,1,95,,9794,5,,,1,95,,9774,5,,,1,55,,9770,5,,,1,100,,9777,5,,,1,99,,9775,5,,,1,143,,9779,5,,,1
7002,'SAM',657,,9814,5,,,1,97,,9812,5,,,1,99,,9817,5,,,1,99,,9816,5,,,1,75,,9810,5,,,1,31,,9813,5,,,1,72,,9809,5,,,1,29,,9802,5,,,1,72,,9815,5,,,1,27,,9807,5,,,1,75,,9820,5,,,1,26,,9798,5,,,1,76,,9808,5,,,1,69,,9819,5,,,1,23,,9811,5,,,1,32,,9822,5,,,1,69,,9821,5,,,1,72,,9818,5,,,1,42,,9797,5,,,1,72,,9804,5,,,1,95,,9806,5,,,1,50,,9805,5,,,1,98,,9799,5,,,1,101,,9800,5,,,1,100,,9801,5,,,1,101,,9803,5,,,1
7002,'SEM',530,,9844,5,,,1,97,,9829,5,,,1,25,,9850,5,,,1,71,,9856,5,,,1,33,,9828,5,,,1,72,,9830,5,,,1,31,,9854,5,,,1,70,,9853,5,,,1,30,,9826,5,,,1,70,,9843,5,,,1,30,,9851,5,,,1,70,,9825,5,,,1,30,,9852,5,,,1,71,,9845,5,,,1,70,,9855,5,,,1,40,,9827,5,,,1,60,,9824,5,,,1,27,,9832,5,,,1,31,,9836,5,,,1,70,,9831,5,,,1,31,,9838,5,,,1,71,,9833,5,,,1,29,,9834,5,,,1,73,,9837,5,,,1,75,,9835,5,,,1,31,,9841,5,,,1,81,,9842,5,,,1,87,,9848,5,,,1,100,,9839,5,,,1,104,,9840,5,,,1,105,,9846,5,,,1,102,,9849,5,,,1,104,,9847,5,,,1
7303,'DIM',648,,9874,5,,,1,99,,9869,5,,,1,99,,9871,5,,,1,99,,9868,5,,,1,101,,9870,5,,,1,99,,9872,5,,,1,102,,9861,5,,,1,98,,9867,5,,,1,100,,9873,5,,,1,100,,9875,5,,,1,101,,9859,5,,,1,100,,9860,5,,,1,98,,9857,5,,,1,102,,9862,5,,,1,100,,9865,5,,,1,100,,9858,5,,,1,100,,9863,5,,,1,101,,9866,5,,,1,106,,9864,5,,,1
7303,'SAM',553,,9890,5,,,1,95,,9877,5,,,1,99,,9894,5,,,1,99,,9892,5,,,1,99,,9879,5,,,1,101,,9891,5,,,1,100,,9895,5,,,1,100,,9893,5,,,1,100,,9876,5,,,1,100,,9896,5,,,1,100,,9897,5,,,1,100,,9882,5,,,1,100,,9878,5,,,1,99,,9884,5,,,1,101,,9883,5,,,1,100,,9880,5,,,1,100,,9881,5,,,1,100,,9885,5,,,1,102,,9886,5,,,1,105,,9888,5,,,1,102,,9887,5,,,1,98,,9889,5,,,1
7303,'SEM',541,,9942,5,,,1,65,,9939,5,,,1,37,,9940,5,,,1,7,,9908,5,,,1,77,,9904,5,,,1,23,,9911,5,,,1,81,,9913,5,,,1,14,,9921,5,,,1,69,,9903,5,,,1,30,,9901,5,,,1,70,,9943,5,,,1,30,,9915,5,,,1,70,,9909,5,,,1,30,,9941,5,,,1,69,,9910,5,,,1,30,,9918,5,,,1,70,,9944,5,,,1,30,,9902,5,,,1,70,,9919,5,,,1,26,,9899,5,,,1,70,,9912,5,,,1,30,,9945,5,,,1,20,,9898,5,,,1,57,,9926,5,,,1,18,,9914,5,,,1,13,,9900,5,,,1,54,,9905,5,,,1,15,,9907,5,,,1,16,,9906,5,,,1,14,,9929,5,,,1,13,,9916,5,,,1,57,,9922,5,,,1,14,,9917,5,,,1,19,,9928,5,,,1,75,,9932,5,,,1,26,,9920,5,,,1,73,,9923,5,,,1,28,,9935,5,,,1,71,,9925,5,,,1,30,,9927,5,,,1,67,,9924,5,,,1,33,,9931,5,,,1,70,,9936,5,,,1,30,,9938,5,,,1,75,,9930,5,,,1,30,,9933,5,,,1,67,,9934,5,,,1,122,,9937,5,,,1
7401,'DIM',718,,10038,5,,,2,98,,10039,5,,,2,100,,10045,5,,,2,99,,10043,5,,,2,101,,10040,5,,,2,100,,10041,5,,,2,101,,10042,5,,,2,100,,10046,5,,,2,100,,10044,5,,,2,99,,10047,5,,,2,100,,10031,5,,,2,98,,10035,5,,,2,100,,10037,5,,,2,102,,10036,5,,,2,101,,10034,5,,,2,99,,10032,5,,,2,100,,10033,5,,,2
7401,'SAM',719,,10058,5,,,2,99,,10056,5,,,2,100,,10061,5,,,2,99,,10064,5,,,2,100,,10059,5,,,2,100,,10062,5,,,2,98,,10057,5,,,2,102,,10063,5,,,2,100,,10060,5,,,2,101,,10050,5,,,2,98,,10048,5,,,2,100,,10054,5,,,2,100,,10055,5,,,2,102,,10053,5,,,2,101,,10049,5,,,2,97,,10051,5,,,2,100,,10052,5,,,2
7401,'SEM',620,,10082,5,,,2,95,,10083,5,,,2,100,,10069,5,,,2,106,,10071,5,,,2,97,,10068,5,,,2,100,,10081,5,,,2,101,,10084,5,,,2,100,,10067,5,,,2,99,,10065,5,,,2,99,,10072,5,,,2,90,,10066,5,,,2,102,,10075,5,,,2,30,,10070,5,,,2,80,,10079,5,,,2,99,,10073,5,,,2,100,,10077,5,,,2,100,,10076,5,,,2,97,,10074,5,,,2,103,,10078,5,,,2,98,,10080,5,,,2
34503,'SEM',434,,10992,7,,,1,99,,10993,7,,,1
