1602,'SEM',645,,5960,3,,,1,68,,5956,3,,,1,36,,5958,3,,,1,64,,5961,3,,,1,34,,5959,3,,,1,68,,5957,3,,,1
3904,'DIM',852,,1465,64,,,1,101,,7336,64,,,1,95,,7342,64,,,1,54,,7340,64,,,1,35,,7344,64,,,1,68,,7349,64,,,1,34,,7337,64,,,1,71,,7348,64,,,1,31,,7335,64,,,1,69,,7330,64,,,1,36,,7339,64,,,1,65,,7338,64,,,1,28,,7343,64,,,1,67,,7346,64,,,1,35,,7345,64,,,1,70,,7332,64,,,1,29,,7341,64,,,1,70,,7347,64,,,1,39,,7333,64,,,1,85,,7328,64,,,1,99,,7331,64,,,1,97,,7334,64,,,1,99,,7329,64,,,1
3904,'SAM',852,,7364,64,,,1,103,,7363,64,,,1,93,,7365,64,,,1,54,,7369,64,,,1,37,,7366,64,,,1,70,,7361,64,,,1,30,,7368,64,,,1,71,,7370,64,,,1,30,,7360,64,,,1,70,,7359,64,,,1,35,,7362,64,,,1,69,,7350,64,,,1,29,,7351,64,,,1,65,,7367,64,,,1,33,,7354,64,,,1,70,,7371,64,,,1,29,,7355,64,,,1,70,,7357,64,,,1,39,,7352,64,,,1,85,,7356,64,,,1,99,,7358,64,,,1,97,,7353,64,,,1,99,,1475,64,,,1
3904,'SEM',642,,7394,64,,,1,85,,7375,64,,,1,13,,7382,64,,,1,11,,7384,64,,,1,72,,7376,64,,,1,28,,7374,64,,,1,75,,11141,64,,,1,25,,7383,64,,,1,70,,7397,64,,,1,29,,7381,64,,,1,70,,7393,64,,,1,30,,7391,64,,,1,70,,7373,64,,,1,30,,7396,64,,,1,71,,7392,64,,,1,30,,7395,64,,,1,75,,11190,64,,,1,30,,7378,64,,,1,71,,7372,64,,,1,73,,7377,64,,,1,106,,7386,64,,,1,105,,7379,64,,,1,101,,7390,64,,,1,99,,7388,64,,,1,99,,7389,64,,,1,99,,7387,64,,,1
4002,'DIM',756,,7475,3,,,1,100,,7487,3,,,1,100,,7490,3,,,1,100,,7489,3,,,1,100,,7485,3,,,1,100,,7477,3,,,1,100,,7474,3,,,1,100,,7476,3,,,1,102,,7486,3,,,1,101,,7478,3,,,1,98,,7488,3,,,1,100,,7481,3,,,1,99,,7482,3,,,1,100,,7479,3,,,1,100,,7484,3,,,1,100,,7483,3,,,1,94,,7480,3,,,1
4002,'SAM',656,,7505,3,,,1,100,,7502,3,,,1,100,,7503,3,,,1,100,,7507,3,,,1,100,,7491,3,,,1,98,,7501,3,,,1,98,,7504,3,,,1,104,,7492,3,,,1,101,,7506,3,,,1,99,,7496,3,,,1,101,,7508,3,,,1,100,,7498,3,,,1,100,,7497,3,,,1,99,,7494,3,,,1,100,,7495,3,,,1,100,,7499,3,,,1,100,,7493,3,,,1,94,,7500,3,,,1
4002,'SEM',628,,7528,3,,,1,73,,7536,3,,,1,11,,7543,3,,,1,25,,7510,3,,,1,20,,7519,3,,,1,65,,7512,3,,,1,15,,7513,3,,,1,19,,7520,3,,,1,65,,7526,3,,,1,30,,7511,3,,,1,70,,7518,3,,,1,30,,7515,3,,,1,70,,7517,3,,,1,31,,7516,3,,,1,70,,7541,3,,,1,30,,11216,3,,,1,70,,7542,3,,,1,37,,7509,3,,,1,70,,7514,3,,,1,20,,7522,3,,,1,65,,7521,3,,,1,25,,7523,3,,,1,65,,7529,3,,,1,24,,7532,3,,,1,31,,7535,3,,,1,70,,7527,3,,,1,30,,7539,3,,,1,69,,7531,3,,,1,31,,7533,3,,,1,70,,7538,3,,,1,99,,7524,3,,,1,100,,7525,3,,,1,100,,7530,3,,,1,100,,7537,3,,,1,100,,7534,3,,,1
4202,'DIM',520,,7724,95,,,2,80,,7761,95,,,2,28,,7734,95,,,2,72,,7721,95,,,2,30,,7745,95,,,2,70,,7743,95,,,2,33,,7748,95,,,2,71,,7751,95,,,2,32,,7722,95,,,2,74,,7756,95,,,2,31,,7753,95,,,2,70,,7759,95,,,2,15,,7746,95,,,2,19,,7752,95,,,2,62,,7747,95,,,2,20,,7742,95,,,2,21,,1847,95,,,2,61,,7762,95,,,2,22,,7744,95,,,2,18,,7760,95,,,2,63,,7719,95,,,2,20,,7764,95,,,2,18,,7749,95,,,2,62,,7750,95,,,2,19,,7754,95,,,2,21,,7725,95,,,2,60,,7757,95,,,2,17,,7726,95,,,2,23,,7758,95,,,2,60,,7763,95,,,2,19,,7729,95,,,2,25,,7755,95,,,2,74,,7732,95,,,2,74,,7735,95,,,2,29,,7738,95,,,2,69,,7720,95,,,2,32,,7740,95,,,2,70,,7727,95,,,2,28,,7730,95,,,2,27,,7723,95,,,2,68,,7736,95,,,2,31,,7739,95,,,2,66,,7728,95,,,2,30,,7731,95,,,2,68,,7733,95,,,2,29,,7737,95,,,2,79,,7741,95,,,2
4202,'SAM',520,,7767,95,,,2,81,,7765,95,,,2,27,,7781,95,,,2,25,,7803,95,,,2,83,,7794,95,,,2,66,,7788,95,,,2,35,,7776,95,,,2,73,,7804,95,,,2,28,,7792,95,,,2,71,,7795,95,,,2,34,,7799,95,,,2,68,,7789,95,,,2,14,,7811,95,,,2,22,,7806,95,,,2,60,,7787,95,,,2,20,,7810,95,,,2,19,,7797,95,,,2,61,,7783,95,,,2,24,,7807,95,,,2,16,,7790,95,,,2,63,,7812,95,,,2,22,,7791,95,,,2,16,,7793,95,,,2,64,,7784,95,,,2,20,,7798,95,,,2,19,,7809,95,,,2,63,,7796,95,,,2,15,,7800,95,,,2,22,,7769,95,,,2,60,,7808,95,,,2,20,,7805,95,,,2,25,,7777,95,,,2,74,,7801,95,,,2,74,,7802,95,,,2,31,,7782,95,,,2,67,,7766,95,,,2,29,,7770,95,,,2,28,,7772,95,,,2,73,,7774,95,,,2,26,,7775,95,,,2,69,,7768,95,,,2,31,,7771,95,,,2,62,,7773,95,,,2,33,,7778,95,,,2,68,,7779,95,,,2,31,,7780,95,,,2,78,,7785,95,,,2,70,,7786,95,,,2
4202,'SEM',520,,7837,95,,,2,106,,7861,95,,,2,23,,7867,95,,,2,53,,7871,95,,,2,9,,7875,95,,,2,7,,7877,95,,,2,8,,7814,95,,,2,7,,7817,95,,,2,3,,7879,37,,,2,3,,7820,95,,,2,2,,7878,37,,,2,2,,7822,95,,,2,6,,7824,95,,,2,6,,7828,95,,,2,49,,7858,95,,,2,14,,7865,95,,,2,11,,7818,95,,,2,9,,7869,95,,,2,12,,7827,95,,,2,50,,7862,95,,,2,13,,7874,95,,,2,9,,7868,95,,,2,11,,7872,95,,,2,17,,7876,95,,,2,58,,7839,95,,,2,15,,7825,95,,,2,24,,7819,95,,,2,56,,7830,95,,,2,29,,7860,95,,,2,10,,7870,95,,,2,65,,7838,95,,,2,16,,7816,95,,,2,24,,7863,95,,,2,61,,7864,95,,,2,14,,7859,95,,,2,27,,7866,95,,,2,60,,7821,95,,,2,20,,7873,95,,,2,22,,7815,95,,,2,56,,7834,95,,,2,20,,7832,95,,,2,19,,7813,95,,,2,13,,7826,95,,,2,57,,7835,95,,,2,16,,7833,95,,,2,15,,7831,95,,,2,55,,7823,95,,,2,17,,7842,95,,,2,15,,7844,95,,,2,12,,7846,95,,,2,55,,7849,95,,,2,15,,7829,95,,,2,14,,7836,95,,,2,15,,7845,95,,,2,13,,7854,95,,,2,69,,7856,95,,,2,27,,7847,95,,,2,76,,7853,95,,,2,79,,7857,95,,,2,29,,7855,95,,,2,70,,7840,95,,,2,30,,7841,95,,,2,75,,7843,95,,,2,26,,7848,95,,,2,73,,7850,95,,,2,27,,7852,95,,,2,70,,7851,95,,,2
5002,'DIM',629,,8511,47,,,1,100,,8523,47,,,1,102,,8518,47,,,1,101,,8524,47,,,1,102,,8527,47,,,1,24,,8517,47,,,1,72,,8519,47,,,1,28,,8530,47,,,1,79,,8522,47,,,1,68,,8520,47,,,1,38,,8529,47,,,1,64,,8516,47,,,1,36,,8521,47,,,1,61,,8525,47,,,1,34,,8507,47,,,1,71,,8505,47,,,1,34,,8528,47,,,1,66,,8526,47,,,1,35,,8512,47,,,1,101,,8514,47,,,1,98,,8515,47,,,1,99,,8506,47,,,1,100,,8509,47,,,1,100,,8508,47,,,1,96,,8510,47,,,1,100,,8513,47,,,1
5002,'SAM',624,,8536,47,,,1,105,,8544,47,,,1,102,,8547,47,,,1,101,,8551,47,,,1,103,,8542,47,,,1,23,,8553,47,,,1,76,,8556,47,,,1,67,,8545,47,,,1,36,,8552,47,,,1,66,,8554,47,,,1,35,,8546,47,,,1,68,,8548,47,,,1,35,,8555,47,,,1,71,,8532,47,,,1,32,,8549,47,,,1,63,,8531,47,,,1,32,,8550,47,,,1,70,,8537,47,,,1,35,,8539,47,,,1,101,,8538,47,,,1,98,,8540,47,,,1,99,,8533,47,,,1,100,,8534,47,,,1,99,,8541,47,,,1,97,,8535,47,,,1,100,,8543,47,,,1
5002,'SEM',519,,8563,47,,,1,36,,8586,47,,,1,70,,2661,47,,,1,31,,8559,47,,,1,73,,8587,47,,,1,16,,8571,47,,,1,72,,8558,47,,,1,17,,8568,47,,,1,72,,8557,47,,,1,29,,11223,47,,,1,66,,8565,47,,,1,30,,8588,47,,,1,70,,8589,47,,,1,30,,8573,47,,,1,70,,8566,47,,,1,30,,8564,47,,,1,70,,8590,47,,,1,31,,8585,47,,,1,70,,8560,47,,,1,30,,8576,47,,,1,80,,8561,47,,,1,41,,8577,47,,,1,75,,8569,47,,,1,27,,8574,47,,,1,67,,8570,47,,,1,30,,8562,47,,,1,68,,8567,47,,,1,28,,8575,47,,,1,70,,8582,47,,,1,104,,8580,47,,,1,105,,8583,47,,,1,100,,8578,47,,,1,110,,8579,47,,,1,99,,8581,47,,,1,96,,8584,47,,,1
6002,'DIM',706,,9084,26,,,1,100,,9093,26,,,1,101,,9092,26,,,1,101,,9096,26,,,1,100,,9094,26,,,1,102,,9098,26,,,1,100,,9095,26,,,1,100,,9097,26,,,1,100,,9099,26,,,1,99,,9083,26,,,1,99,,9100,26,,,1,100,,9090,26,,,1,98,,9086,26,,,1,101,,9085,26,,,1,100,,9088,26,,,1,100,,9087,26,,,1,100,,9089,26,,,1,98,,9091,26,,,1
6002,'SAM',706,,9114,26,,,1,100,,9113,26,,,1,95,,9116,26,,,1,107,,9112,26,,,1,100,,9110,26,,,1,102,,9118,26,,,1,100,,9117,26,,,1,97,,9111,26,,,1,103,,9115,26,,,1,99,,9102,26,,,1,99,,9106,26,,,1,100,,9107,26,,,1,98,,9101,26,,,1,101,,9105,26,,,1,100,,9103,26,,,1,100,,9109,26,,,1,100,,9108,26,,,1,98,,9104,26,,,1
6002,'SEM',643,,9119,26,,,1,159,,9135,26,,,1,42,,9134,26,,,1,102,,11229,26,,,1,96,,9121,26,,,1,100,,9123,26,,,1,100,,9137,26,,,1,100,,9136,26,,,1,97,,9124,26,,,1,104,,9120,26,,,1,102,,9125,26,,,1,98,,9131,26,,,1,99,,9127,26,,,1,98,,9130,26,,,1,98,,9133,26,,,1,99,,9126,26,,,1,100,,9129,26,,,1,89,,9128,26,,,1,100,,9132,26,,,1
6103,'DIM',735,,9151,3,,,2,101,,9152,3,,,2,99,,3228,3,,,2,101,,9149,3,,,2,100,,9153,3,,,2,105,,9150,3,,,2,97,,9148,3,,,2,103,,9140,3,,,2,101,,9143,3,,,2,100,,9142,3,,,2,100,,9144,3,,,2,94,,9154,3,,,2,100,,9145,3,,,2,99,,9138,3,,,2,100,,9139,3,,,2,100,,9141,3,,,2,100,,9147,3,,,2,100,,9146,3,,,2
6103,'SAM',735,,9163,3,,,2,101,,9170,3,,,2,97,,9172,3,,,2,103,,9167,3,,,2,106,,9171,3,,,2,99,,9155,3,,,2,100,,9168,3,,,2,95,,9157,3,,,2,103,,9169,3,,,2,101,,9161,3,,,2,101,,9156,3,,,2,95,,9165,3,,,2,100,,9158,3,,,2,99,,9164,3,,,2,100,,9159,3,,,2,100,,9162,3,,,2,100,,9160,3,,,2,103,,9166,3,,,2
6103,'SEM',600,,9195,3,,,2,58,,9180,3,,,2,143,,9176,3,,,2,100,,9179,3,,,2,100,,9177,3,,,2,100,,9196,3,,,2,100,,9197,3,,,2,100,,9174,3,,,2,100,,9175,3,,,2,31,,9173,3,,,2,85,,9184,3,,,2,11,,9185,3,,,2,72,,9188,3,,,2,27,,9190,3,,,2,29,,9178,3,,,2,71,,9186,3,,,2,30,,9194,3,,,2,71,,9181,3,,,2,28,,9182,3,,,2,75,,9191,3,,,2,87,,9192,3,,,2,93,,9183,3,,,2,99,,9189,3,,,2,99,,9187,3,,,2,108,,9193,3,,,2
6303,'DIM',746,,9273,26,,,1,100,,9267,26,,,1,103,,9269,26,,,1,94,,9268,26,,,1,106,,9274,26,,,1,95,,9270,26,,,1,103,,9272,26,,,1,103,,9271,26,,,1,98,,9275,26,,,1,102,,9258,26,,,1,105,,9276,26,,,1,93,,9259,26,,,1,99,,9260,26,,,1,100,,9263,26,,,1,100,,9261,26,,,1,100,,9264,26,,,1,99,,9262,26,,,1,100,,9265,26,,,1,99,,9266,26,,,1
6303,'SAM',645,,9289,26,,,1,101,,9283,26,,,1,100,,9292,26,,,1,103,,9291,26,,,1,102,,9293,26,,,1,98,,9295,26,,,1,96,,9290,26,,,1,104,,9296,26,,,1,105,,9279,26,,,1,95,,9294,26,,,1,101,,9277,26,,,1,100,,9280,26,,,1,104,,9278,26,,,1,93,,9281,26,,,1,100,,9284,26,,,1,100,,9282,26,,,1,100,,9285,26,,,1,99,,9286,26,,,1,100,,9288,26,,,1,99,,9287,26,,,1
6303,'SEM',605,,9323,26,,,1,19,,9330,26,,,1,19,,9328,26,,,1,78,,9329,26,,,1,16,,9297,26,,,1,69,,9308,26,,,1,24,,9310,26,,,1,75,,9312,26,,,1,33,,9299,26,,,1,64,,9298,26,,,1,30,,9331,26,,,1,70,,9303,26,,,1,31,,9304,26,,,1,70,,9309,26,,,1,30,,9332,26,,,1,70,,9300,26,,,1,31,,9301,26,,,1,69,,9302,26,,,1,31,,9305,26,,,1,74,,9306,26,,,1,22,,9314,26,,,1,75,,9311,26,,,1,15,,9318,26,,,1,30,,9321,26,,,1,71,,9307,26,,,1,24,,9313,26,,,1,65,,9317,26,,,1,90,,9320,26,,,1,42,,9322,26,,,1,95,,9315,26,,,1,98,,9316,26,,,1,85,,9319,26,,,1,104,,9324,26,,,1,99,,9326,26,,,1,105,,9325,26,,,1,91,,9327,26,,,1
6503,'DIM',712,,9418,3,,,2,101,,9421,3,,,2,100,,9422,3,,,2,96,,9417,3,,,2,104,,9423,3,,,2,102,,9405,3,,,2,99,,9420,3,,,2,94,,9406,3,,,2,107,,9419,3,,,2,98,,9407,3,,,2,102,,9413,3,,,2,102,,9411,3,,,2,96,,9408,3,,,2,100,,9410,3,,,2,100,,9409,3,,,2,100,,9412,3,,,2,100,,9414,3,,,2,99,,9415,3,,,2,100,,9416,3,,,2
6503,'SAM',712,,9435,3,,,2,101,,9436,3,,,2,100,,9441,3,,,2,97,,9439,3,,,2,104,,9443,3,,,2,101,,9438,3,,,2,99,,9437,3,,,2,100,,9424,3,,,2,101,,9442,3,,,2,102,,9440,3,,,2,95,,9444,3,,,2,101,,9430,3,,,2,101,,9426,3,,,2,99,,9433,3,,,2,100,,9425,3,,,2,100,,9427,3,,,2,100,,9432,3,,,2,99,,9428,3,,,2,100,,9429,3,,,2,45,,9431,3,,,2,80,,9434,3,,,2
6503,'SEM',559,,9475,3,,,2,63,,11231,3,,,2,30,,9489,3,,,2,62,,9446,3,,,2,21,,9449,3,,,2,81,,9481,3,,,2,30,,9453,3,,,2,73,,9486,3,,,2,30,,9450,3,,,2,70,,9485,3,,,2,26,,9484,3,,,2,70,,9468,3,,,2,30,,9483,3,,,2,70,,9445,3,,,2,30,,9487,3,,,2,70,,9454,3,,,2,30,,9455,3,,,2,70,,9457,3,,,2,31,,9463,3,,,2,65,,9464,3,,,2,15,,9466,3,,,2,15,,9448,3,,,2,15,,9474,3,,,2,52,,9461,3,,,2,11,,9488,3,,,2,14,,9451,3,,,2,11,,9456,3,,,2,10,,9452,3,,,2,55,,9447,3,,,2,16,,9467,3,,,2,15,,9470,3,,,2,15,,9480,3,,,2,56,,9479,3,,,2,15,,9459,3,,,2,15,,9465,3,,,2,60,,9472,3,,,2,15,,9469,3,,,2,30,,9458,3,,,2,70,,9460,3,,,2,30,,9462,3,,,2,70,,9478,3,,,2,23,,9473,3,,,2,106,,9471,3,,,2,100,,9477,3,,,2,101,,9476,3,,,2
7001,'DIM',653,,9696,3,,,1,100,,9699,3,,,1,101,,9698,3,,,1,100,,9702,3,,,1,65,,9703,3,,,1,30,,9705,3,,,1,64,,9700,3,,,1,41,,9704,3,,,1,60,,9701,3,,,1,37,,9707,3,,,1,71,,9706,3,,,1,32,,9683,3,,,1,61,,9697,3,,,1,38,,9682,3,,,1,60,,9687,3,,,1,34,,9684,3,,,1,76,,9689,3,,,1,33,,9686,3,,,1,75,,9688,3,,,1,70,,9693,3,,,1,54,,9691,3,,,1,100,,9690,3,,,1,100,,9685,3,,,1,101,,9694,3,,,1,98,,9695,3,,,1,98,,9692,3,,,1
7001,'SAM',653,,9728,3,,,1,100,,9726,3,,,1,101,,9731,3,,,1,100,,9727,3,,,1,66,,9733,3,,,1,27,,9732,3,,,1,67,,9730,3,,,1,40,,9708,3,,,1,64,,9709,3,,,1,32,,9729,3,,,1,67,,9711,3,,,1,33,,9725,3,,,1,64,,9710,3,,,1,39,,9713,3,,,1,69,,9714,3,,,1,27,,9717,3,,,1,72,,9712,3,,,1,35,,9718,3,,,1,75,,9719,3,,,1,70,,9722,3,,,1,54,,9721,3,,,1,100,,9723,3,,,1,100,,9720,3,,,1,101,,9716,3,,,1,99,,9715,3,,,1,97,,9724,3,,,1
7001,'SEM',511,,9735,3,,,1,16,,9769,3,,,1,26,,9739,3,,,1,54,,9768,3,,,1,26,,9748,3,,,1,69,,9767,3,,,1,37,,9738,3,,,1,15,,9743,3,,,1,73,,9734,3,,,1,28,,9744,3,,,1,67,,9745,3,,,1,35,,9740,3,,,1,67,,9765,3,,,1,30,,9766,3,,,1,71,,9754,3,,,1,29,,9737,3,,,1,71,,9736,3,,,1,30,,9741,3,,,1,72,,9746,3,,,1,28,,9747,3,,,1,74,,9749,3,,,1,29,,9751,3,,,1,66,,9755,3,,,1,24,,9757,3,,,1,79,,9742,3,,,1,30,,9760,3,,,1,73,,9761,3,,,1,28,,9756,3,,,1,82,,9752,3,,,1,77,,9750,3,,,1,83,,9759,3,,,1,101,,9753,3,,,1,104,,9758,3,,,1,104,,9763,3,,,1,93,,9762,3,,,1,135,,9764,3,,,1
7602,'DIM',605,,10243,3,,,2,97,,10258,3,,,2,100,,10250,3,,,2,100,,10261,3,,,2,30,,10265,3,,,2,70,,10259,3,,,2,29,,10263,3,,,2,70,,10246,3,,,2,31,,10251,3,,,2,70,,10248,3,,,2,30,,10262,3,,,2,70,,10239,3,,,2,30,,10252,3,,,2,69,,10257,3,,,2,30,,10244,3,,,2,71,,4282,3,,,2,30,,10264,3,,,2,70,,10266,3,,,2,30,,10245,3,,,2,75,,10260,3,,,2,25,,10249,3,,,2,70,,10241,3,,,2,100,,10240,3,,,2,100,,10242,3,,,2,100,,10255,3,,,2,100,,10247,3,,,2,101,,10253,3,,,2,100,,10254,3,,,2,100,,10256,3,,,2
7602,'SAM',605,,10286,3,,,2,98,,10283,3,,,2,98,,10291,3,,,2,101,,10284,3,,,2,30,,10277,3,,,2,70,,10288,3,,,2,29,,10293,3,,,2,28,,10292,3,,,2,73,,10285,3,,,2,25,,10270,3,,,2,75,,10281,3,,,2,70,,10289,3,,,2,30,,10290,3,,,2,69,,10295,3,,,2,31,,10282,3,,,2,68,,10287,3,,,2,32,,10267,3,,,2,70,,10294,3,,,2,30,,10296,3,,,2,70,,10272,3,,,2,25,,10271,3,,,2,32,,10275,3,,,2,143,,10279,3,,,2,101,,10276,3,,,2,102,,10268,3,,,2,100,,10269,3,,,2,103,,10273,3,,,2,95,,10278,3,,,2,97,,10274,3,,,2,104,,10280,3,,,2
7602,'SEM',552,,10318,3,,,2,61,,10330,3,,,2,12,,10332,3,,,2,10,,10334,3,,,2,13,,10331,3,,,2,63,,10313,3,,,2,25,,10305,3,,,2,64,,10310,3,,,2,20,,10297,3,,,2,20,,10300,3,,,2,67,,10307,3,,,2,30,,11234,3,,,2,71,,10312,3,,,2,29,,10337,3,,,2,70,,10329,3,,,2,30,,10335,3,,,2,68,,11235,3,,,2,29,,10303,3,,,2,76,,10311,3,,,2,25,,10299,3,,,2,20,,10309,3,,,2,67,,10306,3,,,2,30,,10316,3,,,2,60,,10320,3,,,2,18,,10301,3,,,2,20,,10308,3,,,2,60,,10302,3,,,2,20,,10298,3,,,2,19,,10304,3,,,2,62,,10317,3,,,2,20,,10323,3,,,2,20,,10322,3,,,2,60,,10319,3,,,2,20,,10314,3,,,2,73,,10325,3,,,2,30,,10324,3,,,2,100,,10315,3,,,2,100,,10321,3,,,2,99,,10327,3,,,2,99,,10328,3,,,2,114,,10326,3,,,2
