1704,'DIM',455,,6036,8,,,1,89,,6039,8,,,1,105,,6042,8,,,1,96,,6035,8,,,1,98,,6029,8,,,1,100,,6034,8,,,1,100,,6037,8,,,1,100,,6041,8,,,1,103,,6038,8,,,1,100,,6043,8,,,1,102,,6045,8,,,1,99,,6033,8,,,1,101,,6040,8,,,1,102,,6025,8,,,1,98,,6044,8,,,1,99,,6028,8,,,1,99,,6026,8,,,1,102,,6027,8,,,1,99,,6030,8,,,1,100,,6032,8,,,1,96,,6031,8,,,1
1704,'SAM',456,,6057,8,,,1,88,,6054,8,,,1,105,,6049,8,,,1,96,,6056,8,,,1,98,,6062,8,,,1,101,,6059,8,,,1,99,,6060,8,,,1,100,,6058,8,,,1,102,,6064,8,,,1,100,,6055,8,,,1,101,,6061,8,,,1,101,,6065,8,,,1,102,,6063,8,,,1,101,,6066,8,,,1,98,,6046,8,,,1,99,,6047,8,,,1,99,,6048,8,,,1,102,,6053,8,,,1,99,,6051,8,,,1,100,,6052,8,,,1,96,,6050,8,,,1
1704,'SEM',505,,6078,8,,,1,102,,6088,8,,,1,19,,6068,8,,,1,20,,6072,8,,,1,55,,6074,8,,,1,25,,6089,8,,,1,33,,6067,8,,,1,143,,6071,8,,,1,45,,6076,8,,,1,99,,6070,8,,,1,101,,6079,8,,,1,100,,6075,8,,,1,100,,6069,8,,,1,101,,6073,8,,,1,103,,6077,8,,,1,98,,6084,8,,,1,102,,6082,8,,,1,100,,6080,8,,,1,99,,6086,8,,,1,100,,6081,8,,,1,100,,6083,8,,,1,101,,6087,8,,,1,99,,6085,8,,,1
3104,'DIM',614,,1107,18,,,1,101,,6985,18,,,1,100,,6984,18,,,1,100,,6989,18,,,1,101,,6992,18,,,1,100,,6993,18,,,1,101,,6990,18,,,1,101,,6986,18,,,1,102,,6988,18,,,1,102,,6976,18,,,1,96,,6987,18,,,1,101,,6991,18,,,1,98,,6979,18,,,1,101,,6978,18,,,1,99,,6980,18,,,1,101,,6977,18,,,1,100,,6983,18,,,1,98,,6982,18,,,1,101,,6981,18,,,1
3104,'SAM',514,,7010,18,,,1,98,,7004,18,,,1,103,,7006,18,,,1,101,,7009,18,,,1,99,,7007,18,,,1,100,,7011,18,,,1,99,,7013,18,,,1,101,,6994,18,,,1,103,,7003,18,,,1,101,,7008,18,,,1,101,,7005,18,,,1,102,,7012,18,,,1,97,,6997,18,,,1,100,,6998,18,,,1,99,,7000,18,,,1,99,,6995,18,,,1,101,,7001,18,,,1,100,,7002,18,,,1,98,,6996,18,,,1,101,,6999,18,,,1
3104,'SEM',445,,7030,18,,,1,69,,1143,18,,,1,44,,7031,18,,,1,60,,7033,18,,,1,23,,7016,18,,,1,72,,7018,18,,,1,32,,7029,18,,,1,70,,7015,18,,,1,30,,7017,18,,,1,71,,7034,18,,,1,101,,7036,18,,,1,100,,7035,18,,,1,100,,7014,18,,,1,100,,7032,18,,,1,100,,7019,18,,,1,103,,7020,18,,,1,102,,7023,18,,,1,101,,7021,18,,,1,98,,7028,18,,,1,99,,7025,18,,,1,101,,7026,18,,,1,101,,7022,18,,,1,99,,7024,18,,,1,106,,7027,18,,,1
3904,'DIM',815,,1465,8,,,1,99,,7336,8,,,1,95,,7342,8,,,1,14,,7340,8,,,1,34,,7344,8,,,1,68,,7349,8,,,1,34,,7337,8,,,1,70,,7348,8,,,1,71,,7335,8,,,1,29,,7330,8,,,1,76,,7339,8,,,1,25,,7338,8,,,1,28,,7343,8,,,1,67,,7346,8,,,1,77,,7345,8,,,1,30,,7332,8,,,1,70,,7341,8,,,1,30,,7347,8,,,1,80,,7333,8,,,1,45,,7328,8,,,1,100,,7331,8,,,1,97,,7334,8,,,1,100,,7329,8,,,1
3904,'SAM',815,,7364,8,,,1,101,,7363,8,,,1,93,,7365,8,,,1,14,,7369,8,,,1,36,,7366,8,,,1,70,,7361,8,,,1,30,,7368,8,,,1,70,,7370,8,,,1,30,,7360,8,,,1,70,,7359,8,,,1,75,,7362,8,,,1,29,,7350,8,,,1,69,,7351,8,,,1,25,,7367,8,,,1,75,,7354,8,,,1,30,,7371,8,,,1,70,,7355,8,,,1,30,,7357,8,,,1,80,,7352,8,,,1,45,,7356,8,,,1,100,,7358,8,,,1,97,,7353,8,,,1,100,,1475,8,,,1
3904,'SEM',604,,7394,8,,,1,38,,7375,8,,,1,12,,7382,8,,,1,50,,7384,8,,,1,33,,7376,8,,,1,69,,7374,8,,,1,37,,11141,8,,,1,66,,7383,8,,,1,30,,7397,8,,,1,69,,7381,8,,,1,30,,7393,8,,,1,70,,7391,8,,,1,30,,7373,8,,,1,70,,7396,8,,,1,30,,7392,8,,,1,70,,7395,8,,,1,35,,11157,8,,,1,70,,7378,8,,,1,30,,7372,8,,,1,73,,7377,8,,,1,105,,7386,8,,,1,107,,7379,8,,,1,105,,7390,8,,,1,102,,7388,8,,,1,100,,7389,8,,,1,99,,7387,8,,,1
4504,'DIM',612,,2173,8,,,1,100,,8090,8,,,1,99,,2174,8,,,1,101,,8092,8,,,1,99,,8089,8,,,1,101,,8091,8,,,1,98,,8088,8,,,1,106,,8095,8,,,1,100,,8082,8,,,1,96,,8094,8,,,1,106,,8080,8,,,1,90,,8093,8,,,1,100,,8081,8,,,1,100,,8086,8,,,1,100,,8083,8,,,1,100,,8087,8,,,1,100,,8085,8,,,1,100,,8084,8,,,1
4504,'SAM',606,,8106,8,,,1,106,,8104,8,,,1,99,,8108,8,,,1,101,,8110,8,,,1,99,,8111,8,,,1,101,,8096,8,,,1,100,,8109,8,,,1,104,,8105,8,,,1,102,,8107,8,,,1,99,,8113,8,,,1,96,,8100,8,,,1,95,,8112,8,,,1,100,,8101,8,,,1,100,,8098,8,,,1,100,,8097,8,,,1,100,,8102,8,,,1,100,,8099,8,,,1,100,,8103,8,,,1
4504,'SEM',526,,8137,8,,,1,18,,8141,8,,,1,77,,8136,8,,,1,25,,8117,8,,,1,10,,8121,8,,,1,53,,8125,8,,,1,14,,8126,8,,,1,26,,8114,8,,,1,52,,8124,8,,,1,47,,8115,8,,,1,153,,8122,8,,,1,108,,8138,8,,,1,96,,11161,8,,,1,54,,8140,8,,,1,141,,8127,8,,,1,44,,8118,8,,,1,78,,8120,8,,,1,18,,8119,8,,,1,68,,8129,8,,,1,38,,8123,8,,,1,83,,8116,8,,,1,73,,8135,8,,,1,109,,8133,8,,,1,102,,8132,8,,,1,103,,8128,8,,,1,94,,8130,8,,,1,95,,8131,8,,,1,95,,8134,8,,,1
