1703,'DIM',622,,5976,10,,,1,84,,94,10,,,1,99,,5966,10,,,1,99,,5971,10,,,1,99,,5972,10,,,1,101,,5975,10,,,1,101,,5973,10,,,1,100,,5977,10,,,1,100,,5979,10,,,1,99,,5970,10,,,1,102,,5974,10,,,1,96,,5962,10,,,1,100,,5978,10,,,1,100,,5965,10,,,1,102,,5963,10,,,1,99,,5964,10,,,1,101,,5967,10,,,1,100,,89,10,,,1,102,,5969,10,,,1,120,,5968,10,,,1
1703,'SAM',538,,5991,10,,,1,84,,5983,10,,,1,84,,5990,10,,,1,98,,5996,10,,,1,100,,5993,10,,,1,100,,5994,10,,,1,102,,5992,10,,,1,99,,5998,10,,,1,100,,5989,10,,,1,100,,5995,10,,,1,99,,5999,10,,,1,102,,5997,10,,,1,97,,6000,10,,,1,99,,5980,10,,,1,99,,5981,10,,,1,101,,5982,10,,,1,99,,5988,10,,,1,103,,5986,10,,,1,100,,5987,10,,,1,103,,5984,10,,,1,121,,5985,10,,,1
1703,'SEM',553,,6021,10,,,1,152,,6003,10,,,1,102,,6009,10,,,1,96,,6008,10,,,1,99,,6024,10,,,1,100,,6011,10,,,1,100,,6007,10,,,1,100,,6004,10,,,1,99,,6005,10,,,1,56,,11267,10,,,1,78,,6012,10,,,1,22,,6006,10,,,1,75,,6001,10,,,1,27,,6017,10,,,1,74,,6002,10,,,1,77,,6014,10,,,1,29,,6013,10,,,1,68,,6019,10,,,1,100,,6015,10,,,1,100,,6016,10,,,1,100,,6020,10,,,1,100,,6018,10,,,1,52,,6023,10,,,1,149,,6022,10,,,1
2703,'DIM',900,,6814,10,,,2,100,,6809,10,,,2,55,,6810,10,,,2,104,,6812,10,,,2,141,,6808,10,,,2,100,,6806,10,,,2,56,,6807,10,,,2,148,,6811,10,,,2,98,,6813,10,,,2,100,,6799,10,,,2,100,,6798,10,,,2,98,,6804,10,,,2,100,,6802,10,,,2,100,,6803,10,,,2,102,,6800,10,,,2,100,,6801,10,,,2,100,,6805,10,,,2
2703,'SAM',700,,6828,10,,,2,100,,6825,10,,,2,56,,6830,10,,,2,144,,6832,10,,,2,55,,6824,10,,,2,104,,6815,10,,,2,96,,6826,10,,,2,145,,6829,10,,,2,107,,6827,10,,,2,95,,6831,10,,,2,100,,6833,10,,,2,100,,6818,10,,,2,100,,6821,10,,,2,98,,6817,10,,,2,100,,6819,10,,,2,59,,6816,10,,,2,143,,6822,10,,,2,100,,6820,10,,,2,100,,6823,10,,,2
2703,'SEM',817,,6834,10,,,2,41,,6837,10,,,2,98,,6854,10,,,2,100,,6853,10,,,2,98,,6839,10,,,2,94,,6846,10,,,2,100,,6842,10,,,2,101,,6836,10,,,2,80,,6838,10,,,2,80,,6841,10,,,2,15,,6844,10,,,2,30,,6847,10,,,2,70,,6835,10,,,2,24,,6840,10,,,2,104,,6849,10,,,2,91,,6852,10,,,2,108,,6845,10,,,2,100,,6843,10,,,2,99,,6848,10,,,2,101,,6850,10,,,2,95,,6851,10,,,2
3103,'DIM',636,,6925,12,,,1,99,,6924,12,,,1,99,,6929,12,,,1,99,,6932,12,,,1,99,,6933,12,,,1,101,,6930,12,,,1,100,,6926,12,,,1,101,,6928,12,,,1,101,,6916,12,,,1,96,,6927,12,,,1,101,,6931,12,,,1,102,,6920,12,,,1,98,,6918,12,,,1,100,,6919,12,,,1,102,,6917,12,,,1,100,,6923,12,,,1,100,,6922,12,,,1,100,,6921,12,,,1
3103,'SAM',636,,6946,12,,,1,100,,6949,12,,,1,98,,6947,12,,,1,98,,6950,12,,,1,98,,6952,12,,,1,101,,6934,12,,,1,102,,6944,12,,,1,100,,6948,12,,,1,100,,6945,12,,,1,102,,6951,12,,,1,97,,6937,12,,,1,102,,6938,12,,,1,99,,6941,12,,,1,99,,6935,12,,,1,100,,6942,12,,,1,102,,6943,12,,,1,102,,6936,12,,,1,97,,6940,12,,,1,98,,6939,12,,,1
3103,'SEM',631,,6975,12,,,1,100,,6954,12,,,1,101,,6972,12,,,1,100,,6974,12,,,1,100,,6973,12,,,1,100,,6953,12,,,1,99,,6971,12,,,1,100,,6956,12,,,1,100,,6957,12,,,1,97,,6961,12,,,1,23,,6963,12,,,1,75,,6958,12,,,1,20,,6955,12,,,1,81,,6968,12,,,1,30,,6970,12,,,1,70,,6964,12,,,1,73,,6960,12,,,1,37,,6966,12,,,1,102,,6959,12,,,1,99,,6962,12,,,1,102,,6967,12,,,1,97,,6965,12,,,1,110,,6969,12,,,1
4303,'DIM',635,,7892,10,,,1,101,,7893,10,,,1,100,,7894,10,,,1,100,,7885,10,,,1,106,,7886,10,,,1,103,,7895,10,,,1,99,,7898,10,,,1,101,,7896,10,,,1,97,,7899,10,,,1,100,,7897,10,,,1,102,,7880,10,,,1,105,,7884,10,,,1,94,,7891,10,,,1,100,,7888,10,,,1,100,,7882,10,,,1,99,,7881,10,,,1,100,,7883,10,,,1,94,,7887,10,,,1,99,,7890,10,,,1,100,,7889,10,,,1
4303,'SAM',635,,7906,10,,,1,101,,7907,10,,,1,100,,7911,10,,,1,105,,7914,10,,,1,103,,7917,10,,,1,101,,7915,10,,,1,100,,7900,10,,,1,103,,7916,10,,,1,97,,7913,10,,,1,97,,7912,10,,,1,101,,7919,10,,,1,100,,7918,10,,,1,104,,7901,10,,,1,96,,7903,10,,,1,100,,7902,10,,,1,99,,7909,10,,,1,100,,7905,10,,,1,94,,7904,10,,,1,99,,7910,10,,,1,100,,7908,10,,,1
4303,'SEM',637,,7925,10,,,1,100,,7939,10,,,1,82,,7923,10,,,1,103,,7930,10,,,1,30,,7922,10,,,1,70,,7920,10,,,1,29,,7947,10,,,1,70,,7934,10,,,1,30,,7924,10,,,1,70,,7945,10,,,1,30,,7946,10,,,1,70,,7928,10,,,1,30,,7931,10,,,1,71,,7927,10,,,1,30,,7921,10,,,1,70,,7932,10,,,1,25,,7926,10,,,1,70,,7937,10,,,1,25,,11283,10,,,1,70,,7936,10,,,1,30,,7929,10,,,1,70,,7935,10,,,1,99,,7944,10,,,1,100,,7940,10,,,1,105,,7942,10,,,1,99,,7938,10,,,1,108,,7943,10,,,1,110,,7941,10,,,1
6002,'DIM',656,,9084,10,,,1,99,,9093,10,,,1,100,,9092,10,,,1,101,,9096,10,,,1,100,,9094,10,,,1,101,,9098,10,,,1,100,,9095,10,,,1,100,,9097,10,,,1,100,,9099,10,,,1,99,,9083,10,,,1,100,,9100,10,,,1,100,,9090,10,,,1,99,,9086,10,,,1,101,,9085,10,,,1,100,,9088,10,,,1,100,,9087,10,,,1,100,,9089,10,,,1,99,,9091,10,,,1
6002,'SAM',656,,9114,10,,,1,99,,9113,10,,,1,94,,9116,10,,,1,107,,9112,10,,,1,100,,9110,10,,,1,101,,9118,10,,,1,100,,9117,10,,,1,97,,9111,10,,,1,103,,9115,10,,,1,99,,9102,10,,,1,100,,9106,10,,,1,100,,9107,10,,,1,99,,9101,10,,,1,101,,9105,10,,,1,100,,9103,10,,,1,100,,9109,10,,,1,100,,9108,10,,,1,99,,9104,10,,,1
6002,'SEM',631,,9119,10,,,1,117,,9135,10,,,1,82,,9134,10,,,1,102,,11298,10,,,1,96,,9121,10,,,1,100,,9123,10,,,1,100,,9137,10,,,1,100,,9136,10,,,1,96,,9124,10,,,1,104,,9120,10,,,1,101,,9125,10,,,1,100,,9131,10,,,1,101,,9127,10,,,1,98,,9130,10,,,1,99,,9133,10,,,1,99,,9126,10,,,1,100,,9129,10,,,1,90,,9128,10,,,1,100,,9132,10,,,1
7303,'DIM',651,,9874,10,,,1,99,,9869,10,,,1,99,,9871,10,,,1,99,,9868,10,,,1,101,,9870,10,,,1,99,,9872,10,,,1,102,,9861,10,,,1,98,,9867,10,,,1,100,,9873,10,,,1,100,,9875,10,,,1,101,,9859,10,,,1,100,,9860,10,,,1,98,,9857,10,,,1,102,,9862,10,,,1,100,,9865,10,,,1,100,,9858,10,,,1,100,,9863,10,,,1,101,,9866,10,,,1,106,,9864,10,,,1
7303,'SAM',555,,9890,10,,,1,96,,9877,10,,,1,99,,9894,10,,,1,99,,9892,10,,,1,99,,9879,10,,,1,101,,9891,10,,,1,100,,9895,10,,,1,100,,9893,10,,,1,100,,9876,10,,,1,100,,9896,10,,,1,100,,9897,10,,,1,100,,9882,10,,,1,100,,9878,10,,,1,99,,9884,10,,,1,101,,9883,10,,,1,100,,9880,10,,,1,100,,9881,10,,,1,100,,9885,10,,,1,102,,9886,10,,,1,105,,9888,10,,,1,102,,9887,10,,,1,98,,9889,10,,,1
7303,'SEM',544,,9942,10,,,1,65,,9939,10,,,1,37,,9940,10,,,1,7,,9908,10,,,1,77,,9904,10,,,1,23,,9911,10,,,1,81,,9913,10,,,1,14,,9921,10,,,1,69,,9903,10,,,1,30,,9901,10,,,1,70,,9943,10,,,1,30,,9915,10,,,1,70,,9909,10,,,1,30,,9941,10,,,1,69,,9910,10,,,1,30,,9918,10,,,1,70,,9944,10,,,1,30,,9902,10,,,1,70,,9919,10,,,1,26,,9899,10,,,1,72,,9912,10,,,1,30,,9945,10,,,1,60,,9898,10,,,1,17,,9926,10,,,1,18,,9914,10,,,1,13,,9900,10,,,1,54,,9905,10,,,1,14,,9907,10,,,1,15,,9906,10,,,1,14,,9929,10,,,1,53,,9916,10,,,1,17,,9922,10,,,1,14,,9917,10,,,1,19,,9928,10,,,1,75,,9932,10,,,1,26,,9920,10,,,1,73,,9923,10,,,1,28,,9935,10,,,1,71,,9925,10,,,1,30,,9927,10,,,1,67,,9924,10,,,1,33,,9931,10,,,1,70,,9936,10,,,1,30,,9938,10,,,1,75,,9930,10,,,1,70,,9933,10,,,1,27,,9934,10,,,1,122,,9937,10,,,1
7401,'DIM',721,,10038,10,,,2,98,,10039,10,,,2,100,,10045,10,,,2,99,,10043,10,,,2,101,,10040,10,,,2,100,,10041,10,,,2,101,,10042,10,,,2,100,,10046,10,,,2,100,,10044,10,,,2,99,,10047,10,,,2,100,,10031,10,,,2,98,,10035,10,,,2,100,,10037,10,,,2,102,,10036,10,,,2,101,,10034,10,,,2,99,,10032,10,,,2,100,,10033,10,,,2
7401,'SAM',722,,10058,10,,,2,99,,10056,10,,,2,100,,10061,10,,,2,99,,10064,10,,,2,100,,10059,10,,,2,100,,10062,10,,,2,98,,10057,10,,,2,102,,10063,10,,,2,100,,10060,10,,,2,101,,10050,10,,,2,98,,10048,10,,,2,100,,10054,10,,,2,100,,10055,10,,,2,102,,10053,10,,,2,101,,10049,10,,,2,97,,10051,10,,,2,100,,10052,10,,,2
7401,'SEM',623,,10082,10,,,2,95,,10083,10,,,2,100,,10069,10,,,2,106,,10071,10,,,2,97,,10068,10,,,2,100,,10081,10,,,2,101,,10084,10,,,2,100,,10067,10,,,2,99,,10065,10,,,2,99,,10072,10,,,2,91,,10066,10,,,2,102,,10075,10,,,2,29,,10070,10,,,2,80,,10079,10,,,2,99,,10073,10,,,2,100,,10077,10,,,2,100,,10076,10,,,2,97,,10074,10,,,2,103,,10078,10,,,2,98,,10080,10,,,2
