1704,'DIM',512,,6036,45,,,1,90,,6039,45,,,1,106,,6042,45,,,1,97,,6035,45,,,1,100,,6029,45,,,1,102,,6034,45,,,1,101,,6037,45,,,1,100,,6041,45,,,1,103,,6038,45,,,1,100,,6043,45,,,1,102,,6045,45,,,1,99,,6033,45,,,1,101,,6040,45,,,1,99,,6025,45,,,1,98,,6044,45,,,1,99,,6028,45,,,1,99,,6026,45,,,1,98,,6027,45,,,1,99,,6030,45,,,1,99,,6032,45,,,1,96,,6031,45,,,1
1704,'SAM',513,,6057,45,,,1,89,,6054,45,,,1,106,,6049,45,,,1,97,,6056,45,,,1,100,,6062,45,,,1,103,,6059,45,,,1,100,,6060,45,,,1,100,,6058,45,,,1,102,,6064,45,,,1,100,,6055,45,,,1,101,,6061,45,,,1,101,,6065,45,,,1,102,,6063,45,,,1,98,,6066,45,,,1,98,,6046,45,,,1,99,,6047,45,,,1,99,,6048,45,,,1,98,,6053,45,,,1,99,,6051,45,,,1,99,,6052,45,,,1,96,,6050,45,,,1
1704,'SEM',525,,6078,45,,,1,103,,6088,45,,,1,21,,6068,45,,,1,63,,6072,45,,,1,16,,6074,45,,,1,25,,6089,45,,,1,74,,6067,45,,,1,101,,6071,45,,,1,84,,6076,45,,,1,99,,6070,45,,,1,101,,6079,45,,,1,100,,6075,45,,,1,100,,6069,45,,,1,102,,6073,45,,,1,103,,6077,45,,,1,98,,6084,45,,,1,101,,6082,45,,,1,97,,6080,45,,,1,98,,6086,45,,,1,100,,6081,45,,,1,98,,6083,45,,,1,99,,6087,45,,,1,99,,6085,45,,,1
2704,'DIM',759,,6871,50,,,2,141,,6872,50,,,2,100,,6874,50,,,2,59,,6869,50,,,2,96,,6870,50,,,2,145,,6873,50,,,2,102,,6868,50,,,2,100,,6867,50,,,2,55,,6861,50,,,2,101,,6862,50,,,2,145,,6866,50,,,2,98,,6860,50,,,2,100,,6859,50,,,2,58,,6865,50,,,2,100,,6863,50,,,2,100,,6864,50,,,2
2704,'SAM',658,,6890,50,,,2,101,,6887,50,,,2,100,,6885,50,,,2,96,,6889,50,,,2,104,,6891,50,,,2,96,,6884,50,,,2,145,,6875,50,,,2,56,,6886,50,,,2,146,,6888,50,,,2,106,,6880,50,,,2,95,,6882,50,,,2,100,,6883,50,,,2,98,,6878,50,,,2,100,,6881,50,,,2,58,,6877,50,,,2,100,,6879,50,,,2,99,,6876,50,,,2
2704,'SEM',623,,6911,50,,,2,30,,6895,50,,,2,75,,6893,50,,,2,24,,6898,50,,,2,64,,6913,50,,,2,29,,6910,50,,,2,79,,6892,50,,,2,79,,6897,50,,,2,56,,6914,50,,,2,150,,6912,50,,,2,95,,6894,50,,,2,50,,6915,50,,,2,101,,6901,50,,,2,146,,6896,50,,,2,39,,6900,50,,,2,79,,6899,50,,,2,16,,6908,50,,,2,67,,6904,50,,,2,33,,6906,50,,,2,73,,6905,50,,,2,99,,6903,50,,,2,45,,6909,50,,,2,99,,6902,50,,,2,100,,6907,50,,,2
3104,'DIM',632,,1107,55,,,1,103,,6985,55,,,1,100,,6984,55,,,1,102,,6989,55,,,1,103,,6992,55,,,1,100,,6993,55,,,1,101,,6990,55,,,1,101,,6986,55,,,1,102,,6988,55,,,1,102,,6976,55,,,1,96,,6987,55,,,1,101,,6991,55,,,1,97,,6979,55,,,1,100,,6978,55,,,1,99,,6980,55,,,1,99,,6977,55,,,1,99,,6983,55,,,1,97,,6982,55,,,1,101,,6981,55,,,1
3104,'SAM',531,,7010,55,,,1,99,,7004,55,,,1,105,,7006,55,,,1,101,,7009,55,,,1,101,,7007,55,,,1,102,,7011,55,,,1,99,,7013,55,,,1,101,,6994,55,,,1,103,,7003,55,,,1,101,,7008,55,,,1,101,,7005,55,,,1,102,,7012,55,,,1,97,,6997,55,,,1,99,,6998,55,,,1,98,,7000,55,,,1,99,,6995,55,,,1,99,,7001,55,,,1,99,,7002,55,,,1,97,,6996,55,,,1,101,,6999,55,,,1
3104,'SEM',502,,7030,55,,,1,31,,1143,55,,,1,86,,7031,55,,,1,22,,7033,55,,,1,64,,7016,55,,,1,34,,7018,55,,,1,72,,7029,55,,,1,30,,7015,55,,,1,69,,7017,55,,,1,31,,7034,55,,,1,100,,7036,55,,,1,100,,7035,55,,,1,100,,7014,55,,,1,100,,7032,55,,,1,101,,7019,55,,,1,104,,7020,55,,,1,102,,7023,55,,,1,101,,7021,55,,,1,96,,7028,55,,,1,97,,7025,55,,,1,101,,7026,55,,,1,99,,7022,55,,,1,98,,7024,55,,,1,105,,7027,55,,,1
4304,'DIM',509,,2049,30,,,1,102,,2043,30,,,1,101,,7958,30,,,1,102,,7959,30,,,1,101,,7960,30,,,1,100,,7953,30,,,1,107,,7954,30,,,1,102,,7961,30,,,1,99,,7964,30,,,1,102,,7962,30,,,1,98,,7965,30,,,1,102,,7963,30,,,1,99,,7948,30,,,1,105,,7952,30,,,1,95,,7957,30,,,1,100,,7956,30,,,1,100,,7950,30,,,1,99,,7949,30,,,1,99,,7951,30,,,1,91,,7955,30,,,1
4304,'SAM',509,,2068,30,,,1,102,,7976,30,,,1,101,,7972,30,,,1,102,,7973,30,,,1,101,,7977,30,,,1,104,,7980,30,,,1,104,,7983,30,,,1,101,,7981,30,,,1,100,,7966,30,,,1,104,,7982,30,,,1,98,,7979,30,,,1,98,,7978,30,,,1,100,,7985,30,,,1,100,,7984,30,,,1,102,,7967,30,,,1,98,,7969,30,,,1,100,,7968,30,,,1,99,,7974,30,,,1,99,,7971,30,,,1,91,,7970,30,,,1,100,,7975,30,,,1
4304,'SEM',529,,8011,30,,,1,73,,8014,30,,,1,36,,7987,30,,,1,20,,7991,30,,,1,60,,7994,30,,,1,22,,8001,30,,,1,63,,8015,30,,,1,27,,8007,30,,,1,73,,7990,30,,,1,29,,7993,30,,,1,73,,7998,30,,,1,28,,7989,30,,,1,70,,7986,30,,,1,30,,8018,30,,,1,70,,8002,30,,,1,30,,7992,30,,,1,70,,8016,30,,,1,30,,8017,30,,,1,70,,7997,30,,,1,32,,7999,30,,,1,71,,7996,30,,,1,31,,7988,30,,,1,72,,8000,30,,,1,26,,7995,30,,,1,70,,8005,30,,,1,96,,8004,30,,,1,54,,8003,30,,,1,99,,8013,30,,,1,100,,8009,30,,,1,99,,8010,30,,,1,100,,8006,30,,,1,150,,8008,30,,,1,22,,8012,30,,,1
6001,'DIM',815,,9029,54,,,1,103,,9037,54,,,1,101,,9036,54,,,1,103,,9040,54,,,1,105,,9038,54,,,1,107,,9042,54,,,1,100,,9039,54,,,1,101,,9041,54,,,1,100,,9043,54,,,1,98,,9028,54,,,1,94,,9044,54,,,1,95,,9035,54,,,1,97,,9031,54,,,1,97,,9030,54,,,1,97,,9033,54,,,1,100,,9032,54,,,1,100,,9034,54,,,1
6001,'SAM',711,,9048,54,,,1,104,,9058,54,,,1,103,,9057,54,,,1,95,,9060,54,,,1,109,,9056,54,,,1,105,,9054,54,,,1,107,,9062,54,,,1,100,,9061,54,,,1,107,,9055,54,,,1,94,,9059,54,,,1,98,,9046,54,,,1,94,,9050,54,,,1,95,,9051,54,,,1,97,,9045,54,,,1,97,,9049,54,,,1,97,,9047,54,,,1,100,,9053,54,,,1,100,,9052,54,,,1
6001,'SEM',552,,9079,54,,,1,106,,9063,54,,,1,95,,9064,54,,,1,72,,9066,54,,,1,85,,9069,54,,,1,92,,9080,54,,,1,103,,9081,54,,,1,99,,9065,54,,,1,101,,9067,54,,,1,102,,9082,54,,,1,100,,9071,54,,,1,101,,9068,54,,,1,108,,9074,54,,,1,97,,9070,54,,,1,92,,9077,54,,,1,96,,9073,54,,,1,49,,9076,54,,,1,99,,9078,54,,,1,95,,9072,54,,,1,100,,9075,54,,,1
7304,'DIM',547,,4008,73,,,1,70,,3997,73,,,1,102,,9957,73,,,1,101,,9963,73,,,1,101,,9958,73,,,1,103,,9960,73,,,1,101,,9956,73,,,1,100,,9959,73,,,1,101,,9961,73,,,1,101,,9950,73,,,1,101,,9955,73,,,1,101,,9962,73,,,1,100,,9964,73,,,1,98,,9948,73,,,1,98,,9949,73,,,1,99,,9946,73,,,1,99,,9951,73,,,1,99,,9953,73,,,1,97,,9947,73,,,1,101,,9952,73,,,1,99,,9954,73,,,1
7304,'SAM',547,,9987,73,,,1,70,,9975,73,,,1,104,,9979,73,,,1,99,,9967,73,,,1,101,,9983,73,,,1,103,,9981,73,,,1,102,,9968,73,,,1,101,,9980,73,,,1,99,,9984,73,,,1,101,,9982,73,,,1,101,,9965,73,,,1,102,,9985,73,,,1,99,,9986,73,,,1,98,,9971,73,,,1,98,,9966,73,,,1,99,,9973,73,,,1,99,,9972,73,,,1,99,,9969,73,,,1,97,,9970,73,,,1,101,,9974,73,,,1,99,,9976,73,,,1,100,,9978,73,,,1,99,,9977,73,,,1
7304,'SEM',511,,10017,73,,,1,44,,10015,73,,,1,82,,10026,73,,,1,18,,10028,73,,,1,67,,10027,73,,,1,12,,9994,73,,,1,12,,10023,73,,,1,13,,10000,73,,,1,61,,10003,73,,,1,16,,10024,73,,,1,15,,9995,73,,,1,66,,9992,73,,,1,29,,9998,73,,,1,82,,10007,73,,,1,29,,9993,73,,,1,70,,9990,73,,,1,30,,10029,73,,,1,70,,10002,73,,,1,75,,9996,73,,,1,26,,10025,73,,,1,30,,9997,73,,,1,70,,10004,73,,,1,30,,10030,73,,,1,72,,9991,73,,,1,82,,10005,73,,,1,13,,9989,73,,,1,19,,9988,73,,,1,75,,9999,73,,,1,15,,10012,73,,,1,25,,10011,73,,,1,73,,10001,73,,,1,73,,10018,73,,,1,23,,10016,73,,,1,72,,10008,73,,,1,26,,10014,73,,,1,31,,10020,73,,,1,71,,10006,73,,,1,27,,10009,73,,,1,70,,10021,73,,,1,28,,10010,73,,,1,70,,10013,73,,,1,100,,10019,73,,,1,94,,10022,73,,,1
7402,'DIM',647,,10092,86,,,2,102,,10096,86,,,2,102,,10095,86,,,2,102,,10097,86,,,2,102,,10099,86,,,2,101,,10088,86,,,2,100,,10093,86,,,2,101,,10094,86,,,2,102,,10098,86,,,2,99,,10100,86,,,2,99,,10101,86,,,2,100,,10085,86,,,2,98,,10087,86,,,2,98,,10089,86,,,2,99,,10091,86,,,2,100,,10090,86,,,2,98,,10086,86,,,2
7402,'SAM',647,,10112,86,,,2,102,,10115,86,,,2,100,,10103,86,,,2,102,,10117,86,,,2,104,,10116,86,,,2,101,,10111,86,,,2,99,,10114,86,,,2,101,,10113,86,,,2,103,,10102,86,,,2,99,,10118,86,,,2,100,,10105,86,,,2,97,,10106,86,,,2,98,,10107,86,,,2,100,,10110,86,,,2,98,,10104,86,,,2,100,,10108,86,,,2,98,,10109,86,,,2
7402,'SEM',611,,10136,86,,,2,89,,10137,86,,,2,16,,10122,86,,,2,87,,10126,86,,,2,56,,10121,86,,,2,98,,10124,86,,,2,98,,10133,86,,,2,100,,10125,86,,,2,100,,10134,86,,,2,100,,10119,86,,,2,100,,10123,86,,,2,147,,10120,86,,,2,98,,10128,86,,,2,100,,10132,86,,,2,56,,10127,86,,,2,97,,10131,86,,,2,99,,10135,86,,,2,99,,10130,86,,,2,100,,10129,86,,,2
