1703,'DIM',632,,5976,29,,,1,84,,94,29,,,1,100,,5966,29,,,1,100,,5971,29,,,1,99,,5972,29,,,1,101,,5975,29,,,1,101,,5973,29,,,1,100,,5977,29,,,1,101,,5979,29,,,1,99,,5970,29,,,1,102,,5974,29,,,1,96,,5962,29,,,1,100,,5978,29,,,1,99,,5965,29,,,1,101,,5963,29,,,1,99,,5964,29,,,1,101,,5967,29,,,1,100,,89,29,,,1,102,,5969,29,,,1,119,,5968,29,,,1
1703,'SAM',548,,5991,29,,,1,84,,5983,29,,,1,84,,5990,29,,,1,99,,5996,29,,,1,101,,5993,29,,,1,100,,5994,29,,,1,102,,5992,29,,,1,99,,5998,29,,,1,100,,5989,29,,,1,101,,5995,29,,,1,99,,5999,29,,,1,102,,5997,29,,,1,97,,6000,29,,,1,99,,5980,29,,,1,98,,5981,29,,,1,100,,5982,29,,,1,99,,5988,29,,,1,103,,5986,29,,,1,100,,5987,29,,,1,103,,5984,29,,,1,120,,5985,29,,,1
1703,'SEM',603,,6021,29,,,1,114,,6003,29,,,1,103,,6009,29,,,1,96,,6008,29,,,1,99,,6024,29,,,1,100,,6011,29,,,1,101,,6007,29,,,1,101,,6004,29,,,1,99,,6005,29,,,1,97,,11267,29,,,1,38,,6012,29,,,1,63,,6006,29,,,1,36,,6001,29,,,1,66,,6017,29,,,1,32,,6002,29,,,1,76,,6014,29,,,1,28,,6013,29,,,1,68,,6019,29,,,1,99,,6015,29,,,1,99,,6016,29,,,1,100,,6020,29,,,1,100,,6018,29,,,1,91,,6023,29,,,1,108,,6022,29,,,1
3103,'DIM',646,,6925,31,,,1,100,,6924,31,,,1,99,,6929,31,,,1,100,,6932,31,,,1,100,,6933,31,,,1,101,,6930,31,,,1,100,,6926,31,,,1,102,,6928,31,,,1,101,,6916,31,,,1,96,,6927,31,,,1,101,,6931,31,,,1,100,,6920,31,,,1,98,,6918,31,,,1,99,,6919,31,,,1,102,,6917,31,,,1,100,,6923,31,,,1,100,,6922,31,,,1,100,,6921,31,,,1
3103,'SAM',646,,6946,31,,,1,101,,6949,31,,,1,98,,6947,31,,,1,99,,6950,31,,,1,99,,6952,31,,,1,101,,6934,31,,,1,102,,6944,31,,,1,101,,6948,31,,,1,100,,6945,31,,,1,102,,6951,31,,,1,97,,6937,31,,,1,100,,6938,31,,,1,99,,6941,31,,,1,98,,6935,31,,,1,100,,6942,31,,,1,102,,6943,31,,,1,102,,6936,31,,,1,97,,6940,31,,,1,98,,6939,31,,,1
3103,'SEM',643,,6975,31,,,1,101,,6954,31,,,1,101,,6972,31,,,1,99,,6974,31,,,1,100,,6973,31,,,1,100,,6953,31,,,1,101,,6971,31,,,1,100,,6956,31,,,1,101,,6957,31,,,1,98,,6961,31,,,1,63,,6963,31,,,1,36,,6958,31,,,1,60,,6955,31,,,1,40,,6968,31,,,1,69,,6970,31,,,1,29,,6964,31,,,1,72,,6960,31,,,1,36,,6966,31,,,1,102,,6959,31,,,1,99,,6962,31,,,1,101,,6967,31,,,1,97,,6965,31,,,1,109,,6969,31,,,1
3903,'DIM',850,,7275,42,,,1,100,,1387,52,,,1,56,,7266,52,,,1,34,,7269,52,,,1,68,,7274,52,,,1,32,,7263,52,,,1,71,,7273,52,,,1,31,,7262,52,,,1,69,,7255,52,,,1,35,,7265,52,,,1,65,,7264,52,,,1,28,,7268,52,,,1,67,,7271,52,,,1,37,,7270,52,,,1,70,,7258,52,,,1,29,,7267,52,,,1,70,,7272,52,,,1,26,,7260,52,,,1,10,,7253,52,,,1,64,,7259,52,,,1,25,,7252,52,,,1,99,,7257,52,,,1,99,,7261,52,,,1,98,,7254,52,,,1,104,,7256,52,,,1
3903,'SAM',850,,7299,42,,,1,100,,7291,52,,,1,56,,7295,52,,,1,34,,7292,52,,,1,70,,7288,52,,,1,30,,7294,52,,,1,71,,7296,52,,,1,28,,7287,52,,,1,72,,7286,52,,,1,34,,7289,52,,,1,67,,7276,52,,,1,31,,7277,52,,,1,65,,7293,52,,,1,35,,7280,52,,,1,70,,7297,52,,,1,29,,7281,52,,,1,70,,7283,52,,,1,26,,7290,52,,,1,11,,7284,52,,,1,63,,7298,52,,,1,25,,7282,52,,,1,101,,7285,52,,,1,97,,7278,52,,,1,98,,1409,52,,,1,104,,7279,52,,,1
3903,'SEM',747,,7304,52,,,1,103,,7310,52,,,1,100,,7309,52,,,1,70,,7305,52,,,1,28,,7324,52,,,1,70,,7303,52,,,1,30,,7327,52,,,1,71,,7325,52,,,1,30,,7326,52,,,1,71,,7302,52,,,1,31,,7308,52,,,1,73,,7300,52,,,1,32,,7306,52,,,1,56,,7313,52,,,1,30,,7314,52,,,1,14,,7315,52,,,1,65,,7320,52,,,1,16,,7301,52,,,1,66,,7307,52,,,1,29,,7322,52,,,1,72,,7312,52,,,1,34,,7311,52,,,1,77,,7319,52,,,1,97,,7321,52,,,1,104,,7317,52,,,1,99,,7316,52,,,1,98,,7318,52,,,1,37,,7323,52,,,1
7303,'DIM',701,,9874,29,,,1,99,,9869,29,,,1,101,,9871,29,,,1,99,,9868,29,,,1,101,,9870,29,,,1,99,,9872,29,,,1,103,,9861,29,,,1,99,,9867,29,,,1,100,,9873,29,,,1,100,,9875,29,,,1,101,,9859,29,,,1,100,,9860,29,,,1,56,,9857,29,,,1,141,,9862,29,,,1,100,,9865,29,,,1,100,,9858,29,,,1,59,,9863,29,,,1,141,,9866,29,,,1,106,,9864,29,,,1
7303,'SAM',605,,9890,29,,,1,96,,9877,29,,,1,99,,9894,29,,,1,101,,9892,29,,,1,99,,9879,29,,,1,101,,9891,29,,,1,100,,9895,29,,,1,101,,9893,29,,,1,101,,9876,29,,,1,100,,9896,29,,,1,100,,9897,29,,,1,100,,9882,29,,,1,100,,9878,29,,,1,97,,9884,29,,,1,100,,9883,29,,,1,100,,9880,29,,,1,100,,9881,29,,,1,59,,9885,29,,,1,142,,9886,29,,,1,105,,9888,29,,,1,102,,9887,29,,,1,98,,9889,29,,,1
7303,'SEM',555,,9942,29,,,1,65,,9939,29,,,1,38,,9940,29,,,1,48,,9908,29,,,1,37,,9904,29,,,1,63,,9911,29,,,1,42,,9913,29,,,1,54,,9921,29,,,1,29,,9903,29,,,1,69,,9901,29,,,1,30,,9943,29,,,1,70,,9915,29,,,1,30,,9909,29,,,1,70,,9941,29,,,1,31,,9910,29,,,1,70,,9918,29,,,1,30,,9944,29,,,1,70,,9902,29,,,1,30,,9919,29,,,1,27,,9899,29,,,1,72,,9912,29,,,1,70,,9945,29,,,1,21,,9898,29,,,1,17,,9926,29,,,1,18,,9914,29,,,1,53,,9900,29,,,1,13,,9905,29,,,1,14,,9907,29,,,1,14,,9906,29,,,1,53,,9929,29,,,1,13,,9916,29,,,1,17,,9922,29,,,1,14,,9917,29,,,1,58,,9928,29,,,1,34,,9932,29,,,1,66,,9920,29,,,1,33,,9923,29,,,1,68,,9935,29,,,1,30,,9925,29,,,1,70,,9927,29,,,1,27,,9924,29,,,1,73,,9931,29,,,1,30,,9936,29,,,1,70,,9938,29,,,1,35,,9930,29,,,1,70,,9933,29,,,1,27,,9934,29,,,1,162,,9937,29,,,1
7401,'DIM',732,,10038,29,,,2,98,,10039,29,,,2,101,,10045,29,,,2,100,,10043,29,,,2,101,,10040,29,,,2,100,,10041,29,,,2,102,,10042,29,,,2,100,,10046,29,,,2,100,,10044,29,,,2,98,,10047,29,,,2,100,,10031,29,,,2,98,,10035,29,,,2,100,,10037,29,,,2,101,,10036,29,,,2,101,,10034,29,,,2,98,,10032,29,,,2,100,,10033,29,,,2
7401,'SAM',733,,10058,29,,,2,99,,10056,29,,,2,101,,10061,29,,,2,100,,10064,29,,,2,100,,10059,29,,,2,100,,10062,29,,,2,99,,10057,29,,,2,102,,10063,29,,,2,100,,10060,29,,,2,100,,10050,29,,,2,98,,10048,29,,,2,100,,10054,29,,,2,100,,10055,29,,,2,101,,10053,29,,,2,101,,10049,29,,,2,96,,10051,29,,,2,100,,10052,29,,,2
7401,'SEM',634,,10082,29,,,2,97,,10083,29,,,2,100,,10069,29,,,2,105,,10071,29,,,2,97,,10068,29,,,2,100,,10081,29,,,2,102,,10084,29,,,2,101,,10067,29,,,2,100,,10065,29,,,2,100,,10072,29,,,2,92,,10066,29,,,2,101,,10075,29,,,2,27,,10070,29,,,2,80,,10079,29,,,2,98,,10073,29,,,2,98,,10077,29,,,2,100,,10076,29,,,2,97,,10074,29,,,2,103,,10078,29,,,2,98,,10080,29,,,2
