202,'SAM',2618,,5889,6,,,1,41,,9,6,,,1
202,'SEM',521,,5890,6,,,1,25,,5894,6,,,1,56,,10,6,,,1,1999,,5891,6,,,1,40,,5892,6,,,1,80,,5893,6,,,1
1703,'DIM',618,,5976,4,,,1,84,,94,4,,,1,99,,5966,4,,,1,58,,5971,4,,,1,99,,5972,4,,,1,101,,5975,4,,,1,141,,5973,4,,,1,100,,5977,4,,,1,100,,5979,4,,,1,59,,5970,4,,,1,142,,5974,4,,,1,56,,5962,4,,,1,100,,5978,4,,,1,100,,5965,4,,,1,102,,5963,4,,,1,100,,5964,4,,,1,141,,5967,4,,,1,100,,89,4,,,1,102,,5969,4,,,1,120,,5968,4,,,1
1703,'SAM',535,,5991,4,,,1,83,,5983,4,,,1,84,,5990,4,,,1,98,,5996,4,,,1,59,,5993,4,,,1,100,,5994,4,,,1,142,,5992,4,,,1,99,,5998,4,,,1,100,,5989,4,,,1,100,,5995,4,,,1,59,,5999,4,,,1,142,,5997,4,,,1,57,,6000,4,,,1,99,,5980,4,,,1,99,,5981,4,,,1,101,,5982,4,,,1,100,,5988,4,,,1,143,,5986,4,,,1,100,,5987,4,,,1,103,,5984,4,,,1,121,,5985,4,,,1
1703,'SEM',549,,6021,4,,,1,152,,6003,4,,,1,101,,6009,4,,,1,56,,6008,4,,,1,99,,6024,4,,,1,100,,6011,4,,,1,100,,6007,4,,,1,100,,6004,4,,,1,99,,6005,4,,,1,96,,6010,4,,,1,77,,6012,4,,,1,22,,6006,4,,,1,75,,6001,4,,,1,27,,6017,4,,,1,75,,6002,4,,,1,77,,6014,4,,,1,29,,6013,4,,,1,69,,6019,4,,,1,100,,6015,4,,,1,100,,6016,4,,,1,100,,6020,4,,,1,100,,6018,4,,,1,52,,6023,4,,,1,150,,6022,4,,,1
2201,'DIM',627,,6206,4,,,2,100,,6207,4,,,2,104,,6204,4,,,2,99,,6211,4,,,2,100,,6202,4,,,2,101,,6209,4,,,2,99,,6205,4,,,2,103,,6210,4,,,2,95,,6208,4,,,2,97,,6213,4,,,2,104,,6199,4,,,2,103,,6212,4,,,2,98,,6203,4,,,2,101,,6201,4,,,2,100,,6198,4,,,2,101,,6200,4,,,2
2201,'SAM',628,,6225,4,,,2,101,,6216,4,,,2,100,,6226,4,,,2,102,,6227,4,,,2,100,,6228,4,,,2,98,,6229,4,,,2,100,,6230,4,,,2,104,,6215,4,,,2,95,,6218,4,,,2,99,,6214,4,,,2,102,,6219,4,,,2,101,,6221,4,,,2,100,,6224,4,,,2,102,,6217,4,,,2,100,,6222,4,,,2,99,,6220,4,,,2,101,,6223,4,,,2
2201,'SEM',620,,6250,4,,,2,32,,6249,4,,,2,68,,6232,4,,,2,95,,6236,4,,,2,40,,6238,4,,,2,75,,11206,4,,,2,98,,6237,4,,,2,100,,6244,4,,,2,100,,6239,4,,,2,100,,6231,4,,,2,95,,6234,4,,,2,105,,6235,4,,,2,100,,6246,4,,,2,100,,6241,4,,,2,100,,6242,4,,,2,100,,6248,4,,,2,100,,6240,4,,,2,100,,6243,4,,,2,100,,6247,4,,,2,101,,6245,4,,,2
2703,'DIM',855,,6814,4,,,2,100,,6809,4,,,2,95,,6810,4,,,2,104,,6812,4,,,2,101,,6808,4,,,2,100,,6806,4,,,2,96,,6807,4,,,2,108,,6811,4,,,2,98,,6813,4,,,2,100,,6799,4,,,2,100,,6798,4,,,2,98,,6804,4,,,2,100,,6802,4,,,2,100,,6803,4,,,2,102,,6800,4,,,2,100,,6801,4,,,2,100,,6805,4,,,2
2703,'SAM',655,,6828,4,,,2,100,,6825,4,,,2,96,,6830,4,,,2,104,,6832,4,,,2,95,,6824,4,,,2,104,,6815,4,,,2,96,,6826,4,,,2,105,,6829,4,,,2,147,,6827,4,,,2,55,,6831,4,,,2,100,,6833,4,,,2,100,,6818,4,,,2,100,,6821,4,,,2,98,,6817,4,,,2,100,,6819,4,,,2,99,,6816,4,,,2,103,,6822,4,,,2,100,,6820,4,,,2,100,,6823,4,,,2
2703,'SEM',812,,6834,4,,,2,41,,6837,4,,,2,99,,6854,4,,,2,100,,6853,4,,,2,98,,6839,4,,,2,94,,6846,4,,,2,100,,6842,4,,,2,100,,6836,4,,,2,80,,6838,4,,,2,80,,6841,4,,,2,15,,6844,4,,,2,30,,6847,4,,,2,70,,6835,4,,,2,24,,6840,4,,,2,105,,6849,4,,,2,91,,6852,4,,,2,108,,6845,4,,,2,100,,6843,4,,,2,99,,6848,4,,,2,101,,6850,4,,,2,95,,6851,4,,,2
3103,'DIM',632,,6925,6,,,1,99,,6924,6,,,1,98,,6929,6,,,1,99,,6932,6,,,1,99,,6933,6,,,1,101,,6930,6,,,1,100,,6926,6,,,1,101,,6928,6,,,1,101,,6916,6,,,1,96,,6927,6,,,1,101,,6931,6,,,1,102,,6920,6,,,1,98,,6918,6,,,1,100,,6919,6,,,1,102,,6917,6,,,1,101,,6923,6,,,1,100,,6922,6,,,1,100,,6921,6,,,1
3103,'SAM',632,,6946,6,,,1,100,,6949,6,,,1,97,,6947,6,,,1,98,,6950,6,,,1,98,,6952,6,,,1,101,,6934,6,,,1,102,,6944,6,,,1,100,,6948,6,,,1,100,,6945,6,,,1,102,,6951,6,,,1,97,,6937,6,,,1,102,,6938,6,,,1,99,,6941,6,,,1,99,,6935,6,,,1,100,,6942,6,,,1,103,,6943,6,,,1,102,,6936,6,,,1,97,,6940,6,,,1,98,,6939,6,,,1
3103,'SEM',627,,6975,6,,,1,100,,6954,6,,,1,100,,6972,6,,,1,100,,6974,6,,,1,100,,6973,6,,,1,100,,6953,6,,,1,99,,6971,6,,,1,100,,6956,6,,,1,100,,6957,6,,,1,97,,6961,6,,,1,23,,6963,6,,,1,74,,6958,6,,,1,20,,6955,6,,,1,82,,6968,6,,,1,30,,6970,6,,,1,70,,6964,6,,,1,33,,6960,6,,,1,77,,6966,6,,,1,102,,6959,6,,,1,100,,6962,6,,,1,102,,6967,6,,,1,97,,6965,6,,,1,110,,6969,6,,,1
4303,'DIM',632,,7892,4,,,1,100,,7893,4,,,1,100,,7894,4,,,1,100,,7885,4,,,1,105,,7886,4,,,1,103,,7895,4,,,1,99,,7898,4,,,1,101,,7896,4,,,1,97,,7899,4,,,1,100,,7897,4,,,1,102,,7880,4,,,1,105,,7884,4,,,1,94,,7891,4,,,1,100,,7888,4,,,1,100,,7882,4,,,1,100,,7881,4,,,1,100,,7883,4,,,1,94,,7887,4,,,1,100,,7890,4,,,1,100,,7889,4,,,1
4303,'SAM',632,,7906,4,,,1,100,,7907,4,,,1,100,,7911,4,,,1,105,,7914,4,,,1,102,,7917,4,,,1,101,,7915,4,,,1,100,,7900,4,,,1,103,,7916,4,,,1,97,,7913,4,,,1,97,,7912,4,,,1,101,,7919,4,,,1,100,,7918,4,,,1,104,,7901,4,,,1,96,,7903,4,,,1,100,,7902,4,,,1,100,,7909,4,,,1,100,,7905,4,,,1,94,,7904,4,,,1,100,,7910,4,,,1,100,,7908,4,,,1
4303,'SEM',633,,7925,4,,,1,100,,7939,4,,,1,82,,7923,4,,,1,103,,7930,4,,,1,30,,7922,4,,,1,70,,7920,4,,,1,29,,7947,4,,,1,70,,7934,4,,,1,30,,7924,4,,,1,70,,7945,4,,,1,30,,7946,4,,,1,70,,7928,4,,,1,30,,7931,4,,,1,70,,7927,4,,,1,30,,7921,4,,,1,70,,7932,4,,,1,25,,7926,4,,,1,70,,7937,4,,,1,25,,7933,4,,,1,70,,7936,4,,,1,30,,7929,4,,,1,70,,7935,4,,,1,100,,7944,4,,,1,100,,7940,4,,,1,105,,7942,4,,,1,100,,7938,4,,,1,108,,7943,4,,,1,110,,7941,4,,,1
4803,'DIM',701,,8297,4,,,1,103,,8293,4,,,1,102,,8298,4,,,1,100,,8296,4,,,1,99,,8299,4,,,1,101,,8302,4,,,1,96,,8294,4,,,1,104,,8300,4,,,1,100,,8295,4,,,1,100,,8301,4,,,1,102,,8290,4,,,1,100,,8303,4,,,1,100,,8287,4,,,1,100,,8285,4,,,1,99,,8291,4,,,1,100,,8286,4,,,1,100,,8289,4,,,1,30,,8288,4,,,1,121,,8292,4,,,1
4803,'SAM',603,,8320,4,,,1,99,,8316,4,,,1,102,,8304,4,,,1,102,,8317,4,,,1,100,,8322,4,,,1,100,,8321,4,,,1,94,,8323,4,,,1,106,,8318,4,,,1,100,,8319,4,,,1,100,,8315,4,,,1,100,,8305,4,,,1,102,,8308,4,,,1,100,,8306,4,,,1,100,,8313,4,,,1,100,,8311,4,,,1,99,,8307,4,,,1,100,,8309,4,,,1,100,,8310,4,,,1,30,,8312,4,,,1,121,,8314,4,,,1
4803,'SEM',529,,8326,4,,,1,28,,8340,4,,,1,60,,8344,4,,,1,38,,8350,4,,,1,73,,11220,4,,,1,30,,8330,4,,,1,61,,8329,4,,,1,33,,8339,4,,,1,75,,8353,4,,,1,105,,8348,4,,,1,100,,8349,4,,,1,100,,8352,4,,,1,93,,8351,4,,,1,80,,8334,4,,,1,30,,8328,4,,,1,75,,8325,4,,,1,30,,8332,4,,,1,65,,8335,4,,,1,29,,8331,4,,,1,72,,8324,4,,,1,29,,8333,4,,,1,71,,8336,4,,,1,50,,8342,4,,,1,145,,8341,4,,,1,100,,8338,4,,,1,99,,8337,4,,,1,100,,8346,4,,,1,54,,8343,4,,,1,91,,8345,4,,,1,79,,8347,4,,,1
5801,'DIM',522,,8918,4,,,2,100,,8910,4,,,2,90,,2987,4,,,2,101,,8908,4,,,2,100,,8909,4,,,2,99,,8914,4,,,2,100,,8911,4,,,2,101,,8907,4,,,2,99,,8912,4,,,2,100,,8916,4,,,2,98,,8913,4,,,2,109,,8917,4,,,2,94,,8901,4,,,2,103,,8915,4,,,2,97,,8906,4,,,2,100,,8903,4,,,2,100,,8905,4,,,2,100,,8902,4,,,2,99,,8900,4,,,2,109,,8904,4,,,2
5801,'SAM',527,,8935,4,,,2,95,,8931,4,,,2,93,,8933,4,,,2,98,,8936,4,,,2,100,,8921,4,,,2,99,,8923,4,,,2,103,,8934,4,,,2,98,,8926,4,,,2,104,,8932,4,,,2,94,,8919,4,,,2,111,,8920,4,,,2,99,,8938,4,,,2,100,,8937,4,,,2,89,,8928,4,,,2,107,,8925,4,,,2,96,,8922,4,,,2,100,,8924,4,,,2,100,,8929,4,,,2,99,,8930,4,,,2,109,,8927,4,,,2
5801,'SEM',509,,8943,4,,,2,28,,8965,4,,,2,82,,8963,4,,,2,38,,8939,4,,,2,92,,8940,4,,,2,84,,8949,4,,,2,100,,8948,4,,,2,100,,8962,4,,,2,100,,8944,4,,,2,100,,8964,4,,,2,100,,8946,4,,,2,80,,8945,4,,,2,87,,8966,4,,,2,30,,8952,4,,,2,71,,8950,4,,,2,20,,8947,4,,,2,19,,8942,4,,,2,60,,8953,4,,,2,20,,8957,4,,,2,15,,8941,4,,,2,65,,8960,4,,,2,20,,8954,4,,,2,30,,8951,4,,,2,100,,8959,4,,,2,100,,8955,4,,,2,102,,8958,4,,,2,105,,8956,4,,,2,99,,8961,4,,,2
6002,'DIM',652,,9084,4,,,1,99,,9093,4,,,1,100,,9092,4,,,1,100,,9096,4,,,1,100,,9094,4,,,1,100,,9098,4,,,1,100,,9095,4,,,1,100,,9097,4,,,1,100,,9099,4,,,1,100,,9083,4,,,1,100,,9100,4,,,1,100,,9090,4,,,1,100,,9086,4,,,1,101,,9085,4,,,1,100,,9088,4,,,1,100,,9087,4,,,1,100,,9089,4,,,1,99,,9091,4,,,1
6002,'SAM',652,,9114,4,,,1,99,,9113,4,,,1,94,,9116,4,,,1,106,,9112,4,,,1,100,,9110,4,,,1,100,,9118,4,,,1,100,,9117,4,,,1,97,,9111,4,,,1,103,,9115,4,,,1,100,,9102,4,,,1,100,,9106,4,,,1,100,,9107,4,,,1,100,,9101,4,,,1,101,,9105,4,,,1,100,,9103,4,,,1,100,,9109,4,,,1,100,,9108,4,,,1,99,,9104,4,,,1
6002,'SEM',627,,9119,4,,,1,116,,9135,4,,,1,82,,9134,4,,,1,102,,11229,4,,,1,96,,9121,4,,,1,100,,9123,4,,,1,100,,9137,4,,,1,100,,9136,4,,,1,96,,9124,4,,,1,104,,9120,4,,,1,100,,9125,4,,,1,100,,9131,4,,,1,101,,9127,4,,,1,99,,9130,4,,,1,100,,9133,4,,,1,99,,9126,4,,,1,100,,9129,4,,,1,90,,9128,4,,,1,100,,9132,4,,,1
7002,'DIM',656,,3827,4,,,1,101,,9785,4,,,1,100,,9786,4,,,1,100,,9783,4,,,1,67,,9781,4,,,1,33,,9772,4,,,1,72,,9793,4,,,1,28,,9782,4,,,1,67,,9778,4,,,1,33,,9780,4,,,1,70,,9789,4,,,1,30,,9787,4,,,1,70,,9788,4,,,1,30,,9776,4,,,1,71,,9784,4,,,1,24,,9790,4,,,1,78,,9773,4,,,1,74,,9792,4,,,1,34,,9771,4,,,1,75,,9791,4,,,1,95,,9794,4,,,1,95,,9774,4,,,1,55,,9770,4,,,1,100,,9777,4,,,1,99,,9775,4,,,1,143,,9779,4,,,1
7002,'SAM',656,,9814,4,,,1,97,,9812,4,,,1,99,,9817,4,,,1,99,,9816,4,,,1,75,,9810,4,,,1,31,,9813,4,,,1,72,,9809,4,,,1,28,,9802,4,,,1,72,,9815,4,,,1,27,,9807,4,,,1,75,,9820,4,,,1,26,,9798,4,,,1,76,,9808,4,,,1,69,,9819,4,,,1,23,,9811,4,,,1,32,,9822,4,,,1,69,,9821,4,,,1,32,,9818,4,,,1,82,,9797,4,,,1,73,,9804,4,,,1,95,,9806,4,,,1,50,,9805,4,,,1,98,,9799,4,,,1,101,,9800,4,,,1,100,,9801,4,,,1,101,,9803,4,,,1
7002,'SEM',529,,9844,4,,,1,97,,9829,4,,,1,25,,9850,4,,,1,71,,9856,4,,,1,33,,9828,4,,,1,72,,9830,4,,,1,31,,9854,4,,,1,70,,9853,4,,,1,30,,9826,4,,,1,70,,9843,4,,,1,30,,9851,4,,,1,70,,9825,4,,,1,30,,9852,4,,,1,70,,9845,4,,,1,30,,9855,4,,,1,80,,9827,4,,,1,20,,9824,4,,,1,67,,9832,4,,,1,31,,9836,4,,,1,70,,9831,4,,,1,31,,9838,4,,,1,71,,9833,4,,,1,29,,9834,4,,,1,73,,9837,4,,,1,75,,9835,4,,,1,32,,9841,4,,,1,81,,9842,4,,,1,87,,9848,4,,,1,100,,9839,4,,,1,104,,9840,4,,,1,105,,9846,4,,,1,102,,9849,4,,,1,104,,9847,4,,,1
7303,'DIM',647,,9874,4,,,1,99,,9869,4,,,1,98,,9871,4,,,1,99,,9868,4,,,1,101,,9870,4,,,1,99,,9872,4,,,1,102,,9861,4,,,1,98,,9867,4,,,1,100,,9873,4,,,1,100,,9875,4,,,1,101,,9859,4,,,1,100,,9860,4,,,1,98,,9857,4,,,1,102,,9862,4,,,1,100,,9865,4,,,1,101,,9858,4,,,1,100,,9863,4,,,1,101,,9866,4,,,1,106,,9864,4,,,1
7303,'SAM',552,,9890,4,,,1,95,,9877,4,,,1,99,,9894,4,,,1,98,,9892,4,,,1,99,,9879,4,,,1,101,,9891,4,,,1,100,,9895,4,,,1,100,,9893,4,,,1,100,,9876,4,,,1,100,,9896,4,,,1,100,,9897,4,,,1,100,,9882,4,,,1,100,,9878,4,,,1,99,,9884,4,,,1,101,,9883,4,,,1,100,,9880,4,,,1,101,,9881,4,,,1,100,,9885,4,,,1,102,,9886,4,,,1,105,,9888,4,,,1,102,,9887,4,,,1,98,,9889,4,,,1
7303,'SEM',540,,9942,4,,,1,65,,9939,4,,,1,37,,9940,4,,,1,7,,9908,4,,,1,76,,9904,4,,,1,23,,9911,4,,,1,81,,9913,4,,,1,14,,9921,4,,,1,69,,9903,4,,,1,30,,9901,4,,,1,70,,9943,4,,,1,30,,9915,4,,,1,70,,9909,4,,,1,30,,9941,4,,,1,69,,9910,4,,,1,30,,9918,4,,,1,70,,9944,4,,,1,30,,9902,4,,,1,70,,9919,4,,,1,26,,9899,4,,,1,71,,9912,4,,,1,30,,9945,4,,,1,20,,9898,4,,,1,57,,9926,4,,,1,18,,9914,4,,,1,13,,9900,4,,,1,54,,9905,4,,,1,15,,9907,4,,,1,15,,9906,4,,,1,14,,9929,4,,,1,13,,9916,4,,,1,57,,9922,4,,,1,14,,9917,4,,,1,19,,9928,4,,,1,75,,9932,4,,,1,26,,9920,4,,,1,73,,9923,4,,,1,29,,9935,4,,,1,71,,9925,4,,,1,30,,9927,4,,,1,67,,9924,4,,,1,33,,9931,4,,,1,70,,9936,4,,,1,30,,9938,4,,,1,75,,9930,4,,,1,30,,9933,4,,,1,67,,9934,4,,,1,122,,9937,4,,,1
7401,'DIM',717,,10038,4,,,2,98,,10039,4,,,2,99,,10045,4,,,2,99,,10043,4,,,2,101,,10040,4,,,2,100,,10041,4,,,2,101,,10042,4,,,2,100,,10046,4,,,2,100,,10044,4,,,2,99,,10047,4,,,2,100,,10031,4,,,2,98,,10035,4,,,2,100,,10037,4,,,2,102,,10036,4,,,2,101,,10034,4,,,2,100,,10032,4,,,2,100,,10033,4,,,2
7401,'SAM',718,,10058,4,,,2,99,,10056,4,,,2,99,,10061,4,,,2,99,,10064,4,,,2,100,,10059,4,,,2,100,,10062,4,,,2,98,,10057,4,,,2,102,,10063,4,,,2,100,,10060,4,,,2,101,,10050,4,,,2,98,,10048,4,,,2,100,,10054,4,,,2,100,,10055,4,,,2,102,,10053,4,,,2,101,,10049,4,,,2,98,,10051,4,,,2,100,,10052,4,,,2
7401,'SEM',619,,10082,4,,,2,95,,10083,4,,,2,100,,10069,4,,,2,106,,10071,4,,,2,97,,10068,4,,,2,100,,10081,4,,,2,100,,10084,4,,,2,100,,10067,4,,,2,99,,10065,4,,,2,99,,10072,4,,,2,90,,10066,4,,,2,102,,10075,4,,,2,30,,10070,4,,,2,80,,10079,4,,,2,100,,10073,4,,,2,100,,10077,4,,,2,100,,10076,4,,,2,97,,10074,4,,,2,103,,10078,4,,,2,98,,10080,4,,,2
22201,'DIM',1357,,10829,4,,,2,855,,10827,4,,,2,44,,10828,4,,,2
22201,'SAM',1358,,10834,4,,,2,854,,10833,4,,,2,42,,10832,4,,,2,102,,10830,4,,,2,152,,10831,4,,,2
22201,'SEM',700,,10836,4,,,2,10,,10835,4,,,2,643,,10840,4,,,2,105,,10841,4,,,2,99,,10839,4,,,2,101,,10838,4,,,2,90,,10837,4,,,2,665,,10842,4,,,2
32201,'DIM',508,,10973,5,,,2,798,,10975,4,,,2,802,,10974,4,,,2
32201,'SAM',508,,10976,5,,,2,798,,10977,4,,,2
32201,'SEM',509,,10978,5,,,2,18,,10979,5,,,2,29,,10980,5,,,2,751,,10982,4,,,2,798,,10981,4,,,2
34503,'SEM',434,,10992,6,,,1,99,,10993,6,,,1
