2202,'DIM',724,,6257,30,,,2,100,,6258,30,,,2,100,,6259,30,,,2,100,,6263,30,,,2,101,,6265,30,,,2,100,,6262,30,,,2,98,,6266,30,,,2,104,,6256,30,,,2,97,,6260,30,,,2,114,,6261,30,,,2,89,,6264,30,,,2,100,,6251,30,,,2,98,,6254,30,,,2,101,,6255,30,,,2,100,,6252,30,,,2,100,,6253,30,,,2
2202,'SAM',625,,6283,14,,,2,97,,6278,30,,,2,99,,6276,30,,,2,102,,6274,30,,,2,101,,6282,30,,,2,101,,6281,30,,,2,98,,6277,30,,,2,100,,6279,30,,,2,102,,6275,30,,,2,98,,6280,30,,,2,114,,6267,30,,,2,88,,6269,30,,,2,102,,6271,30,,,2,97,,6272,30,,,2,100,,6273,30,,,2,101,,6270,30,,,2,99,,6268,30,,,2
2202,'SEM',607,,6304,30,,,2,14,,6305,30,,,2,105,,6303,30,,,2,27,,6301,30,,,2,74,,6285,30,,,2,100,,6289,30,,,2,30,,6291,30,,,2,70,,6286,30,,,2,100,,6290,30,,,2,100,,6302,30,,,2,100,,6292,30,,,2,100,,6284,30,,,2,101,,6287,30,,,2,102,,6293,30,,,2,21,,6288,30,,,2,84,,6297,30,,,2,93,,6296,30,,,2,100,,6298,30,,,2,100,,6300,30,,,2,100,,6294,30,,,2,105,,6295,30,,,2,95,,6299,30,,,2
5002,'DIM',603,,8511,7,,,1,100,,8523,7,,,1,100,,8518,7,,,1,100,,8524,7,,,1,101,,8527,7,,,1,24,,8517,7,,,1,72,,8519,7,,,1,28,,8530,7,,,1,79,,8522,7,,,1,28,,8520,7,,,1,77,,8529,7,,,1,24,,8516,7,,,1,75,,8521,7,,,1,21,,8525,7,,,1,74,,8507,7,,,1,31,,8505,7,,,1,74,,8528,7,,,1,26,,8526,7,,,1,76,,8512,7,,,1,102,,8514,7,,,1,100,,8515,7,,,1,100,,8506,7,,,1,100,,8509,7,,,1,100,,8508,7,,,1,96,,8510,7,,,1,100,,8513,7,,,1
5002,'SAM',558,,8536,7,,,1,145,,8544,7,,,1,100,,8547,7,,,1,100,,8551,7,,,1,102,,8542,7,,,1,23,,8553,7,,,1,76,,8556,7,,,1,27,,8545,7,,,1,76,,8552,7,,,1,26,,8554,7,,,1,74,,8546,7,,,1,28,,8548,7,,,1,74,,8555,7,,,1,31,,8532,7,,,1,72,,8549,7,,,1,23,,8531,7,,,1,72,,8550,7,,,1,30,,8537,7,,,1,76,,8539,7,,,1,102,,8538,7,,,1,100,,8540,7,,,1,100,,8533,7,,,1,100,,8534,7,,,1,99,,8541,7,,,1,97,,8535,7,,,1,100,,8543,7,,,1
5002,'SEM',454,,8563,7,,,1,75,,8586,7,,,1,27,,2661,7,,,1,69,,8559,7,,,1,29,,8587,7,,,1,52,,8571,7,,,1,34,,8558,7,,,1,19,,8568,7,,,1,72,,8557,7,,,1,69,,8572,7,,,1,27,,8565,7,,,1,30,,8588,7,,,1,70,,8589,7,,,1,30,,8573,7,,,1,70,,8566,7,,,1,30,,8564,7,,,1,70,,8590,7,,,1,31,,8585,7,,,1,70,,8560,7,,,1,30,,8576,7,,,1,79,,8561,7,,,1,77,,8577,7,,,1,36,,8569,7,,,1,67,,8574,7,,,1,30,,8570,7,,,1,70,,8562,7,,,1,29,,8567,7,,,1,70,,8575,7,,,1,31,,8582,7,,,1,105,,8580,7,,,1,105,,8583,7,,,1,101,,8578,7,,,1,152,,8579,7,,,1,101,,8581,7,,,1,96,,8584,7,,,1
5802,'DIM',602,,8984,7,,,2,100,,8981,7,,,2,51,,3051,7,,,2,100,,8975,7,,,2,100,,8976,7,,,2,99,,8980,7,,,2,100,,8977,7,,,2,101,,8974,7,,,2,100,,8978,7,,,2,100,,8982,7,,,2,98,,8979,7,,,2,149,,8983,7,,,2,54,,8968,7,,,2,100,,8970,7,,,2,100,,8973,7,,,2,100,,8971,7,,,2,100,,8972,7,,,2,100,,8969,7,,,2
5802,'SAM',602,,9000,7,,,2,100,,8985,7,,,2,51,,8998,7,,,2,100,,9001,7,,,2,100,,8989,7,,,2,99,,8991,7,,,2,103,,8999,7,,,2,98,,8994,7,,,2,105,,8997,7,,,2,94,,8986,7,,,2,151,,8988,7,,,2,99,,9002,7,,,2,52,,8987,7,,,2,100,,8995,7,,,2,103,,8993,7,,,2,97,,8990,7,,,2,100,,8992,7,,,2,100,,8996,7,,,2
5802,'SEM',522,,9022,7,,,2,25,,9006,7,,,2,76,,9026,7,,,2,13,,9005,7,,,2,66,,9024,7,,,2,30,,9009,7,,,2,18,,9003,7,,,2,82,,9004,7,,,2,82,,9011,7,,,2,100,,9010,7,,,2,100,,9023,7,,,2,100,,9007,7,,,2,100,,9025,7,,,2,101,,9008,7,,,2,25,,9015,7,,,2,70,,9012,7,,,2,106,,9014,7,,,2,30,,9021,7,,,2,100,,9016,7,,,2,100,,9017,7,,,2,87,,9013,7,,,2,99,,9020,7,,,2,100,,9018,7,,,2,100,,9019,7,,,2
22202,'DIM',1438,,10843,19,,,2
22202,'SAM',1438,,10846,19,,,2,895,,10845,19,,,2,103,,10844,19,,,2
22202,'SEM',544,,10853,19,,,2,110,,10847,19,,,2,88,,10848,19,,,2,769,,10849,19,,,2,29,,10850,19,,,2,704,,10852,19,,,2,65,,10851,19,,,2
32202,'SAM',2549,,10983,13,,,2
32202,'SEM',2418,,10984,13,,,2,85,,10985,13,,,2
