1703,'DIM',635,,5976,34,,,1,84,,94,34,,,1,99,,5966,34,,,1,101,,5971,34,,,1,99,,5972,34,,,1,102,,5975,34,,,1,101,,5973,34,,,1,100,,5977,34,,,1,101,,5979,34,,,1,99,,5970,34,,,1,102,,5974,34,,,1,96,,5962,34,,,1,99,,5978,34,,,1,99,,5965,34,,,1,101,,5963,34,,,1,99,,5964,34,,,1,100,,5967,34,,,1,100,,89,34,,,1,102,,5969,34,,,1,119,,5968,34,,,1
1703,'SAM',551,,5991,34,,,1,84,,5983,34,,,1,84,,5990,34,,,1,98,,5996,34,,,1,102,,5993,34,,,1,100,,5994,34,,,1,103,,5992,34,,,1,99,,5998,34,,,1,100,,5989,34,,,1,101,,5995,34,,,1,99,,5999,34,,,1,102,,5997,34,,,1,97,,6000,34,,,1,98,,5980,34,,,1,98,,5981,34,,,1,100,,5982,34,,,1,99,,5988,34,,,1,102,,5986,34,,,1,100,,5987,34,,,1,103,,5984,34,,,1,120,,5985,34,,,1
1703,'SEM',606,,6021,34,,,1,114,,6003,34,,,1,103,,6009,34,,,1,96,,6008,34,,,1,99,,6024,34,,,1,101,,6011,34,,,1,101,,6007,34,,,1,101,,6004,34,,,1,99,,6005,34,,,1,97,,6010,34,,,1,38,,6012,34,,,1,64,,6006,34,,,1,36,,6001,34,,,1,66,,6017,34,,,1,32,,6002,34,,,1,75,,6014,34,,,1,28,,6013,34,,,1,68,,6019,34,,,1,98,,6015,34,,,1,99,,6016,34,,,1,99,,6020,34,,,1,100,,6018,34,,,1,92,,6023,34,,,1,108,,6022,34,,,1
3103,'DIM',649,,6925,36,,,1,99,,6924,36,,,1,100,,6929,36,,,1,101,,6932,36,,,1,100,,6933,36,,,1,101,,6930,36,,,1,100,,6926,36,,,1,102,,6928,36,,,1,101,,6916,36,,,1,96,,6927,36,,,1,101,,6931,36,,,1,100,,6920,36,,,1,98,,6918,36,,,1,98,,6919,36,,,1,102,,6917,36,,,1,99,,6923,36,,,1,100,,6922,36,,,1,100,,6921,36,,,1
3103,'SAM',649,,6946,36,,,1,100,,6949,36,,,1,99,,6947,36,,,1,100,,6950,36,,,1,99,,6952,36,,,1,101,,6934,36,,,1,102,,6944,36,,,1,101,,6948,36,,,1,100,,6945,36,,,1,102,,6951,36,,,1,97,,6937,36,,,1,100,,6938,36,,,1,99,,6941,36,,,1,97,,6935,36,,,1,100,,6942,36,,,1,101,,6943,36,,,1,102,,6936,36,,,1,97,,6940,36,,,1,98,,6939,36,,,1
3103,'SEM',646,,6975,36,,,1,101,,6954,36,,,1,101,,6972,36,,,1,99,,6974,36,,,1,100,,6973,36,,,1,101,,6953,36,,,1,101,,6971,36,,,1,100,,6956,36,,,1,101,,6957,36,,,1,99,,6961,36,,,1,63,,6963,36,,,1,36,,6958,36,,,1,60,,6955,36,,,1,40,,6968,36,,,1,68,,6970,36,,,1,29,,6964,36,,,1,72,,6960,36,,,1,36,,6966,36,,,1,101,,6959,36,,,1,99,,6962,36,,,1,101,,6967,36,,,1,96,,6965,36,,,1,150,,6969,36,,,1
3903,'DIM',852,,7275,47,,,1,100,,1387,57,,,1,56,,7266,57,,,1,34,,7269,57,,,1,68,,7274,57,,,1,32,,7263,57,,,1,71,,7273,57,,,1,31,,7262,57,,,1,69,,7255,57,,,1,36,,7265,57,,,1,65,,7264,57,,,1,28,,7268,57,,,1,67,,7271,57,,,1,37,,7270,57,,,1,70,,7258,57,,,1,29,,7267,57,,,1,70,,7272,57,,,1,26,,7260,57,,,1,10,,7253,57,,,1,64,,7259,57,,,1,25,,7252,57,,,1,99,,7257,57,,,1,98,,7261,57,,,1,98,,7254,57,,,1,104,,7256,57,,,1
3903,'SAM',852,,7299,47,,,1,100,,7291,57,,,1,56,,7295,57,,,1,34,,7292,57,,,1,70,,7288,57,,,1,30,,7294,57,,,1,71,,7296,57,,,1,28,,7287,57,,,1,72,,7286,57,,,1,35,,7289,57,,,1,67,,7276,57,,,1,31,,7277,57,,,1,65,,7293,57,,,1,35,,7280,57,,,1,70,,7297,57,,,1,29,,7281,57,,,1,70,,7283,57,,,1,26,,7290,57,,,1,11,,7284,57,,,1,63,,7298,57,,,1,25,,7282,57,,,1,101,,7285,57,,,1,96,,7278,57,,,1,98,,1409,57,,,1,104,,7279,57,,,1
3903,'SEM',749,,7304,57,,,1,103,,7310,57,,,1,100,,7309,57,,,1,70,,7305,57,,,1,28,,7324,57,,,1,70,,7303,57,,,1,30,,7327,57,,,1,72,,7325,57,,,1,30,,7326,57,,,1,71,,7302,57,,,1,31,,7308,57,,,1,73,,7300,57,,,1,32,,7306,57,,,1,56,,7313,57,,,1,31,,7314,57,,,1,54,,7315,57,,,1,25,,7320,57,,,1,16,,7301,57,,,1,66,,7307,57,,,1,29,,7322,57,,,1,72,,7312,57,,,1,33,,7311,57,,,1,77,,7319,57,,,1,97,,7321,57,,,1,103,,7317,57,,,1,99,,7316,57,,,1,98,,7318,57,,,1,37,,7323,57,,,1
4503,'DIM',656,,8030,35,,,1,100,,2117,35,,,1,101,,2115,35,,,1,99,,8029,35,,,1,101,,8031,35,,,1,98,,8028,35,,,1,146,,8034,35,,,1,100,,8020,35,,,1,56,,8033,35,,,1,146,,8019,35,,,1,50,,8032,35,,,1,100,,8022,35,,,1,99,,8026,35,,,1,100,,8021,35,,,1,99,,8027,35,,,1,100,,8025,35,,,1,100,,8024,35,,,1,149,,8023,35,,,1
4503,'SAM',656,,8044,35,,,1,100,,8047,35,,,1,101,,8049,35,,,1,99,,8050,35,,,1,101,,8035,35,,,1,100,,8048,35,,,1,144,,8045,35,,,1,102,,8046,35,,,1,99,,8052,35,,,1,56,,8040,35,,,1,95,,8051,35,,,1,100,,8037,35,,,1,99,,8038,35,,,1,100,,8036,35,,,1,99,,8042,35,,,1,100,,8039,35,,,1,102,,8043,35,,,1,147,,8041,35,,,1
4503,'SEM',647,,8063,35,,,1,60,,8075,35,,,1,35,,8053,35,,,1,65,,8057,35,,,1,23,,8055,35,,,1,84,,8079,35,,,1,31,,8061,35,,,1,101,,8077,35,,,1,100,,11218,35,,,1,96,,8078,35,,,1,100,,8064,35,,,1,78,,8058,35,,,1,84,,8060,35,,,1,17,,8059,35,,,1,25,,8068,35,,,1,71,,8062,35,,,1,17,,8054,35,,,1,73,,8056,35,,,1,18,,8066,35,,,1,13,,8073,35,,,1,76,,8074,35,,,1,36,,8071,35,,,1,99,,8070,35,,,1,99,,8065,35,,,1,102,,8067,35,,,1,97,,8069,35,,,1,94,,8072,35,,,1
7303,'DIM',704,,9874,34,,,1,99,,9869,34,,,1,102,,9871,34,,,1,99,,9868,34,,,1,101,,9870,34,,,1,99,,9872,34,,,1,103,,9861,34,,,1,99,,9867,34,,,1,100,,9873,34,,,1,100,,9875,34,,,1,101,,9859,34,,,1,100,,9860,34,,,1,96,,9857,34,,,1,100,,9862,34,,,1,100,,9865,34,,,1,100,,9858,34,,,1,99,,9863,34,,,1,101,,9866,34,,,1,106,,9864,34,,,1
7303,'SAM',608,,9890,34,,,1,96,,9877,34,,,1,99,,9894,34,,,1,102,,9892,34,,,1,99,,9879,34,,,1,101,,9891,34,,,1,100,,9895,34,,,1,101,,9893,34,,,1,101,,9876,34,,,1,100,,9896,34,,,1,100,,9897,34,,,1,100,,9882,34,,,1,100,,9878,34,,,1,97,,9884,34,,,1,99,,9883,34,,,1,100,,9880,34,,,1,100,,9881,34,,,1,99,,9885,34,,,1,102,,9886,34,,,1,105,,9888,34,,,1,102,,9887,34,,,1,98,,9889,34,,,1
7303,'SEM',558,,9942,34,,,1,65,,9939,34,,,1,79,,9940,34,,,1,8,,9908,34,,,1,37,,9904,34,,,1,63,,9911,34,,,1,42,,9913,34,,,1,54,,9921,34,,,1,29,,9903,34,,,1,69,,9901,34,,,1,30,,9943,34,,,1,70,,9915,34,,,1,30,,9909,34,,,1,70,,9941,34,,,1,31,,9910,34,,,1,70,,9918,34,,,1,30,,9944,34,,,1,70,,9902,34,,,1,30,,9919,34,,,1,67,,9899,34,,,1,32,,9912,34,,,1,71,,9945,34,,,1,21,,9898,34,,,1,17,,9926,34,,,1,58,,9914,34,,,1,13,,9900,34,,,1,12,,9905,34,,,1,14,,9907,34,,,1,14,,9906,34,,,1,53,,9929,34,,,1,13,,9916,34,,,1,17,,9922,34,,,1,14,,9917,34,,,1,58,,9928,34,,,1,34,,9932,34,,,1,66,,9920,34,,,1,33,,9923,34,,,1,68,,9935,34,,,1,29,,9925,34,,,1,70,,9927,34,,,1,27,,9924,34,,,1,73,,9931,34,,,1,30,,9936,34,,,1,70,,9938,34,,,1,35,,9930,34,,,1,70,,9933,34,,,1,27,,9934,34,,,1,162,,9937,34,,,1
