2402,'DIM',707,,532,2,,,1,103,,6407,2,,,1,99,,6403,2,,,1,99,,6409,2,,,1,31,,6406,2,,,1,69,,540,2,,,1,31,,6412,2,,,1,66,,6416,2,,,1,37,,6417,2,,,1,70,,6410,2,,,1,31,,6413,2,,,1,63,,6418,2,,,1,34,,6408,2,,,1,67,,6395,2,,,1,35,,6415,2,,,1,75,,6398,2,,,1,25,,6419,2,,,1,75,,6411,2,,,1,25,,6396,2,,,1,75,,6414,2,,,1,95,,6399,2,,,1,100,,6397,2,,,1,99,,6405,2,,,1,100,,6400,2,,,1,95,,6401,2,,,1,100,,6404,2,,,1,105,,6402,2,,,1
2402,'SAM',611,,6447,2,,,1,96,,6436,2,,,1,104,,6432,2,,,1,98,,6445,2,,,1,99,,6437,2,,,1,30,,6446,2,,,1,70,,6440,2,,,1,31,,6421,2,,,1,69,,6433,2,,,1,34,,6435,2,,,1,72,,6420,2,,,1,27,,6434,2,,,1,75,,6438,2,,,1,31,,6442,2,,,1,60,,6439,2,,,1,33,,6441,2,,,1,72,,6443,2,,,1,30,,6425,2,,,1,76,,6423,2,,,1,24,,6444,2,,,1,70,,6426,2,,,1,100,,6424,2,,,1,101,,6429,2,,,1,98,,6422,2,,,1,100,,6427,2,,,1,97,,6428,2,,,1,102,,6431,2,,,1,101,,6430,2,,,1
2402,'SEM',536,,6459,2,,,1,81,,6471,2,,,1,37,,6449,2,,,1,59,,6452,2,,,1,29,,6458,2,,,1,64,,6454,2,,,1,31,,6455,2,,,1,70,,6476,2,,,1,30,,6460,2,,,1,70,,6456,2,,,1,30,,6482,2,,,1,70,,6485,2,,,1,30,,6448,2,,,1,70,,6481,2,,,1,30,,6483,2,,,1,70,,6453,2,,,1,30,,6484,2,,,1,70,,6457,2,,,1,30,,6450,2,,,1,70,,6461,2,,,1,26,,6467,2,,,1,19,,6451,2,,,1,60,,6474,2,,,1,15,,6466,2,,,1,17,,6462,2,,,1,13,,6470,2,,,1,60,,6465,2,,,1,20,,6475,2,,,1,20,,6463,2,,,1,62,,6464,2,,,1,18,,6480,2,,,1,94,,6473,2,,,1,100,,6469,2,,,1,103,,6468,2,,,1,97,,6472,2,,,1,104,,6477,2,,,1,100,,6479,2,,,1,93,,6478,2,,,1
3303,'DIM',641,,7041,2,,,1,170,,7046,2,,,1,130,,7038,2,,,1,172,,7043,2,,,1,128,,7045,2,,,1,170,,7044,2,,,1,130,,7047,2,,,1,176,,7040,2,,,1,124,,7039,2,,,1,170,,7042,2,,,1,130,,7037,2,,,1
3303,'SAM',641,,7052,2,,,1,170,,7056,2,,,1,130,,7055,2,,,1,172,,7048,2,,,1,128,,7057,2,,,1,174,,7058,2,,,1,126,,7054,2,,,1,170,,7049,2,,,1,131,,7053,2,,,1,169,,7051,2,,,1,130,,7050,2,,,1
3303,'SEM',604,,7077,2,,,1,105,,7059,2,,,1,27,,7061,2,,,1,67,,7078,2,,,1,105,,7060,2,,,1,96,,7065,2,,,1,100,,7067,2,,,1,100,,7066,2,,,1,100,,7064,2,,,1,100,,7079,2,,,1,50,,7062,2,,,1,66,,7063,2,,,1,30,,7068,2,,,1,95,,7074,2,,,1,70,,7069,2,,,1,39,,7075,2,,,1,75,,7071,2,,,1,30,,7070,2,,,1,145,,7076,2,,,1,100,,7072,2,,,1,105,,7073,2,,,1
3703,'DIM',623,,7146,2,,,2,35,,7149,2,,,2,100,,7156,2,,,2,100,,7154,2,,,2,99,,7151,2,,,2,100,,7145,2,,,2,101,,7152,2,,,2,99,,7147,2,,,2,100,,7148,2,,,2,100,,7150,2,,,2,100,,7153,2,,,2,144,,7155,2,,,2,47,,7157,2,,,2
3703,'SAM',623,,7165,2,,,2,79,,7162,2,,,2,56,,7169,2,,,2,100,,7160,2,,,2,99,,7158,2,,,2,100,,7161,2,,,2,101,,7167,2,,,2,101,,7166,2,,,2,143,,7164,2,,,2,55,,7159,2,,,2,144,,7163,2,,,2,99,,7168,2,,,2,49,,7170,2,,,2
3703,'SEM',541,,7181,2,,,2,15,,7171,2,,,2,57,,7172,2,,,2,18,,7197,2,,,2,13,,7194,2,,,2,13,,7195,2,,,2,63,,7198,2,,,2,36,,11212,2,,,2,77,,7192,2,,,2,70,,7176,2,,,2,98,,11155,2,,,2,100,,7174,2,,,2,100,,7196,2,,,2,100,,7190,2,,,2,100,,7175,2,,,2,39,,7178,2,,,2,60,,7177,2,,,2,30,,7182,2,,,2,25,,7173,2,,,2,78,,7179,2,,,2,101,,7187,2,,,2,99,,7180,2,,,2,106,,7184,2,,,2,99,,7183,2,,,2,100,,7191,2,,,2,100,,7185,2,,,2,97,,7189,2,,,2,100,,7186,2,,,2
6303,'DIM',730,,9273,2,,,1,100,,9267,2,,,1,101,,9269,2,,,1,94,,9268,2,,,1,106,,9274,2,,,1,94,,9270,2,,,1,103,,9272,2,,,1,103,,9271,2,,,1,99,,9275,2,,,1,102,,9258,2,,,1,105,,9276,2,,,1,94,,9259,2,,,1,99,,9260,2,,,1,101,,9263,2,,,1,100,,9261,2,,,1,100,,9264,2,,,1,100,,9262,2,,,1,100,,9265,2,,,1,100,,9266,2,,,1
6303,'SAM',630,,9289,2,,,1,100,,9283,2,,,1,100,,9292,2,,,1,101,,9291,2,,,1,102,,9293,2,,,1,98,,9295,2,,,1,95,,9290,2,,,1,104,,9296,2,,,1,105,,9279,2,,,1,96,,9294,2,,,1,101,,9277,2,,,1,100,,9280,2,,,1,105,,9278,2,,,1,93,,9281,2,,,1,101,,9284,2,,,1,100,,9282,2,,,1,100,,9285,2,,,1,100,,9286,2,,,1,100,,9288,2,,,1,100,,9287,2,,,1
6303,'SEM',550,,9323,2,,,1,58,,9330,2,,,1,19,,9328,2,,,1,76,,9329,2,,,1,14,,9297,2,,,1,28,,9308,2,,,1,65,,9310,2,,,1,36,,9312,2,,,1,74,,9299,2,,,1,25,,9298,2,,,1,70,,9331,2,,,1,30,,9303,2,,,1,70,,9304,2,,,1,30,,9309,2,,,1,70,,9332,2,,,1,30,,9300,2,,,1,70,,9301,2,,,1,29,,9302,2,,,1,71,,9305,2,,,1,34,,9306,2,,,1,61,,9314,2,,,1,34,,9311,2,,,1,14,,9318,2,,,1,70,,9321,2,,,1,72,,9307,2,,,1,25,,9313,2,,,1,25,,9317,2,,,1,92,,9320,2,,,1,83,,9322,2,,,1,95,,9315,2,,,1,99,,9316,2,,,1,85,,9319,2,,,1,105,,9324,2,,,1,100,,9326,2,,,1,106,,9325,2,,,1,92,,9327,2,,,1
