1703,'DIM',625,,5976,15,,,1,84,,94,15,,,1,99,,5966,15,,,1,99,,5971,15,,,1,99,,5972,15,,,1,101,,5975,15,,,1,101,,5973,15,,,1,100,,5977,15,,,1,101,,5979,15,,,1,99,,5970,15,,,1,102,,5974,15,,,1,96,,5962,15,,,1,100,,5978,15,,,1,99,,5965,15,,,1,102,,5963,15,,,1,99,,5964,15,,,1,101,,5967,15,,,1,100,,89,15,,,1,102,,5969,15,,,1,120,,5968,15,,,1
1703,'SAM',541,,5991,15,,,1,84,,5983,15,,,1,84,,5990,15,,,1,98,,5996,15,,,1,100,,5993,15,,,1,100,,5994,15,,,1,102,,5992,15,,,1,99,,5998,15,,,1,100,,5989,15,,,1,101,,5995,15,,,1,99,,5999,15,,,1,102,,5997,15,,,1,97,,6000,15,,,1,99,,5980,15,,,1,98,,5981,15,,,1,101,,5982,15,,,1,99,,5988,15,,,1,103,,5986,15,,,1,100,,5987,15,,,1,103,,5984,15,,,1,121,,5985,15,,,1
1703,'SEM',556,,6021,15,,,1,152,,6003,15,,,1,103,,6009,15,,,1,96,,6008,15,,,1,99,,6024,15,,,1,100,,6011,15,,,1,100,,6007,15,,,1,100,,6004,15,,,1,99,,6005,15,,,1,97,,11267,15,,,1,38,,6012,15,,,1,62,,6006,15,,,1,35,,6001,15,,,1,67,,6017,15,,,1,33,,6002,15,,,1,77,,6014,15,,,1,29,,6013,15,,,1,68,,6019,15,,,1,100,,6015,15,,,1,99,,6016,15,,,1,100,,6020,15,,,1,100,,6018,15,,,1,92,,6023,15,,,1,109,,6022,15,,,1
2703,'DIM',903,,6814,15,,,2,100,,6809,15,,,2,55,,6810,15,,,2,144,,6812,15,,,2,101,,6808,15,,,2,100,,6806,15,,,2,56,,6807,15,,,2,148,,6811,15,,,2,98,,6813,15,,,2,100,,6799,15,,,2,100,,6798,15,,,2,98,,6804,15,,,2,100,,6802,15,,,2,100,,6803,15,,,2,102,,6800,15,,,2,100,,6801,15,,,2,100,,6805,15,,,2
2703,'SAM',703,,6828,15,,,2,100,,6825,15,,,2,56,,6830,15,,,2,144,,6832,15,,,2,55,,6824,15,,,2,144,,6815,15,,,2,56,,6826,15,,,2,145,,6829,15,,,2,107,,6827,15,,,2,95,,6831,15,,,2,100,,6833,15,,,2,100,,6818,15,,,2,100,,6821,15,,,2,98,,6817,15,,,2,100,,6819,15,,,2,99,,6816,15,,,2,103,,6822,15,,,2,100,,6820,15,,,2,100,,6823,15,,,2
2703,'SEM',821,,6834,15,,,2,81,,6837,15,,,2,98,,6854,15,,,2,100,,6853,15,,,2,58,,6839,15,,,2,94,,6846,15,,,2,100,,6842,15,,,2,101,,6836,15,,,2,80,,6838,15,,,2,81,,6841,15,,,2,15,,6844,15,,,2,29,,6847,15,,,2,70,,6835,15,,,2,24,,6840,15,,,2,104,,6849,15,,,2,90,,6852,15,,,2,108,,6845,15,,,2,100,,6843,15,,,2,99,,6848,15,,,2,101,,6850,15,,,2,95,,6851,15,,,2
3103,'DIM',639,,6925,17,,,1,99,,6924,17,,,1,99,,6929,17,,,1,99,,6932,17,,,1,99,,6933,17,,,1,101,,6930,17,,,1,100,,6926,17,,,1,102,,6928,17,,,1,101,,6916,17,,,1,96,,6927,17,,,1,101,,6931,17,,,1,101,,6920,17,,,1,98,,6918,17,,,1,100,,6919,17,,,1,102,,6917,17,,,1,100,,6923,17,,,1,100,,6922,17,,,1,100,,6921,17,,,1
3103,'SAM',639,,6946,17,,,1,100,,6949,17,,,1,98,,6947,17,,,1,98,,6950,17,,,1,98,,6952,17,,,1,101,,6934,17,,,1,102,,6944,17,,,1,101,,6948,17,,,1,100,,6945,17,,,1,102,,6951,17,,,1,97,,6937,17,,,1,101,,6938,17,,,1,99,,6941,17,,,1,99,,6935,17,,,1,100,,6942,17,,,1,102,,6943,17,,,1,102,,6936,17,,,1,97,,6940,17,,,1,98,,6939,17,,,1
3103,'SEM',634,,6975,17,,,1,101,,6954,17,,,1,101,,6972,17,,,1,99,,6974,17,,,1,100,,6973,17,,,1,100,,6953,17,,,1,100,,6971,17,,,1,100,,6956,17,,,1,100,,6957,17,,,1,98,,6961,17,,,1,23,,6963,17,,,1,75,,6958,17,,,1,20,,6955,17,,,1,81,,6968,17,,,1,69,,6970,17,,,1,30,,6964,17,,,1,73,,6960,17,,,1,36,,6966,17,,,1,102,,6959,17,,,1,99,,6962,17,,,1,102,,6967,17,,,1,97,,6965,17,,,1,110,,6969,17,,,1
3903,'DIM',835,,7275,14,,,1,100,,1387,24,,,1,16,,7266,24,,,1,74,,7269,24,,,1,28,,7274,24,,,1,72,,7263,24,,,1,31,,7273,24,,,1,71,,7262,24,,,1,29,,7255,24,,,1,75,,7265,24,,,1,25,,7264,24,,,1,68,,7268,24,,,1,27,,7271,24,,,1,77,,7270,24,,,1,30,,7258,24,,,1,69,,7267,24,,,1,30,,7272,24,,,1,66,,7260,24,,,1,10,,7253,24,,,1,24,,7259,24,,,1,65,,7252,24,,,1,99,,7257,24,,,1,100,,7261,24,,,1,98,,7254,24,,,1,104,,7256,24,,,1
3903,'SAM',835,,7299,14,,,1,100,,7291,24,,,1,16,,7295,24,,,1,74,,7292,24,,,1,30,,7288,24,,,1,70,,7294,24,,,1,31,,7296,24,,,1,68,,7287,24,,,1,32,,7286,24,,,1,74,,7289,24,,,1,27,,7276,24,,,1,71,,7277,24,,,1,25,,7293,24,,,1,75,,7280,24,,,1,30,,7297,24,,,1,69,,7281,24,,,1,30,,7283,24,,,1,66,,7290,24,,,1,11,,7284,24,,,1,23,,7298,24,,,1,65,,7282,24,,,1,101,,7285,24,,,1,98,,7278,24,,,1,98,,1409,24,,,1,104,,7279,24,,,1
3903,'SEM',731,,7304,24,,,1,102,,7310,24,,,1,101,,7309,24,,,1,70,,7305,24,,,1,28,,7324,24,,,1,70,,7303,24,,,1,30,,7327,24,,,1,71,,7325,24,,,1,30,,7326,24,,,1,70,,7302,24,,,1,31,,7308,24,,,1,73,,7300,24,,,1,32,,7306,24,,,1,16,,7313,24,,,1,68,,7314,24,,,1,14,,7315,24,,,1,65,,7320,24,,,1,16,,7301,24,,,1,26,,7307,24,,,1,69,,7322,24,,,1,33,,7312,24,,,1,74,,7311,24,,,1,38,,7319,24,,,1,99,,7321,24,,,1,144,,7317,24,,,1,99,,7316,24,,,1,59,,7318,24,,,1,78,,7323,24,,,1
4303,'DIM',638,,7892,15,,,1,101,,7893,15,,,1,100,,7894,15,,,1,100,,7885,15,,,1,106,,7886,15,,,1,103,,7895,15,,,1,99,,7898,15,,,1,102,,7896,15,,,1,97,,7899,15,,,1,100,,7897,15,,,1,102,,7880,15,,,1,105,,7884,15,,,1,93,,7891,15,,,1,100,,7888,15,,,1,100,,7882,15,,,1,99,,7881,15,,,1,100,,7883,15,,,1,94,,7887,15,,,1,99,,7890,15,,,1,100,,7889,15,,,1
4303,'SAM',638,,7906,15,,,1,101,,7907,15,,,1,100,,7911,15,,,1,105,,7914,15,,,1,103,,7917,15,,,1,101,,7915,15,,,1,100,,7900,15,,,1,104,,7916,15,,,1,97,,7913,15,,,1,97,,7912,15,,,1,101,,7919,15,,,1,100,,7918,15,,,1,103,,7901,15,,,1,96,,7903,15,,,1,100,,7902,15,,,1,99,,7909,15,,,1,100,,7905,15,,,1,94,,7904,15,,,1,99,,7910,15,,,1,100,,7908,15,,,1
4303,'SEM',640,,7925,15,,,1,101,,7939,15,,,1,82,,7923,15,,,1,102,,7930,15,,,1,30,,7922,15,,,1,70,,7920,15,,,1,30,,7947,15,,,1,70,,7934,15,,,1,30,,7924,15,,,1,70,,7945,15,,,1,30,,7946,15,,,1,70,,7928,15,,,1,30,,7931,15,,,1,71,,7927,15,,,1,30,,7921,15,,,1,70,,7932,15,,,1,25,,7926,15,,,1,70,,7937,15,,,1,25,,11283,15,,,1,70,,7936,15,,,1,30,,7929,15,,,1,70,,7935,15,,,1,99,,7944,15,,,1,100,,7940,15,,,1,104,,7942,15,,,1,99,,7938,15,,,1,108,,7943,15,,,1,110,,7941,15,,,1
7303,'DIM',654,,9874,15,,,1,99,,9869,15,,,1,99,,9871,15,,,1,99,,9868,15,,,1,101,,9870,15,,,1,99,,9872,15,,,1,102,,9861,15,,,1,99,,9867,15,,,1,100,,9873,15,,,1,100,,9875,15,,,1,101,,9859,15,,,1,100,,9860,15,,,1,97,,9857,15,,,1,102,,9862,15,,,1,100,,9865,15,,,1,100,,9858,15,,,1,100,,9863,15,,,1,101,,9866,15,,,1,106,,9864,15,,,1
7303,'SAM',558,,9890,15,,,1,96,,9877,15,,,1,99,,9894,15,,,1,99,,9892,15,,,1,99,,9879,15,,,1,101,,9891,15,,,1,100,,9895,15,,,1,100,,9893,15,,,1,101,,9876,15,,,1,100,,9896,15,,,1,100,,9897,15,,,1,100,,9882,15,,,1,100,,9878,15,,,1,98,,9884,15,,,1,101,,9883,15,,,1,100,,9880,15,,,1,100,,9881,15,,,1,100,,9885,15,,,1,102,,9886,15,,,1,105,,9888,15,,,1,142,,9887,15,,,1,58,,9889,15,,,1
7303,'SEM',547,,9942,15,,,1,65,,9939,15,,,1,37,,9940,15,,,1,8,,9908,15,,,1,77,,9904,15,,,1,23,,9911,15,,,1,81,,9913,15,,,1,14,,9921,15,,,1,69,,9903,15,,,1,30,,9901,15,,,1,70,,9943,15,,,1,30,,9915,15,,,1,70,,9909,15,,,1,30,,9941,15,,,1,69,,9910,15,,,1,30,,9918,15,,,1,70,,9944,15,,,1,30,,9902,15,,,1,70,,9919,15,,,1,27,,9899,15,,,1,72,,9912,15,,,1,30,,9945,15,,,1,60,,9898,15,,,1,17,,9926,15,,,1,18,,9914,15,,,1,13,,9900,15,,,1,54,,9905,15,,,1,14,,9907,15,,,1,14,,9906,15,,,1,14,,9929,15,,,1,53,,9916,15,,,1,17,,9922,15,,,1,14,,9917,15,,,1,19,,9928,15,,,1,74,,9932,15,,,1,26,,9920,15,,,1,73,,9923,15,,,1,28,,9935,15,,,1,71,,9925,15,,,1,30,,9927,15,,,1,67,,9924,15,,,1,33,,9931,15,,,1,70,,9936,15,,,1,30,,9938,15,,,1,75,,9930,15,,,1,70,,9933,15,,,1,27,,9934,15,,,1,122,,9937,15,,,1
7401,'DIM',724,,10038,15,,,2,98,,10039,15,,,2,100,,10045,15,,,2,99,,10043,15,,,2,101,,10040,15,,,2,100,,10041,15,,,2,102,,10042,15,,,2,100,,10046,15,,,2,100,,10044,15,,,2,99,,10047,15,,,2,100,,10031,15,,,2,98,,10035,15,,,2,100,,10037,15,,,2,101,,10036,15,,,2,101,,10034,15,,,2,99,,10032,15,,,2,100,,10033,15,,,2
7401,'SAM',725,,10058,15,,,2,99,,10056,15,,,2,100,,10061,15,,,2,99,,10064,15,,,2,100,,10059,15,,,2,100,,10062,15,,,2,99,,10057,15,,,2,102,,10063,15,,,2,100,,10060,15,,,2,101,,10050,15,,,2,98,,10048,15,,,2,100,,10054,15,,,2,100,,10055,15,,,2,101,,10053,15,,,2,101,,10049,15,,,2,97,,10051,15,,,2,100,,10052,15,,,2
7401,'SEM',626,,10082,15,,,2,96,,10083,15,,,2,100,,10069,15,,,2,105,,10071,15,,,2,97,,10068,15,,,2,100,,10081,15,,,2,101,,10084,15,,,2,100,,10067,15,,,2,100,,10065,15,,,2,100,,10072,15,,,2,91,,10066,15,,,2,102,,10075,15,,,2,28,,10070,15,,,2,80,,10079,15,,,2,98,,10073,15,,,2,100,,10077,15,,,2,100,,10076,15,,,2,97,,10074,15,,,2,103,,10078,15,,,2,98,,10080,15,,,2
