1704,'DIM',456,,6036,10,,,1,89,,6039,10,,,1,105,,6042,10,,,1,96,,6035,10,,,1,98,,6029,10,,,1,100,,6034,10,,,1,100,,6037,10,,,1,100,,6041,10,,,1,103,,6038,10,,,1,100,,6043,10,,,1,102,,6045,10,,,1,99,,6033,10,,,1,101,,6040,10,,,1,102,,6025,10,,,1,98,,6044,10,,,1,99,,6028,10,,,1,99,,6026,10,,,1,102,,6027,10,,,1,99,,6030,10,,,1,100,,6032,10,,,1,96,,6031,10,,,1
1704,'SAM',457,,6057,10,,,1,88,,6054,10,,,1,105,,6049,10,,,1,96,,6056,10,,,1,98,,6062,10,,,1,101,,6059,10,,,1,99,,6060,10,,,1,100,,6058,10,,,1,102,,6064,10,,,1,100,,6055,10,,,1,101,,6061,10,,,1,101,,6065,10,,,1,102,,6063,10,,,1,101,,6066,10,,,1,98,,6046,10,,,1,99,,6047,10,,,1,99,,6048,10,,,1,102,,6053,10,,,1,99,,6051,10,,,1,100,,6052,10,,,1,96,,6050,10,,,1
1704,'SEM',506,,6078,10,,,1,102,,6088,10,,,1,20,,6068,10,,,1,20,,6072,10,,,1,55,,6074,10,,,1,25,,6089,10,,,1,73,,6067,10,,,1,102,,6071,10,,,1,45,,6076,10,,,1,99,,6070,10,,,1,101,,6079,10,,,1,100,,6075,10,,,1,100,,6069,10,,,1,101,,6073,10,,,1,103,,6077,10,,,1,98,,6084,10,,,1,102,,6082,10,,,1,100,,6080,10,,,1,99,,6086,10,,,1,100,,6081,10,,,1,100,,6083,10,,,1,101,,6087,10,,,1,99,,6085,10,,,1
3104,'DIM',615,,1107,20,,,1,101,,6985,20,,,1,100,,6984,20,,,1,100,,6989,20,,,1,101,,6992,20,,,1,100,,6993,20,,,1,101,,6990,20,,,1,101,,6986,20,,,1,102,,6988,20,,,1,102,,6976,20,,,1,96,,6987,20,,,1,101,,6991,20,,,1,98,,6979,20,,,1,101,,6978,20,,,1,99,,6980,20,,,1,101,,6977,20,,,1,100,,6983,20,,,1,98,,6982,20,,,1,101,,6981,20,,,1
3104,'SAM',515,,7010,20,,,1,98,,7004,20,,,1,103,,7006,20,,,1,101,,7009,20,,,1,99,,7007,20,,,1,100,,7011,20,,,1,99,,7013,20,,,1,101,,6994,20,,,1,103,,7003,20,,,1,101,,7008,20,,,1,101,,7005,20,,,1,102,,7012,20,,,1,97,,6997,20,,,1,100,,6998,20,,,1,99,,7000,20,,,1,99,,6995,20,,,1,101,,7001,20,,,1,100,,7002,20,,,1,98,,6996,20,,,1,101,,6999,20,,,1
3104,'SEM',446,,7030,20,,,1,69,,1143,20,,,1,44,,7031,20,,,1,61,,7033,20,,,1,23,,7016,20,,,1,72,,7018,20,,,1,32,,7029,20,,,1,70,,7015,20,,,1,30,,7017,20,,,1,71,,7034,20,,,1,100,,7036,20,,,1,100,,7035,20,,,1,100,,7014,20,,,1,100,,7032,20,,,1,100,,7019,20,,,1,103,,7020,20,,,1,102,,7023,20,,,1,101,,7021,20,,,1,98,,7028,20,,,1,99,,7025,20,,,1,101,,7026,20,,,1,101,,7022,20,,,1,99,,7024,20,,,1,106,,7027,20,,,1
3904,'DIM',816,,1465,10,,,1,99,,7336,10,,,1,95,,7342,10,,,1,14,,7340,10,,,1,34,,7344,10,,,1,68,,7349,10,,,1,74,,7337,10,,,1,30,,7348,10,,,1,71,,7335,10,,,1,29,,7330,10,,,1,76,,7339,10,,,1,25,,7338,10,,,1,28,,7343,10,,,1,67,,7346,10,,,1,77,,7345,10,,,1,30,,7332,10,,,1,70,,7341,10,,,1,30,,7347,10,,,1,80,,7333,10,,,1,45,,7328,10,,,1,100,,7331,10,,,1,97,,7334,10,,,1,100,,7329,10,,,1
3904,'SAM',816,,7364,10,,,1,101,,7363,10,,,1,93,,7365,10,,,1,14,,7369,10,,,1,76,,7366,10,,,1,30,,7361,10,,,1,70,,7368,10,,,1,30,,7370,10,,,1,70,,7360,10,,,1,30,,7359,10,,,1,75,,7362,10,,,1,29,,7350,10,,,1,69,,7351,10,,,1,25,,7367,10,,,1,75,,7354,10,,,1,30,,7371,10,,,1,70,,7355,10,,,1,30,,7357,10,,,1,80,,7352,10,,,1,45,,7356,10,,,1,100,,7358,10,,,1,97,,7353,10,,,1,100,,1475,10,,,1
3904,'SEM',605,,7394,10,,,1,39,,7375,10,,,1,12,,7382,10,,,1,50,,7384,10,,,1,33,,7376,10,,,1,69,,7374,10,,,1,37,,11141,10,,,1,65,,7383,10,,,1,30,,7397,10,,,1,69,,7381,10,,,1,30,,7393,10,,,1,70,,7391,10,,,1,30,,7373,10,,,1,70,,7396,10,,,1,30,,7392,10,,,1,70,,7395,10,,,1,35,,11190,10,,,1,70,,7378,10,,,1,30,,7372,10,,,1,73,,7377,10,,,1,105,,7386,10,,,1,107,,7379,10,,,1,105,,7390,10,,,1,102,,7388,10,,,1,100,,7389,10,,,1,99,,7387,10,,,1
4504,'DIM',613,,2173,10,,,1,100,,8090,10,,,1,99,,2174,10,,,1,101,,8092,10,,,1,99,,8089,10,,,1,101,,8091,10,,,1,98,,8088,10,,,1,106,,8095,10,,,1,100,,8082,10,,,1,96,,8094,10,,,1,106,,8080,10,,,1,90,,8093,10,,,1,100,,8081,10,,,1,100,,8086,10,,,1,100,,8083,10,,,1,100,,8087,10,,,1,100,,8085,10,,,1,100,,8084,10,,,1
4504,'SAM',607,,8106,10,,,1,106,,8104,10,,,1,99,,8108,10,,,1,101,,8110,10,,,1,99,,8111,10,,,1,101,,8096,10,,,1,100,,8109,10,,,1,104,,8105,10,,,1,102,,8107,10,,,1,99,,8113,10,,,1,96,,8100,10,,,1,95,,8112,10,,,1,100,,8101,10,,,1,100,,8098,10,,,1,100,,8097,10,,,1,100,,8102,10,,,1,100,,8099,10,,,1,100,,8103,10,,,1
4504,'SEM',527,,8137,10,,,1,18,,8141,10,,,1,77,,8136,10,,,1,26,,8117,10,,,1,10,,8121,10,,,1,53,,8125,10,,,1,14,,8126,10,,,1,26,,8114,10,,,1,52,,8124,10,,,1,46,,8115,10,,,1,153,,8122,10,,,1,108,,8138,10,,,1,96,,11285,10,,,1,94,,8140,10,,,1,101,,8127,10,,,1,44,,8118,10,,,1,78,,8120,10,,,1,18,,8119,10,,,1,68,,11286,10,,,1,38,,8123,10,,,1,83,,8116,10,,,1,73,,8135,10,,,1,109,,8133,10,,,1,102,,8132,10,,,1,103,,8128,10,,,1,94,,8130,10,,,1,95,,8131,10,,,1,95,,8134,10,,,1
