4201,'DIM',523,,7552,29,,,2,102,,7578,29,,,2,30,,7581,29,,,2,70,,7584,29,,,2,28,,7553,29,,,2,73,,7589,29,,,2,30,,7586,29,,,2,70,,7593,29,,,2,33,,7585,29,,,2,61,,7580,29,,,2,20,,7577,29,,,2,61,,7590,29,,,2,20,,7596,29,,,2,23,,7579,29,,,2,58,,7594,29,,,2,22,,7550,29,,,2,20,,7598,29,,,2,58,,7582,29,,,2,22,,7583,29,,,2,19,,7587,29,,,2,61,,7555,29,,,2,20,,7591,29,,,2,15,,7556,29,,,2,64,,7592,29,,,2,21,,7597,29,,,2,19,,7559,29,,,2,61,,7588,29,,,2,17,,7562,29,,,2,22,,7563,29,,,2,61,,7565,29,,,2,15,,7566,29,,,2,18,,7569,29,,,2,12,,7570,29,,,2,54,,7595,29,,,2,16,,7551,29,,,2,33,,7574,29,,,2,70,,7557,29,,,2,29,,7560,29,,,2,69,,7554,29,,,2,29,,7567,29,,,2,72,,7571,29,,,2,28,,7558,29,,,2,70,,7561,29,,,2,32,,7564,29,,,2,70,,7568,29,,,2,34,,7575,29,,,2,68,,7572,29,,,2,34,,7573,29,,,2,75,,7576,29,,,2
4201,'SAM',520,,7639,29,,,2,105,,7625,29,,,2,34,,7609,29,,,2,72,,7640,29,,,2,24,,7629,29,,,2,70,,7631,29,,,2,32,,7635,29,,,2,69,,7626,29,,,2,33,,7642,29,,,2,61,,7624,29,,,2,20,,7647,29,,,2,19,,7633,29,,,2,61,,7617,29,,,2,24,,7643,29,,,2,56,,7627,29,,,2,22,,7648,29,,,2,22,,7628,29,,,2,56,,7630,29,,,2,24,,7619,29,,,2,20,,7634,29,,,2,59,,7645,29,,,2,23,,7632,29,,,2,13,,7636,29,,,2,63,,7602,29,,,2,21,,7644,29,,,2,20,,7641,29,,,2,62,,7610,29,,,2,18,,7637,29,,,2,21,,7612,29,,,2,62,,7638,29,,,2,14,,7646,29,,,2,15,,7615,29,,,2,16,,7616,29,,,2,52,,7599,29,,,2,16,,7600,29,,,2,30,,7603,29,,,2,68,,7605,29,,,2,34,,7607,29,,,2,69,,7608,29,,,2,29,,7601,29,,,2,71,,7604,29,,,2,24,,7606,29,,,2,74,,7611,29,,,2,31,,7613,29,,,2,73,,7614,29,,,2,78,,7621,29,,,2,23,,7623,29,,,2,35,,7618,29,,,2,71,,7620,29,,,2,72,,7622,29,,,2
4201,'SEM',626,,7711,15,,,2,13,,7654,29,,,2,11,,7717,15,,,2,51,,7662,29,,,2,8,,7701,29,,,2,6,,7671,29,,,2,11,,7718,15,,,2,8,,7705,29,,,2,14,,7707,29,,,2,57,,7710,29,,,2,15,,7651,29,,,2,17,,7659,29,,,2,64,,7655,29,,,2,16,,7664,29,,,2,29,,7699,29,,,2,9,,7706,29,,,2,65,,7697,29,,,2,16,,7652,29,,,2,23,,7702,29,,,2,61,,7703,29,,,2,14,,7698,29,,,2,66,,7704,29,,,2,20,,7700,29,,,2,20,,7708,29,,,2,60,,7653,29,,,2,15,,7670,29,,,2,20,,7668,29,,,2,15,,7650,29,,,2,56,,7661,29,,,2,15,,7672,29,,,2,16,,7669,29,,,2,16,,7667,29,,,2,54,,7657,29,,,2,15,,7666,29,,,2,2,,7676,29,,,2,7,,7709,29,,,2,8,,7679,29,,,2,8,,7683,29,,,2,8,,7686,29,,,2,48,,7689,29,,,2,6,,7658,29,,,2,9,,7712,15,,,2,5,,7649,29,,,2,7,,7713,15,,,2,8,,7663,29,,,2,10,,7681,29,,,2,8,,7656,29,,,2,51,,7692,29,,,2,10,,7660,29,,,2,10,,7665,29,,,2,10,,7685,29,,,2,9,,7673,29,,,2,10,,7682,29,,,2,51,,7687,29,,,2,8,,7677,29,,,2,13,,7680,29,,,2,15,,7691,29,,,2,15,,7684,29,,,2,70,,7696,29,,,2,31,,7694,29,,,2,70,,7674,29,,,2,30,,7675,29,,,2,80,,7678,29,,,2,69,,7688,29,,,2,33,,7714,15,,,2,70,,7690,29,,,2,30,,7715,15,,,2,72,,7693,29,,,2,30,,7716,15,,,2,90,,7695,29,,,2
4803,'DIM',704,,8297,9,,,1,103,,8293,9,,,1,102,,8298,9,,,1,100,,8296,9,,,1,99,,8299,9,,,1,102,,8302,9,,,1,96,,8294,9,,,1,104,,8300,9,,,1,100,,8295,9,,,1,99,,8301,9,,,1,102,,8290,9,,,1,100,,8303,9,,,1,100,,8287,9,,,1,100,,8285,9,,,1,99,,8291,9,,,1,100,,8286,9,,,1,100,,8289,9,,,1,30,,8288,9,,,1,161,,8292,9,,,1
4803,'SAM',606,,8320,9,,,1,99,,8316,9,,,1,102,,8304,9,,,1,102,,8317,9,,,1,100,,8322,9,,,1,100,,8321,9,,,1,95,,8323,9,,,1,106,,8318,9,,,1,100,,8319,9,,,1,100,,8315,9,,,1,99,,8305,9,,,1,102,,8308,9,,,1,100,,8306,9,,,1,100,,8313,9,,,1,100,,8311,9,,,1,99,,8307,9,,,1,100,,8309,9,,,1,100,,8310,9,,,1,30,,8312,9,,,1,161,,8314,9,,,1
4803,'SEM',532,,8326,9,,,1,68,,8340,9,,,1,20,,8344,9,,,1,38,,8350,9,,,1,73,,11289,9,,,1,70,,8330,9,,,1,21,,8329,9,,,1,33,,8339,9,,,1,75,,8353,9,,,1,105,,8348,9,,,1,100,,8349,9,,,1,100,,8352,9,,,1,93,,8351,9,,,1,80,,8334,9,,,1,30,,8328,9,,,1,75,,8325,9,,,1,31,,8332,9,,,1,65,,8335,9,,,1,29,,8331,9,,,1,72,,8324,9,,,1,29,,8333,9,,,1,71,,8336,9,,,1,49,,8342,9,,,1,145,,8341,9,,,1,100,,8338,9,,,1,99,,8337,9,,,1,100,,8346,9,,,1,54,,8343,9,,,1,91,,8345,9,,,1,79,,8347,9,,,1
5801,'DIM',525,,8918,9,,,2,100,,8910,9,,,2,90,,2987,9,,,2,101,,8908,9,,,2,100,,8909,9,,,2,99,,8914,9,,,2,100,,8911,9,,,2,101,,8907,9,,,2,100,,8912,9,,,2,100,,8916,9,,,2,98,,8913,9,,,2,109,,8917,9,,,2,94,,8901,9,,,2,102,,8915,9,,,2,97,,8906,9,,,2,100,,8903,9,,,2,100,,8905,9,,,2,100,,8902,9,,,2,99,,8900,9,,,2,109,,8904,9,,,2
5801,'SAM',530,,8935,9,,,2,95,,8931,9,,,2,93,,8933,9,,,2,98,,8936,9,,,2,100,,8921,9,,,2,99,,8923,9,,,2,103,,8934,9,,,2,98,,8926,9,,,2,105,,8932,9,,,2,94,,8919,9,,,2,111,,8920,9,,,2,99,,8938,9,,,2,100,,8937,9,,,2,88,,8928,9,,,2,107,,8925,9,,,2,96,,8922,9,,,2,100,,8924,9,,,2,100,,8929,9,,,2,99,,8930,9,,,2,109,,8927,9,,,2
5801,'SEM',512,,8943,9,,,2,28,,8965,9,,,2,82,,8963,9,,,2,78,,8939,9,,,2,52,,8940,9,,,2,84,,8949,9,,,2,100,,8948,9,,,2,100,,8962,9,,,2,100,,8944,9,,,2,100,,8964,9,,,2,100,,8946,9,,,2,80,,8945,9,,,2,87,,8966,9,,,2,31,,8952,9,,,2,71,,8950,9,,,2,20,,8947,9,,,2,19,,8942,9,,,2,60,,8953,9,,,2,20,,8957,9,,,2,15,,8941,9,,,2,65,,8960,9,,,2,19,,8954,9,,,2,30,,8951,9,,,2,100,,8959,9,,,2,100,,8955,9,,,2,102,,8958,9,,,2,145,,8956,9,,,2,59,,8961,9,,,2
7002,'DIM',659,,3827,9,,,1,141,,9785,9,,,1,100,,9786,9,,,1,100,,9783,9,,,1,27,,9781,9,,,1,73,,9772,9,,,1,32,,9793,9,,,1,69,,9782,9,,,1,27,,9778,9,,,1,73,,9780,9,,,1,30,,9789,9,,,1,70,,9787,9,,,1,30,,9788,9,,,1,70,,9776,9,,,1,31,,9784,9,,,1,24,,9790,9,,,1,78,,9773,9,,,1,74,,9792,9,,,1,34,,9771,9,,,1,74,,9791,9,,,1,95,,9794,9,,,1,95,,9774,9,,,1,95,,9770,9,,,1,100,,9777,9,,,1,99,,9775,9,,,1,103,,9779,9,,,1
7002,'SAM',659,,9814,9,,,1,97,,9812,9,,,1,99,,9817,9,,,1,99,,9816,9,,,1,75,,9810,9,,,1,71,,9813,9,,,1,32,,9809,9,,,1,69,,9802,9,,,1,32,,9815,9,,,1,67,,9807,9,,,1,35,,9820,9,,,1,66,,9798,9,,,1,36,,9808,9,,,1,69,,9819,9,,,1,23,,9811,9,,,1,72,,9822,9,,,1,29,,9821,9,,,1,72,,9818,9,,,1,42,,9797,9,,,1,72,,9804,9,,,1,95,,9806,9,,,1,90,,9805,9,,,1,58,,9799,9,,,1,141,,9800,9,,,1,100,,9801,9,,,1,101,,9803,9,,,1
7002,'SEM',532,,9844,9,,,1,97,,9829,9,,,1,25,,9850,9,,,1,71,,9856,9,,,1,33,,9828,9,,,1,72,,9830,9,,,1,71,,9854,9,,,1,30,,9853,9,,,1,70,,9826,9,,,1,30,,9843,9,,,1,70,,9851,9,,,1,30,,9825,9,,,1,70,,9852,9,,,1,31,,9845,9,,,1,70,,9855,9,,,1,40,,9827,9,,,1,60,,9824,9,,,1,27,,9832,9,,,1,71,,9836,9,,,1,30,,9831,9,,,1,71,,9838,9,,,1,31,,9833,9,,,1,69,,9834,9,,,1,33,,9837,9,,,1,75,,9835,9,,,1,31,,9841,9,,,1,81,,9842,9,,,1,87,,9848,9,,,1,100,,9839,9,,,1,104,,9840,9,,,1,105,,9846,9,,,1,102,,9849,9,,,1,104,,9847,9,,,1
