2401,'DIM',648,,6319,13,,,1,98,,444,13,,,1,105,,6318,13,,,1,101,,6315,13,,,1,101,,6321,13,,,1,70,,6317,13,,,1,30,,6324,13,,,1,70,,6323,13,,,1,26,,6326,13,,,1,77,,6327,13,,,1,24,,6320,13,,,1,76,,6306,13,,,1,24,,6328,13,,,1,72,,6322,13,,,1,32,,6307,13,,,1,72,,6325,13,,,1,74,,6310,13,,,1,24,,6329,13,,,1,30,,6308,13,,,1,100,,6311,13,,,1,100,,6312,13,,,1,100,,6309,13,,,1,97,,6316,13,,,1,99,,6313,13,,,1,95,,6314,13,,,1,99,,439,13,,,1
2401,'SAM',618,,6345,13,,,1,30,,6356,13,,,1,98,,6346,13,,,1,106,,6341,13,,,1,100,,6354,13,,,1,100,,6347,13,,,1,70,,6355,13,,,1,30,,6350,13,,,1,71,,6332,13,,,1,30,,6342,13,,,1,73,,6344,13,,,1,32,,6330,13,,,1,67,,6343,13,,,1,75,,6348,13,,,1,31,,6352,13,,,1,23,,6349,13,,,1,70,,6351,13,,,1,31,,6353,13,,,1,69,,6335,13,,,1,76,,6333,13,,,1,54,,6336,13,,,1,100,,6334,13,,,1,100,,6339,13,,,1,97,,6331,13,,,1,99,,6337,13,,,1,95,,6338,13,,,1,101,,6340,13,,,1
2401,'SEM',458,,6362,13,,,1,75,,6386,13,,,1,80,,6370,13,,,1,20,,6358,13,,,1,12,,6361,13,,,1,12,,6379,13,,,1,49,,6368,13,,,1,13,,6391,13,,,1,12,,6388,13,,,1,12,,6392,13,,,1,13,,6360,13,,,1,67,,6369,13,,,1,27,,6364,13,,,1,71,,6365,13,,,1,29,,6383,13,,,1,70,,6371,13,,,1,30,,6366,13,,,1,70,,6389,13,,,1,30,,6394,13,,,1,70,,6357,13,,,1,30,,6387,13,,,1,70,,6390,13,,,1,30,,6363,13,,,1,70,,6393,13,,,1,30,,6367,13,,,1,82,,6359,13,,,1,26,,6372,13,,,1,65,,6375,13,,,1,30,,6373,13,,,1,70,,6374,13,,,1,30,,6378,13,,,1,71,,6382,13,,,1,100,,6385,13,,,1,90,,6381,13,,,1,100,,6377,13,,,1,100,,6376,13,,,1,99,,6380,13,,,1,100,,6384,13,,,1
6601,'DIM',551,,9585,21,,,1,100,,9584,21,,,1,101,,9590,21,,,1,100,,9586,21,,,1,70,,9588,21,,,1,32,,9587,21,,,1,70,,3640,21,,,1,35,,9593,21,,,1,70,,9591,21,,,1,30,,9577,21,,,1,141,,9592,21,,,1,100,,9583,21,,,1,100,,9589,21,,,1,100,,9575,21,,,1,101,,9578,21,,,1,100,,9576,21,,,1,100,,9580,21,,,1,57,,9582,21,,,1,100,,9581,21,,,1,100,,9579,21,,,1
6601,'SAM',551,,9602,21,,,1,100,,9605,21,,,1,101,,9599,21,,,1,97,,9601,21,,,1,73,,9603,21,,,1,32,,9604,21,,,1,70,,9609,21,,,1,35,,9613,21,,,1,70,,9610,21,,,1,30,,9608,21,,,1,141,,9611,21,,,1,100,,9594,21,,,1,100,,9607,21,,,1,100,,9606,21,,,1,101,,9612,21,,,1,100,,9596,21,,,1,100,,9597,21,,,1,57,,9600,21,,,1,100,,9598,21,,,1,100,,9595,21,,,1
6601,'SEM',632,,9630,21,,,1,104,,9622,21,,,1,91,,9617,21,,,1,106,,9621,21,,,1,105,,9624,21,,,1,100,,9623,21,,,1,106,,9616,21,,,1,100,,9619,21,,,1,100,,9615,21,,,1,75,,9614,21,,,1,90,,9618,21,,,1,95,,9627,21,,,1,104,,9620,21,,,1,97,,9626,21,,,1,98,,9628,21,,,1,100,,9629,21,,,1,97,,9625,21,,,1
14401,'DIM',607,,10349,23,,,2,34,,10350,23,,,2,97,,10355,23,,,2,82,,10351,23,,,2,97,,10354,23,,,2,37,,10358,23,,,2,67,,10352,23,,,2,32,,10363,23,,,2,79,,10361,23,,,2,68,,10353,23,,,2,33,,10364,23,,,2,79,,10362,23,,,2,28,,10356,23,,,2,73,,10357,23,,,2,39,,10359,23,,,2,68,,10340,23,,,2,35,,10339,23,,,2,79,,10360,23,,,2,68,,10341,23,,,2,34,,10345,23,,,2,106,,10342,23,,,2,77,,10346,23,,,2,97,,10347,23,,,2,100,,10343,23,,,2,98,,10348,23,,,2,100,,10344,23,,,2
14401,'SAM',607,,10376,23,,,2,34,,10382,23,,,2,97,,10377,23,,,2,82,,10383,23,,,2,97,,10378,23,,,2,31,,10387,23,,,2,73,,10390,23,,,2,32,,10391,23,,,2,79,,10388,23,,,2,68,,10379,23,,,2,33,,10384,23,,,2,79,,10389,23,,,2,28,,10380,23,,,2,73,,10385,23,,,2,38,,10386,23,,,2,69,,10381,23,,,2,35,,10368,23,,,2,77,,10369,23,,,2,70,,10392,23,,,2,34,,10372,23,,,2,106,,10365,23,,,2,77,,10373,23,,,2,97,,10366,23,,,2,100,,10370,23,,,2,98,,10367,23,,,2,100,,10371,23,,,2,100,,10375,23,,,2,101,,10374,23,,,2
14401,'SEM',541,,10423,23,,,2,77,,10425,23,,,2,15,,10427,23,,,2,18,,10399,23,,,2,4,,10400,23,,,2,50,,10403,23,,,2,7,,10405,23,,,2,6,,10398,23,,,2,13,,10422,23,,,2,15,,10410,23,,,2,58,,10406,23,,,2,14,,10407,23,,,2,15,,10428,23,,,2,20,,10411,23,,,2,70,,10418,23,,,2,15,,10424,23,,,2,69,,10408,23,,,2,29,,10395,23,,,2,70,,10404,23,,,2,36,,10409,23,,,2,67,,10394,23,,,2,30,,10396,23,,,2,76,,10393,23,,,2,29,,10402,23,,,2,72,,10412,23,,,2,39,,10426,23,,,2,70,,10401,23,,,2,100,,10397,23,,,2,86,,10419,23,,,2,102,,10415,23,,,2,99,,10421,23,,,2,93,,10413,23,,,2,100,,10414,23,,,2,95,,10417,23,,,2,108,,11195,23,,,2,101,,10420,23,,,2
24401,'SEM',626,,10868,23,,,2,15,,10867,23,,,2
