1704,'DIM',506,,6036,33,,,1,50,,6039,33,,,1,146,,6042,33,,,1,56,,6035,33,,,1,100,,6029,33,,,1,142,,6034,33,,,1,100,,6037,33,,,1,100,,6041,33,,,1,103,,6038,33,,,1,100,,6043,33,,,1,102,,6045,33,,,1,99,,6033,33,,,1,101,,6040,33,,,1,99,,6025,33,,,1,98,,6044,33,,,1,99,,6028,33,,,1,99,,6026,33,,,1,100,,6027,33,,,1,59,,6030,33,,,1,99,,6032,33,,,1,96,,6031,33,,,1
1704,'SAM',507,,6057,33,,,1,49,,6054,33,,,1,146,,6049,33,,,1,56,,6056,33,,,1,100,,6062,33,,,1,143,,6059,33,,,1,99,,6060,33,,,1,100,,6058,33,,,1,102,,6064,33,,,1,100,,6055,33,,,1,101,,6061,33,,,1,101,,6065,33,,,1,102,,6063,33,,,1,98,,6066,33,,,1,98,,6046,33,,,1,99,,6047,33,,,1,99,,6048,33,,,1,100,,6053,33,,,1,59,,6051,33,,,1,99,,6052,33,,,1,96,,6050,33,,,1
1704,'SEM',518,,6078,33,,,1,103,,6088,33,,,1,20,,6068,33,,,1,61,,6072,33,,,1,16,,6074,33,,,1,25,,6089,33,,,1,74,,6067,33,,,1,102,,6071,33,,,1,84,,6076,33,,,1,99,,6070,33,,,1,101,,6079,33,,,1,100,,6075,33,,,1,100,,6069,33,,,1,102,,6073,33,,,1,103,,6077,33,,,1,98,,6084,33,,,1,101,,6082,33,,,1,98,,6080,33,,,1,98,,6086,33,,,1,100,,6081,33,,,1,99,,6083,33,,,1,100,,6087,33,,,1,99,,6085,33,,,1
2704,'DIM',752,,6871,38,,,2,101,,6872,38,,,2,100,,6874,38,,,2,99,,6869,38,,,2,95,,6870,38,,,2,105,,6873,38,,,2,102,,6868,38,,,2,100,,6867,38,,,2,95,,6861,38,,,2,101,,6862,38,,,2,105,,6866,38,,,2,99,,6860,38,,,2,100,,6859,38,,,2,98,,6865,38,,,2,100,,6863,38,,,2,100,,6864,38,,,2
2704,'SAM',652,,6890,38,,,2,100,,6887,38,,,2,100,,6885,38,,,2,96,,6889,38,,,2,104,,6891,38,,,2,95,,6884,38,,,2,105,,6875,38,,,2,96,,6886,38,,,2,106,,6888,38,,,2,146,,6880,38,,,2,55,,6882,38,,,2,100,,6883,38,,,2,99,,6878,38,,,2,100,,6881,38,,,2,98,,6877,38,,,2,100,,6879,38,,,2,99,,6876,38,,,2
2704,'SEM',616,,6911,38,,,2,28,,6895,38,,,2,73,,6893,38,,,2,24,,6898,38,,,2,64,,6913,38,,,2,30,,6910,38,,,2,79,,6892,38,,,2,40,,6897,38,,,2,96,,6914,38,,,2,150,,6912,38,,,2,55,,6894,38,,,2,90,,6915,38,,,2,101,,6901,38,,,2,104,,6896,38,,,2,79,,6900,38,,,2,80,,6899,38,,,2,16,,6908,38,,,2,28,,6904,38,,,2,73,,6906,38,,,2,74,,6905,38,,,2,100,,6903,38,,,2,45,,6909,38,,,2,100,,6902,38,,,2,100,,6907,38,,,2
3104,'DIM',626,,1107,43,,,1,102,,6985,43,,,1,100,,6984,43,,,1,102,,6989,43,,,1,102,,6992,43,,,1,100,,6993,43,,,1,101,,6990,43,,,1,101,,6986,43,,,1,102,,6988,43,,,1,102,,6976,43,,,1,96,,6987,43,,,1,101,,6991,43,,,1,97,,6979,43,,,1,100,,6978,43,,,1,99,,6980,43,,,1,100,,6977,43,,,1,99,,6983,43,,,1,98,,6982,43,,,1,101,,6981,43,,,1
3104,'SAM',525,,7010,43,,,1,99,,7004,43,,,1,104,,7006,43,,,1,101,,7009,43,,,1,101,,7007,43,,,1,101,,7011,43,,,1,99,,7013,43,,,1,101,,6994,43,,,1,103,,7003,43,,,1,101,,7008,43,,,1,101,,7005,43,,,1,102,,7012,43,,,1,97,,6997,43,,,1,99,,6998,43,,,1,98,,7000,43,,,1,99,,6995,43,,,1,100,,7001,43,,,1,99,,7002,43,,,1,98,,6996,43,,,1,101,,6999,43,,,1
3104,'SEM',456,,7030,43,,,1,70,,1143,43,,,1,85,,7031,43,,,1,22,,7033,43,,,1,23,,7016,43,,,1,74,,7018,43,,,1,72,,7029,43,,,1,30,,7015,43,,,1,70,,7017,43,,,1,31,,7034,43,,,1,100,,7036,43,,,1,100,,7035,43,,,1,100,,7014,43,,,1,100,,7032,43,,,1,100,,7019,43,,,1,104,,7020,43,,,1,102,,7023,43,,,1,101,,7021,43,,,1,97,,7028,43,,,1,97,,7025,43,,,1,101,,7026,43,,,1,100,,7022,43,,,1,99,,7024,43,,,1,105,,7027,43,,,1
3904,'DIM',836,,1465,43,,,1,99,,7336,43,,,1,95,,7342,43,,,1,14,,7340,43,,,1,74,,7344,43,,,1,28,,7349,43,,,1,74,,7337,43,,,1,30,,7348,43,,,1,71,,7335,43,,,1,29,,7330,43,,,1,76,,7339,43,,,1,25,,7338,43,,,1,68,,7343,43,,,1,27,,7346,43,,,1,77,,7345,43,,,1,30,,7332,43,,,1,70,,7341,43,,,1,30,,7347,43,,,1,79,,7333,43,,,1,85,,7328,43,,,1,100,,7331,43,,,1,97,,7334,43,,,1,99,,7329,43,,,1
3904,'SAM',836,,7364,43,,,1,101,,7363,43,,,1,93,,7365,43,,,1,14,,7369,43,,,1,76,,7366,43,,,1,30,,7361,43,,,1,70,,7368,43,,,1,30,,7370,43,,,1,70,,7360,43,,,1,30,,7359,43,,,1,75,,7362,43,,,1,29,,7350,43,,,1,69,,7351,43,,,1,25,,7367,43,,,1,75,,7354,43,,,1,30,,7371,43,,,1,70,,7355,43,,,1,30,,7357,43,,,1,79,,7352,43,,,1,85,,7356,43,,,1,100,,7358,43,,,1,97,,7353,43,,,1,99,,1475,43,,,1
3904,'SEM',625,,7394,43,,,1,80,,7375,43,,,1,12,,7382,43,,,1,10,,7384,43,,,1,74,,7376,43,,,1,28,,7374,43,,,1,77,,11141,43,,,1,25,,7383,43,,,1,70,,7397,43,,,1,29,,7381,43,,,1,70,,7393,43,,,1,30,,7391,43,,,1,70,,7373,43,,,1,30,,7396,43,,,1,70,,7392,43,,,1,30,,7395,43,,,1,75,,11190,43,,,1,30,,7378,43,,,1,70,,7372,43,,,1,33,,7377,43,,,1,106,,7386,43,,,1,107,,7379,43,,,1,103,,7390,43,,,1,100,,7388,43,,,1,99,,7389,43,,,1,99,,7387,43,,,1
7304,'DIM',541,,4008,61,,,1,70,,3997,61,,,1,101,,9957,61,,,1,101,,9963,61,,,1,101,,9958,61,,,1,102,,9960,61,,,1,101,,9956,61,,,1,100,,9959,61,,,1,101,,9961,61,,,1,101,,9950,61,,,1,101,,9955,61,,,1,101,,9962,61,,,1,100,,9964,61,,,1,98,,9948,61,,,1,98,,9949,61,,,1,99,,9946,61,,,1,100,,9951,61,,,1,99,,9953,61,,,1,98,,9947,61,,,1,101,,9952,61,,,1,99,,9954,61,,,1
7304,'SAM',541,,9987,61,,,1,70,,9975,61,,,1,103,,9979,61,,,1,99,,9967,61,,,1,101,,9983,61,,,1,102,,9981,61,,,1,102,,9968,61,,,1,101,,9980,61,,,1,99,,9984,61,,,1,101,,9982,61,,,1,101,,9965,61,,,1,102,,9985,61,,,1,99,,9986,61,,,1,98,,9971,61,,,1,98,,9966,61,,,1,99,,9973,61,,,1,100,,9972,61,,,1,99,,9969,61,,,1,98,,9970,61,,,1,101,,9974,61,,,1,99,,9976,61,,,1,100,,9978,61,,,1,99,,9977,61,,,1
7304,'SEM',504,,10017,61,,,1,44,,10015,61,,,1,81,,10026,61,,,1,18,,10028,61,,,1,65,,10027,61,,,1,12,,9994,61,,,1,12,,10023,61,,,1,13,,10000,61,,,1,61,,10003,61,,,1,16,,10024,61,,,1,15,,9995,61,,,1,66,,9992,61,,,1,30,,9998,61,,,1,82,,10007,61,,,1,29,,9993,61,,,1,70,,9990,61,,,1,30,,10029,61,,,1,70,,10002,61,,,1,35,,9996,61,,,1,66,,10025,61,,,1,30,,9997,61,,,1,70,,10004,61,,,1,30,,10030,61,,,1,72,,9991,61,,,1,82,,10005,61,,,1,13,,9989,61,,,1,19,,9988,61,,,1,75,,9999,61,,,1,15,,10012,61,,,1,25,,10011,61,,,1,73,,10001,61,,,1,34,,10018,61,,,1,63,,10016,61,,,1,32,,10008,61,,,1,66,,10014,61,,,1,31,,10020,61,,,1,71,,10006,61,,,1,28,,10009,61,,,1,70,,10021,61,,,1,29,,10010,61,,,1,70,,10013,61,,,1,100,,10019,61,,,1,94,,10022,61,,,1
7402,'DIM',641,,10092,74,,,2,102,,10096,74,,,2,101,,10095,74,,,2,101,,10097,74,,,2,102,,10099,74,,,2,101,,10088,74,,,2,99,,10093,74,,,2,101,,10094,74,,,2,102,,10098,74,,,2,99,,10100,74,,,2,99,,10101,74,,,2,101,,10085,74,,,2,98,,10087,74,,,2,99,,10089,74,,,2,99,,10091,74,,,2,100,,10090,74,,,2,99,,10086,74,,,2
7402,'SAM',641,,10112,74,,,2,102,,10115,74,,,2,99,,10103,74,,,2,101,,10117,74,,,2,104,,10116,74,,,2,101,,10111,74,,,2,98,,10114,74,,,2,101,,10113,74,,,2,103,,10102,74,,,2,99,,10118,74,,,2,100,,10105,74,,,2,98,,10106,74,,,2,98,,10107,74,,,2,101,,10110,74,,,2,98,,10104,74,,,2,100,,10108,74,,,2,99,,10109,74,,,2
7402,'SEM',603,,10136,74,,,2,48,,10137,74,,,2,56,,10122,74,,,2,47,,10126,74,,,2,96,,10121,74,,,2,98,,10124,74,,,2,98,,10133,74,,,2,100,,10125,74,,,2,100,,10134,74,,,2,100,,10119,74,,,2,100,,10123,74,,,2,105,,10120,74,,,2,100,,10128,74,,,2,101,,10132,74,,,2,96,,10127,74,,,2,98,,10131,74,,,2,99,,10135,74,,,2,100,,10130,74,,,2,100,,10129,74,,,2
