6303,'DIM',812,,9273,65,,,1,101,,9267,65,,,1,103,,9269,65,,,1,95,,9268,65,,,1,106,,9274,65,,,1,95,,9270,65,,,1,103,,9272,65,,,1,103,,9271,65,,,1,99,,9275,65,,,1,102,,9258,65,,,1,105,,9276,65,,,1,92,,9259,65,,,1,97,,9260,65,,,1,100,,9263,65,,,1,100,,9261,65,,,1,100,,9264,65,,,1,98,,9262,65,,,1,100,,9265,65,,,1,98,,9266,65,,,1
6303,'SAM',711,,9289,65,,,1,101,,9283,65,,,1,101,,9292,65,,,1,103,,9291,65,,,1,103,,9293,65,,,1,98,,9295,65,,,1,96,,9290,65,,,1,104,,9296,65,,,1,105,,9279,65,,,1,96,,9294,65,,,1,101,,9277,65,,,1,100,,9280,65,,,1,103,,9278,65,,,1,91,,9281,65,,,1,100,,9284,65,,,1,100,,9282,65,,,1,100,,9285,65,,,1,98,,9286,65,,,1,100,,9288,65,,,1,98,,9287,65,,,1
6303,'SEM',535,,9333,29,,,1,99,,9323,65,,,1,20,,9330,65,,,1,59,,9328,65,,,1,40,,9329,65,,,1,56,,9297,65,,,1,27,,9308,65,,,1,23,,9310,65,,,1,75,,9312,65,,,1,73,,9299,65,,,1,24,,9298,65,,,1,70,,9331,65,,,1,30,,9303,65,,,1,71,,9304,65,,,1,31,,9309,65,,,1,70,,9332,65,,,1,30,,9300,65,,,1,71,,9301,65,,,1,30,,9302,65,,,1,72,,9305,65,,,1,36,,9306,65,,,1,62,,9314,65,,,1,35,,9311,65,,,1,16,,9318,65,,,1,69,,9321,65,,,1,30,,9307,65,,,1,62,,9313,65,,,1,25,,9317,65,,,1,88,,9320,65,,,1,81,,9322,65,,,1,95,,9315,65,,,1,98,,9316,65,,,1,44,,9319,65,,,1,104,,9324,65,,,1,98,,9326,65,,,1,104,,9325,65,,,1,91,,9327,65,,,1
6503,'DIM',742,,9418,59,,,2,101,,9421,59,,,2,101,,9422,59,,,2,96,,9417,59,,,2,104,,9423,59,,,2,103,,9405,59,,,2,101,,9420,59,,,2,94,,9406,59,,,2,107,,9419,59,,,2,98,,9407,59,,,2,102,,9413,59,,,2,102,,9411,59,,,2,95,,9408,59,,,2,100,,9410,59,,,2,99,,9409,59,,,2,99,,9412,59,,,2,98,,9414,59,,,2,99,,9415,59,,,2,99,,9416,59,,,2
6503,'SAM',742,,9435,59,,,2,101,,9436,59,,,2,101,,9441,59,,,2,97,,9439,59,,,2,104,,9443,59,,,2,102,,9438,59,,,2,101,,9437,59,,,2,100,,9424,59,,,2,101,,9442,59,,,2,102,,9440,59,,,2,95,,9444,59,,,2,101,,9430,59,,,2,100,,9426,59,,,2,99,,9433,59,,,2,99,,9425,59,,,2,99,,9427,59,,,2,98,,9432,59,,,2,99,,9428,59,,,2,99,,9429,59,,,2,84,,9431,59,,,2,80,,9434,59,,,2
6503,'SEM',534,,9490,47,,,2,97,,9475,59,,,2,25,,9482,59,,,2,72,,9489,59,,,2,22,,9446,59,,,2,62,,9449,59,,,2,41,,9481,59,,,2,69,,9453,59,,,2,31,,9486,59,,,2,69,,9450,59,,,2,30,,9485,59,,,2,66,,9484,59,,,2,30,,9468,59,,,2,71,,9483,59,,,2,31,,9445,59,,,2,70,,9487,59,,,2,30,,9454,59,,,2,71,,9455,59,,,2,30,,9457,59,,,2,72,,9463,59,,,2,28,,9464,59,,,2,55,,9466,59,,,2,16,,9448,59,,,2,16,,9474,59,,,2,12,,9461,59,,,2,50,,9488,59,,,2,13,,9451,59,,,2,10,,9456,59,,,2,10,,9452,59,,,2,15,,9447,59,,,2,54,,9467,59,,,2,15,,9470,59,,,2,15,,9480,59,,,2,16,,9479,59,,,2,53,,9459,59,,,2,14,,9465,59,,,2,20,,9472,59,,,2,14,,9469,59,,,2,70,,9458,59,,,2,30,,9460,59,,,2,70,,9462,59,,,2,30,,9478,59,,,2,63,,9473,59,,,2,105,,9471,59,,,2,100,,9477,59,,,2,99,,9476,59,,,2
7304,'DIM',527,,4008,32,,,1,30,,3997,32,,,1,100,,9957,32,,,1,100,,9963,32,,,1,99,,9958,32,,,1,100,,9960,32,,,1,101,,9956,32,,,1,100,,9959,32,,,1,101,,9961,32,,,1,101,,9950,32,,,1,141,,9955,32,,,1,102,,9962,32,,,1,100,,9964,32,,,1,99,,9948,32,,,1,58,,9949,32,,,1,141,,9946,32,,,1,100,,9951,32,,,1,59,,9953,32,,,1,100,,9947,32,,,1,141,,9952,32,,,1,100,,9954,32,,,1
7304,'SAM',527,,9987,32,,,1,30,,9975,32,,,1,102,,9979,32,,,1,98,,9967,32,,,1,99,,9983,32,,,1,100,,9981,32,,,1,102,,9968,32,,,1,101,,9980,32,,,1,99,,9984,32,,,1,101,,9982,32,,,1,141,,9965,32,,,1,103,,9985,32,,,1,99,,9986,32,,,1,99,,9971,32,,,1,58,,9966,32,,,1,141,,9973,32,,,1,100,,9972,32,,,1,59,,9969,32,,,1,100,,9970,32,,,1,141,,9974,32,,,1,100,,9976,32,,,1,100,,9978,32,,,1,59,,9977,32,,,1
7304,'SEM',448,,10017,32,,,1,84,,10015,32,,,1,80,,10026,32,,,1,17,,10028,32,,,1,23,,10027,32,,,1,52,,9994,32,,,1,12,,10023,32,,,1,13,,10000,32,,,1,21,,10003,32,,,1,56,,10024,32,,,1,15,,9995,32,,,1,26,,9992,32,,,1,70,,9998,32,,,1,42,,10007,32,,,1,69,,9993,32,,,1,30,,9990,32,,,1,70,,10029,32,,,1,30,,10002,32,,,1,75,,9996,32,,,1,26,,10025,32,,,1,70,,9997,32,,,1,30,,10004,32,,,1,70,,10030,32,,,1,71,,9991,32,,,1,40,,10005,32,,,1,13,,9989,32,,,1,58,,9988,32,,,1,33,,9999,32,,,1,58,,10012,32,,,1,26,,10011,32,,,1,75,,10001,32,,,1,36,,10018,32,,,1,63,,10016,32,,,1,33,,10008,32,,,1,66,,10014,32,,,1,31,,10020,32,,,1,71,,10006,32,,,1,29,,10009,32,,,1,70,,10021,32,,,1,30,,10010,32,,,1,70,,10013,32,,,1,100,,10019,32,,,1,54,,10022,32,,,1
15103,'DIM',659,,10539,46,,,2,54,,10541,46,,,2,23,,10537,46,,,2,20,,10522,46,,,2,60,,10543,46,,,2,33,,10545,46,,,2,65,,10540,46,,,2,34,,10538,46,,,2,71,,10533,46,,,2,81,,10546,46,,,2,27,,10552,46,,,2,75,,10544,46,,,2,34,,10534,46,,,2,78,,10547,46,,,2,29,,10542,46,,,2,77,,10550,46,,,2,35,,10553,46,,,2,77,,10548,46,,,2,69,,10554,46,,,2,39,,10551,46,,,2,73,,10523,46,,,2,37,,10549,46,,,2,68,,10555,46,,,2,35,,10520,46,,,2,72,,10525,46,,,2,34,,10530,46,,,2,67,,10532,46,,,2,29,,10521,46,,,2,71,,10524,46,,,2,32,,10531,46,,,2,69,,10526,46,,,2,30,,10535,46,,,2,72,,10528,46,,,2,91,,10527,46,,,2,97,,10529,46,,,2,34,,10536,46,,,2
15103,'SAM',659,,10579,46,,,2,51,,10581,46,,,2,26,,10575,46,,,2,20,,10577,46,,,2,60,,10580,46,,,2,33,,10584,46,,,2,64,,10582,46,,,2,35,,10576,46,,,2,71,,10578,46,,,2,81,,10585,46,,,2,21,,10591,46,,,2,81,,10573,46,,,2,34,,10587,46,,,2,78,,10586,46,,,2,29,,10592,46,,,2,79,,10574,46,,,2,32,,10588,46,,,2,78,,10589,46,,,2,69,,10583,46,,,2,39,,10557,46,,,2,72,,10556,46,,,2,38,,10590,46,,,2,68,,10559,46,,,2,35,,10558,46,,,2,72,,10566,46,,,2,34,,10564,46,,,2,67,,10568,46,,,2,32,,10571,46,,,2,68,,10567,46,,,2,32,,10565,46,,,2,69,,10560,46,,,2,30,,10572,46,,,2,72,,10562,46,,,2,94,,10561,46,,,2,94,,10563,46,,,2,34,,10570,46,,,2,93,,10569,46,,,2
15103,'SEM',628,,10643,46,,,2,20,,10593,46,,,2,61,,11146,46,,,2,10,,10638,46,,,2,15,,10646,46,,,2,68,,10647,46,,,2,20,,10598,46,,,2,14,,10597,46,,,2,66,,10639,46,,,2,24,,10611,46,,,2,20,,10607,46,,,2,58,,10651,46,,,2,18,,10594,46,,,2,21,,10601,46,,,2,69,,10609,46,,,2,21,,10612,46,,,2,19,,10606,46,,,2,59,,10640,46,,,2,18,,10633,46,,,2,22,,10644,46,,,2,71,,10642,46,,,2,20,,10645,46,,,2,59,,10648,46,,,2,20,,11162,46,,,2,24,,10596,46,,,2,62,,10603,46,,,2,19,,10599,46,,,2,23,,10650,46,,,2,60,,10652,46,,,2,18,,10616,46,,,2,8,,10621,46,,,2,10,,10595,46,,,2,7,,10605,46,,,2,53,,10604,46,,,2,8,,10602,46,,,2,4,,10619,46,,,2,14,,10610,46,,,2,6,,10613,46,,,2,6,,10627,46,,,2,12,,10600,46,,,2,53,,10625,46,,,2,11,,10608,46,,,2,13,,10614,46,,,2,17,,10617,46,,,2,59,,10637,46,,,2,29,,10622,46,,,2,69,,10624,46,,,2,29,,10615,46,,,2,24,,10632,46,,,2,75,,10631,46,,,2,70,,10636,46,,,2,33,,10618,46,,,2,69,,10620,46,,,2,25,,10623,46,,,2,73,,10626,46,,,2,28,,10628,46,,,2,76,,10630,46,,,2,36,,10629,46,,,2,80,,10635,46,,,2,25,,10634,46,,,2
