4202,'DIM',503,,7724,58,,,2,39,,7761,58,,,2,67,,7734,58,,,2,30,,7721,58,,,2,70,,7745,58,,,2,29,,7743,58,,,2,70,,7748,58,,,2,30,,7751,58,,,2,70,,7722,58,,,2,33,,7756,58,,,2,71,,7753,58,,,2,30,,7759,58,,,2,15,,7746,58,,,2,58,,7752,58,,,2,22,,7747,58,,,2,20,,7742,58,,,2,61,,1847,58,,,2,21,,7762,58,,,2,62,,7744,58,,,2,18,,7760,58,,,2,23,,7719,58,,,2,60,,7764,58,,,2,18,,7749,58,,,2,22,,7750,58,,,2,59,,7754,58,,,2,21,,7725,58,,,2,20,,7757,58,,,2,17,,7726,58,,,2,64,,7758,58,,,2,20,,7763,58,,,2,59,,7729,58,,,2,25,,7755,58,,,2,75,,7732,58,,,2,36,,7735,58,,,2,70,,7738,58,,,2,30,,7720,58,,,2,72,,7740,58,,,2,30,,7727,58,,,2,70,,7730,58,,,2,28,,7723,58,,,2,68,,7736,58,,,2,31,,7739,58,,,2,68,,7728,58,,,2,30,,7731,58,,,2,69,,7733,58,,,2,29,,7737,58,,,2,79,,7741,58,,,2
4202,'SAM',503,,7767,58,,,2,40,,7765,58,,,2,66,,7781,58,,,2,23,,7803,58,,,2,83,,7794,58,,,2,25,,7788,58,,,2,72,,7776,58,,,2,32,,7804,58,,,2,66,,7792,58,,,2,30,,7795,58,,,2,74,,7799,58,,,2,28,,7789,58,,,2,14,,7811,58,,,2,61,,7806,58,,,2,20,,7787,58,,,2,20,,7810,58,,,2,59,,7797,58,,,2,21,,7783,58,,,2,64,,7807,58,,,2,16,,7790,58,,,2,23,,7812,58,,,2,62,,7791,58,,,2,16,,7793,58,,,2,24,,7784,58,,,2,60,,7798,58,,,2,19,,7809,58,,,2,23,,7796,58,,,2,15,,7800,58,,,2,63,,7769,58,,,2,20,,7808,58,,,2,60,,7805,58,,,2,25,,7777,58,,,2,75,,7801,58,,,2,36,,7802,58,,,2,72,,7782,58,,,2,28,,7766,58,,,2,69,,7770,58,,,2,28,,7772,58,,,2,75,,7774,58,,,2,27,,7775,58,,,2,69,,7768,58,,,2,31,,7771,58,,,2,64,,7773,58,,,2,33,,7778,58,,,2,69,,7779,58,,,2,31,,7780,58,,,2,78,,7785,58,,,2,30,,7786,58,,,2
4202,'SEM',459,,7837,58,,,2,144,,7861,58,,,2,22,,7867,58,,,2,13,,7871,58,,,2,8,,7875,58,,,2,5,,7877,58,,,2,5,,7814,58,,,2,45,,7817,58,,,2,6,,7820,58,,,2,4,,7822,58,,,2,6,,7824,58,,,2,6,,7828,58,,,2,9,,7858,58,,,2,15,,7865,58,,,2,11,,7818,58,,,2,49,,7869,58,,,2,12,,7827,58,,,2,11,,7862,58,,,2,14,,7874,58,,,2,9,,7868,58,,,2,52,,7872,58,,,2,17,,7876,58,,,2,18,,7839,58,,,2,14,,7825,58,,,2,64,,7819,58,,,2,16,,7830,58,,,2,69,,7860,58,,,2,10,,7870,58,,,2,25,,7838,58,,,2,16,,7816,58,,,2,64,,7863,58,,,2,21,,7864,58,,,2,14,,7859,58,,,2,67,,7866,58,,,2,20,,7821,58,,,2,60,,7873,58,,,2,20,,7815,58,,,2,15,,7834,58,,,2,20,,7832,58,,,2,58,,7813,58,,,2,13,,7826,58,,,2,16,,7835,58,,,2,17,,7833,58,,,2,56,,7831,58,,,2,15,,7823,58,,,2,18,,7842,58,,,2,55,,7844,58,,,2,13,,7846,58,,,2,15,,7849,58,,,2,16,,7829,58,,,2,56,,7836,58,,,2,15,,7845,58,,,2,14,,7854,58,,,2,70,,7856,58,,,2,28,,7847,58,,,2,76,,7853,58,,,2,40,,7857,58,,,2,71,,7855,58,,,2,30,,7840,58,,,2,70,,7841,58,,,2,38,,7843,58,,,2,68,,7848,58,,,2,33,,7850,58,,,2,67,,7852,58,,,2,30,,7851,58,,,2
5202,'DIM',643,,8660,102,,,2,111,,8657,102,,,2,100,,8654,102,,,2,100,,8655,102,,,2,101,,8661,102,,,2,100,,8659,102,,,2,100,,8664,102,,,2,102,,8656,102,,,2,100,,8658,102,,,2,100,,8648,102,,,2,102,,8662,102,,,2,98,,8663,102,,,2,101,,8652,102,,,2,98,,8651,102,,,2,99,,8653,102,,,2,100,,8649,102,,,2,100,,8650,102,,,2
5202,'SAM',643,,8678,102,,,2,111,,8672,102,,,2,98,,8675,102,,,2,101,,8674,102,,,2,102,,8676,102,,,2,100,,8679,102,,,2,99,,8680,102,,,2,101,,8681,102,,,2,102,,8666,102,,,2,98,,8667,102,,,2,145,,8677,102,,,2,55,,8668,102,,,2,103,,8665,102,,,2,98,,8671,102,,,2,100,,8673,102,,,2,99,,8670,102,,,2,100,,8669,102,,,2
5202,'SEM',606,,8695,102,,,2,49,,8694,102,,,2,74,,8682,102,,,2,29,,8697,102,,,2,144,,8699,102,,,2,99,,8687,102,,,2,99,,8685,102,,,2,100,,8696,102,,,2,100,,8698,102,,,2,100,,8700,102,,,2,100,,8684,102,,,2,102,,8686,102,,,2,99,,8683,102,,,2,100,,8692,102,,,2,99,,8689,102,,,2,59,,8693,102,,,2,100,,8688,102,,,2,99,,8691,102,,,2,100,,8690,102,,,2
5802,'DIM',610,,8984,21,,,2,100,,8981,21,,,2,91,,3051,21,,,2,100,,8975,21,,,2,100,,8976,21,,,2,99,,8980,21,,,2,100,,8977,21,,,2,101,,8974,21,,,2,100,,8978,21,,,2,100,,8982,21,,,2,58,,8979,21,,,2,149,,8983,21,,,2,94,,8968,21,,,2,100,,8970,21,,,2,100,,8973,21,,,2,100,,8971,21,,,2,100,,8972,21,,,2,99,,8969,21,,,2
5802,'SAM',610,,9000,21,,,2,100,,8985,21,,,2,91,,8998,21,,,2,100,,9001,21,,,2,100,,8989,21,,,2,99,,8991,21,,,2,103,,8999,21,,,2,98,,8994,21,,,2,105,,8997,21,,,2,94,,8986,21,,,2,111,,8988,21,,,2,99,,9002,21,,,2,92,,8987,21,,,2,100,,8995,21,,,2,103,,8993,21,,,2,97,,8990,21,,,2,100,,8992,21,,,2,99,,8996,21,,,2
5802,'SEM',529,,9022,21,,,2,26,,9006,21,,,2,76,,9026,21,,,2,13,,9005,21,,,2,58,,9027,13,,,2,8,,9024,21,,,2,31,,9009,21,,,2,17,,9003,21,,,2,82,,9004,21,,,2,82,,9011,21,,,2,100,,9010,21,,,2,100,,9023,21,,,2,100,,9007,21,,,2,100,,9025,21,,,2,101,,9008,21,,,2,25,,9015,21,,,2,71,,9012,21,,,2,105,,9014,21,,,2,30,,9021,21,,,2,100,,9016,21,,,2,100,,9017,21,,,2,87,,9013,21,,,2,99,,9020,21,,,2,100,,9018,21,,,2,100,,9019,21,,,2
25202,'SEM',537,,10885,54,,,2,98,,10886,54,,,2,187,,10884,54,,,2
