2401,'DIM',704,,6319,47,,,1,99,,444,47,,,1,105,,6318,47,,,1,103,,6315,47,,,1,102,,6321,47,,,1,30,,6317,47,,,1,70,,6324,47,,,1,30,,6323,47,,,1,66,,6326,47,,,1,37,,6327,47,,,1,64,,6320,47,,,1,36,,6306,47,,,1,64,,6328,47,,,1,32,,6322,47,,,1,72,,6307,47,,,1,32,,6325,47,,,1,74,,6310,47,,,1,24,,6329,47,,,1,70,,6308,47,,,1,98,,6311,47,,,1,99,,6312,47,,,1,100,,6309,47,,,1,97,,6316,47,,,1,98,,6313,47,,,1,53,,6314,47,,,1,99,,439,47,,,1
2401,'SAM',634,,6345,47,,,1,70,,6356,47,,,1,99,,6346,47,,,1,106,,6341,47,,,1,102,,6354,47,,,1,101,,6347,47,,,1,30,,6355,47,,,1,70,,6350,47,,,1,31,,6332,47,,,1,70,,6342,47,,,1,33,,6344,47,,,1,72,,6330,47,,,1,27,,6343,47,,,1,75,,6348,47,,,1,31,,6352,47,,,1,63,,6349,47,,,1,30,,6351,47,,,1,71,,6353,47,,,1,29,,6335,47,,,1,76,,6333,47,,,1,92,,6336,47,,,1,99,,6334,47,,,1,100,,6339,47,,,1,97,,6331,47,,,1,98,,6337,47,,,1,53,,6338,47,,,1,141,,6340,47,,,1
2401,'SEM',514,,6362,47,,,1,37,,6386,47,,,1,81,,6370,47,,,1,21,,6358,47,,,1,52,,6361,47,,,1,12,,6379,47,,,1,9,,6368,47,,,1,14,,6391,47,,,1,14,,6388,47,,,1,53,,6392,47,,,1,13,,6360,47,,,1,25,,6369,47,,,1,67,,6364,47,,,1,31,,6365,47,,,1,67,,6383,47,,,1,30,,6371,47,,,1,70,,6366,47,,,1,30,,6389,47,,,1,70,,6394,47,,,1,30,,6357,47,,,1,70,,6387,47,,,1,30,,6390,47,,,1,70,,6363,47,,,1,32,,6393,47,,,1,70,,6367,47,,,1,45,,6359,47,,,1,67,,6372,47,,,1,25,,6375,47,,,1,69,,6373,47,,,1,28,,6374,47,,,1,69,,6378,47,,,1,29,,6382,47,,,1,98,,6385,47,,,1,89,,6381,47,,,1,100,,6377,47,,,1,99,,6376,47,,,1,98,,6380,47,,,1,100,,6384,47,,,1
3304,'DIM',756,,7087,48,,,1,171,,7088,48,,,1,130,,7090,48,,,1,171,,7089,48,,,1,130,,7091,48,,,1,173,,7092,48,,,1,169,,7082,48,,,1,129,,7084,48,,,1,130,,7085,48,,,1,169,,7086,48,,,1,129,,7083,48,,,1
3304,'SAM',756,,1221,48,,,1,171,,1223,48,,,1,130,,7096,48,,,1,170,,7099,48,,,1,131,,7101,48,,,1,173,,7095,48,,,1,169,,7100,48,,,1,131,,7093,48,,,1,128,,7098,48,,,1,169,,7094,48,,,1,129,,7097,48,,,1
3304,'SEM',517,,7110,48,,,1,91,,7104,48,,,1,35,,7102,48,,,1,65,,7123,48,,,1,43,,7106,48,,,1,60,,7108,48,,,1,26,,7112,48,,,1,72,,7105,48,,,1,95,,7111,48,,,1,105,,7126,48,,,1,100,,7124,48,,,1,91,,7109,48,,,1,111,,7103,48,,,1,108,,7117,48,,,1,25,,7119,48,,,1,90,,7122,48,,,1,85,,7107,48,,,1,30,,7113,48,,,1,82,,7114,48,,,1,19,,7125,48,,,1,67,,7115,48,,,1,91,,7116,48,,,1,100,,7120,48,,,1,109,,7118,48,,,1,40,,7121,48,,,1
3704,'DIM',717,,7202,47,,,2,34,,7205,47,,,2,102,,7211,47,,,2,100,,7208,47,,,2,101,,7206,47,,,2,100,,7201,47,,,2,101,,7207,47,,,2,100,,7203,47,,,2,100,,7204,47,,,2,100,,7210,47,,,2,100,,7199,47,,,2,103,,7209,47,,,2,87,,7200,47,,,2
3704,'SAM',717,,7221,47,,,2,38,,7219,47,,,2,102,,7224,47,,,2,96,,7215,47,,,2,104,,7212,47,,,2,97,,7216,47,,,2,101,,7223,47,,,2,102,,7222,47,,,2,144,,7220,47,,,2,99,,7213,47,,,2,59,,7214,47,,,2,98,,7217,47,,,2,89,,7218,47,,,2
3704,'SEM',605,,7248,47,,,2,40,,7225,47,,,2,101,,7234,47,,,2,80,,7251,47,,,2,77,,7249,47,,,2,34,,7247,47,,,2,68,,7227,47,,,2,96,,11156,47,,,2,100,,7229,47,,,2,101,,7250,47,,,2,101,,7228,47,,,2,107,,7230,47,,,2,42,,7232,47,,,2,60,,7231,47,,,2,14,,7240,47,,,2,17,,7236,47,,,2,60,,7239,47,,,2,9,,7226,47,,,2,18,,7235,47,,,2,18,,7233,47,,,2,89,,7241,47,,,2,98,,7245,47,,,2,99,,7238,47,,,2,99,,7237,47,,,2,99,,7244,47,,,2,100,,7246,47,,,2,96,,7243,47,,,2
6304,'DIM',803,,9342,73,,,1,103,,9348,73,,,1,102,,9343,73,,,1,103,,9345,73,,,1,95,,9344,73,,,1,107,,9349,73,,,1,96,,9346,73,,,1,103,,9347,73,,,1,100,,9336,73,,,1,102,,9350,73,,,1,102,,9334,73,,,1,97,,9341,73,,,1,98,,9335,73,,,1,98,,9337,73,,,1,100,,9339,73,,,1,100,,9338,73,,,1,97,,9340,73,,,1
6304,'SAM',658,,9365,73,,,1,142,,9361,73,,,1,106,,9357,73,,,1,102,,9364,73,,,1,103,,9363,73,,,1,103,,9366,73,,,1,99,,9368,73,,,1,97,,9362,73,,,1,104,,9369,73,,,1,106,,9353,73,,,1,95,,9367,73,,,1,101,,9351,73,,,1,98,,9354,73,,,1,101,,9352,73,,,1,94,,9355,73,,,1,100,,9358,73,,,1,100,,9356,73,,,1,96,,9359,73,,,1,95,,9360,73,,,1
6304,'SEM',521,,9401,73,,,1,115,,9399,73,,,1,23,,9402,73,,,1,82,,9379,73,,,1,11,,9382,73,,,1,74,,9386,73,,,1,26,,9370,73,,,1,57,,9404,73,,,1,26,,9375,73,,,1,69,,9384,73,,,1,30,,9385,73,,,1,70,,9372,73,,,1,24,,9371,73,,,1,30,,9400,73,,,1,71,,9377,73,,,1,71,,9378,73,,,1,33,,9383,73,,,1,70,,9403,73,,,1,31,,9373,73,,,1,71,,9374,73,,,1,33,,9376,73,,,1,79,,9380,73,,,1,6,,9390,73,,,1,31,,9381,73,,,1,61,,9387,73,,,1,34,,9393,73,,,1,53,,9392,73,,,1,28,,9396,73,,,1,70,,9398,73,,,1,37,,9391,73,,,1,93,,9395,73,,,1,78,,9397,73,,,1,49,,9388,73,,,1,97,,9389,73,,,1,93,,9394,73,,,1
