1703,'DIM',640,,5976,49,,,1,84,,94,49,,,1,100,,5966,49,,,1,101,,5971,49,,,1,99,,5972,49,,,1,103,,5975,49,,,1,101,,5973,49,,,1,100,,5977,49,,,1,101,,5979,49,,,1,99,,5970,49,,,1,102,,5974,49,,,1,96,,5962,49,,,1,99,,5978,49,,,1,99,,5965,49,,,1,101,,5963,49,,,1,99,,5964,49,,,1,100,,5967,49,,,1,100,,89,49,,,1,102,,5969,49,,,1,117,,5968,49,,,1
1703,'SAM',556,,5991,49,,,1,84,,5983,49,,,1,84,,5990,49,,,1,99,,5996,49,,,1,102,,5993,49,,,1,100,,5994,49,,,1,104,,5992,49,,,1,99,,5998,49,,,1,100,,5989,49,,,1,101,,5995,49,,,1,99,,5999,49,,,1,102,,5997,49,,,1,97,,6000,49,,,1,98,,5980,49,,,1,98,,5981,49,,,1,100,,5982,49,,,1,99,,5988,49,,,1,102,,5986,49,,,1,100,,5987,49,,,1,103,,5984,49,,,1,118,,5985,49,,,1
1703,'SEM',611,,6021,49,,,1,116,,6003,49,,,1,103,,6009,49,,,1,96,,6008,49,,,1,99,,6024,49,,,1,101,,6011,49,,,1,101,,6007,49,,,1,101,,6004,49,,,1,99,,6005,49,,,1,97,,6010,49,,,1,79,,6012,49,,,1,25,,6006,49,,,1,76,,6001,49,,,1,26,,6017,49,,,1,71,,6002,49,,,1,35,,6014,49,,,1,67,,6013,49,,,1,28,,6019,49,,,1,98,,6015,49,,,1,99,,6016,49,,,1,99,,6020,49,,,1,100,,6018,49,,,1,91,,6023,49,,,1,108,,6022,49,,,1
3903,'DIM',858,,7275,62,,,1,100,,1387,72,,,1,56,,7266,72,,,1,34,,7269,72,,,1,68,,7274,72,,,1,33,,7263,72,,,1,71,,7273,72,,,1,31,,7262,72,,,1,69,,7255,72,,,1,36,,7265,72,,,1,65,,7264,72,,,1,28,,7268,72,,,1,67,,7271,72,,,1,37,,7270,72,,,1,70,,7258,72,,,1,29,,7267,72,,,1,70,,7272,72,,,1,26,,7260,72,,,1,10,,7253,72,,,1,64,,7259,72,,,1,25,,7252,72,,,1,99,,7257,72,,,1,98,,7261,72,,,1,98,,7254,72,,,1,104,,7256,72,,,1
3903,'SAM',858,,7299,62,,,1,100,,7291,72,,,1,56,,7295,72,,,1,34,,7292,72,,,1,71,,7288,72,,,1,30,,7294,72,,,1,71,,7296,72,,,1,28,,7287,72,,,1,72,,7286,72,,,1,35,,7289,72,,,1,67,,7276,72,,,1,31,,7277,72,,,1,65,,7293,72,,,1,35,,7280,72,,,1,70,,7297,72,,,1,29,,7281,72,,,1,70,,7283,72,,,1,26,,7290,72,,,1,11,,7284,72,,,1,63,,7298,72,,,1,25,,7282,72,,,1,101,,7285,72,,,1,96,,7278,72,,,1,98,,1409,72,,,1,104,,7279,72,,,1
3903,'SEM',756,,7304,72,,,1,103,,7310,72,,,1,100,,7309,72,,,1,70,,7305,72,,,1,28,,7324,72,,,1,70,,7303,72,,,1,30,,7327,72,,,1,72,,7325,72,,,1,30,,7326,72,,,1,71,,7302,72,,,1,71,,7308,72,,,1,33,,7300,72,,,1,72,,7306,72,,,1,16,,7313,72,,,1,32,,7314,72,,,1,54,,7315,72,,,1,25,,7320,72,,,1,16,,7301,72,,,1,66,,7307,72,,,1,29,,7322,72,,,1,72,,7312,72,,,1,32,,7311,72,,,1,77,,7319,72,,,1,97,,7321,72,,,1,103,,7317,72,,,1,99,,7316,72,,,1,97,,7318,72,,,1,36,,7323,72,,,1
4503,'DIM',702,,8030,50,,,1,100,,2117,50,,,1,101,,2115,50,,,1,99,,8029,50,,,1,101,,8031,50,,,1,98,,8028,50,,,1,106,,8034,50,,,1,100,,8020,50,,,1,96,,8033,50,,,1,106,,8019,50,,,1,50,,8032,50,,,1,100,,8022,50,,,1,99,,8026,50,,,1,100,,8021,50,,,1,99,,8027,50,,,1,100,,8025,50,,,1,100,,8024,50,,,1,149,,8023,50,,,1
4503,'SAM',702,,8044,50,,,1,100,,8047,50,,,1,101,,8049,50,,,1,99,,8050,50,,,1,101,,8035,50,,,1,100,,8048,50,,,1,104,,8045,50,,,1,102,,8046,50,,,1,99,,8052,50,,,1,96,,8040,50,,,1,55,,8051,50,,,1,100,,8037,50,,,1,99,,8038,50,,,1,100,,8036,50,,,1,99,,8042,50,,,1,100,,8039,50,,,1,102,,8043,50,,,1,147,,8041,50,,,1
4503,'SEM',654,,8063,50,,,1,60,,8075,50,,,1,35,,8053,50,,,1,65,,8057,50,,,1,23,,8055,50,,,1,84,,8079,50,,,1,31,,8061,50,,,1,101,,8077,50,,,1,100,,8076,50,,,1,96,,8078,50,,,1,100,,8064,50,,,1,78,,8058,50,,,1,84,,8060,50,,,1,17,,8059,50,,,1,26,,8068,50,,,1,72,,8062,50,,,1,17,,8054,50,,,1,73,,8056,50,,,1,17,,8066,50,,,1,12,,8073,50,,,1,76,,8074,50,,,1,36,,8071,50,,,1,99,,8070,50,,,1,99,,8065,50,,,1,102,,8067,50,,,1,97,,8069,50,,,1,93,,8072,50,,,1
7401,'DIM',742,,10038,51,,,2,99,,10039,51,,,2,101,,10045,51,,,2,100,,10043,51,,,2,101,,10040,51,,,2,100,,10041,51,,,2,102,,10042,51,,,2,100,,10046,51,,,2,100,,10044,51,,,2,98,,10047,51,,,2,100,,10031,51,,,2,98,,10035,51,,,2,100,,10037,51,,,2,101,,10036,51,,,2,101,,10034,51,,,2,98,,10032,51,,,2,99,,10033,51,,,2
7401,'SAM',743,,10058,51,,,2,100,,10056,51,,,2,101,,10061,51,,,2,100,,10064,51,,,2,100,,10059,51,,,2,100,,10062,51,,,2,99,,10057,51,,,2,102,,10063,51,,,2,100,,10060,51,,,2,100,,10050,51,,,2,98,,10048,51,,,2,100,,10054,51,,,2,100,,10055,51,,,2,101,,10053,51,,,2,101,,10049,51,,,2,96,,10051,51,,,2,99,,10052,51,,,2
7401,'SEM',644,,10082,51,,,2,98,,10083,51,,,2,100,,10069,51,,,2,105,,10071,51,,,2,97,,10068,51,,,2,100,,10081,51,,,2,102,,10084,51,,,2,101,,10067,51,,,2,100,,10065,51,,,2,102,,10072,51,,,2,93,,10066,51,,,2,101,,10075,51,,,2,66,,10070,51,,,2,39,,10079,51,,,2,97,,10073,51,,,2,98,,10077,51,,,2,99,,10076,51,,,2,97,,10074,51,,,2,103,,10078,51,,,2,98,,10080,51,,,2
