1703,'DIM',624,,5976,13,,,1,84,,94,13,,,1,99,,5966,13,,,1,99,,5971,13,,,1,99,,5972,13,,,1,101,,5975,13,,,1,101,,5973,13,,,1,100,,5977,13,,,1,101,,5979,13,,,1,99,,5970,13,,,1,102,,5974,13,,,1,96,,5962,13,,,1,100,,5978,13,,,1,99,,5965,13,,,1,102,,5963,13,,,1,99,,5964,13,,,1,101,,5967,13,,,1,100,,89,13,,,1,102,,5969,13,,,1,120,,5968,13,,,1
1703,'SAM',540,,5991,13,,,1,84,,5983,13,,,1,84,,5990,13,,,1,98,,5996,13,,,1,100,,5993,13,,,1,100,,5994,13,,,1,102,,5992,13,,,1,99,,5998,13,,,1,100,,5989,13,,,1,101,,5995,13,,,1,99,,5999,13,,,1,102,,5997,13,,,1,97,,6000,13,,,1,99,,5980,13,,,1,98,,5981,13,,,1,101,,5982,13,,,1,99,,5988,13,,,1,103,,5986,13,,,1,100,,5987,13,,,1,103,,5984,13,,,1,121,,5985,13,,,1
1703,'SEM',555,,6021,13,,,1,152,,6003,13,,,1,103,,6009,13,,,1,96,,6008,13,,,1,99,,6024,13,,,1,100,,6011,13,,,1,100,,6007,13,,,1,100,,6004,13,,,1,99,,6005,13,,,1,96,,6010,13,,,1,38,,6012,13,,,1,62,,6006,13,,,1,35,,6001,13,,,1,67,,6017,13,,,1,34,,6002,13,,,1,77,,6014,13,,,1,29,,6013,13,,,1,68,,6019,13,,,1,100,,6015,13,,,1,99,,6016,13,,,1,100,,6020,13,,,1,100,,6018,13,,,1,92,,6023,13,,,1,109,,6022,13,,,1
2703,'DIM',902,,6814,13,,,2,100,,6809,13,,,2,55,,6810,13,,,2,144,,6812,13,,,2,101,,6808,13,,,2,100,,6806,13,,,2,56,,6807,13,,,2,148,,6811,13,,,2,98,,6813,13,,,2,100,,6799,13,,,2,100,,6798,13,,,2,98,,6804,13,,,2,100,,6802,13,,,2,100,,6803,13,,,2,102,,6800,13,,,2,100,,6801,13,,,2,100,,6805,13,,,2
2703,'SAM',702,,6828,13,,,2,100,,6825,13,,,2,56,,6830,13,,,2,144,,6832,13,,,2,55,,6824,13,,,2,144,,6815,13,,,2,56,,6826,13,,,2,145,,6829,13,,,2,107,,6827,13,,,2,95,,6831,13,,,2,100,,6833,13,,,2,100,,6818,13,,,2,100,,6821,13,,,2,98,,6817,13,,,2,100,,6819,13,,,2,99,,6816,13,,,2,103,,6822,13,,,2,100,,6820,13,,,2,100,,6823,13,,,2
2703,'SEM',820,,6834,13,,,2,81,,6837,13,,,2,58,,6854,13,,,2,100,,6853,13,,,2,98,,6839,13,,,2,94,,6846,13,,,2,100,,6842,13,,,2,101,,6836,13,,,2,80,,6838,13,,,2,80,,6841,13,,,2,15,,6844,13,,,2,30,,6847,13,,,2,70,,6835,13,,,2,24,,6840,13,,,2,104,,6849,13,,,2,90,,6852,13,,,2,108,,6845,13,,,2,100,,6843,13,,,2,99,,6848,13,,,2,101,,6850,13,,,2,95,,6851,13,,,2
3103,'DIM',638,,6925,15,,,1,99,,6924,15,,,1,99,,6929,15,,,1,99,,6932,15,,,1,99,,6933,15,,,1,101,,6930,15,,,1,100,,6926,15,,,1,102,,6928,15,,,1,101,,6916,15,,,1,96,,6927,15,,,1,101,,6931,15,,,1,101,,6920,15,,,1,98,,6918,15,,,1,100,,6919,15,,,1,102,,6917,15,,,1,100,,6923,15,,,1,100,,6922,15,,,1,100,,6921,15,,,1
3103,'SAM',638,,6946,15,,,1,100,,6949,15,,,1,98,,6947,15,,,1,98,,6950,15,,,1,98,,6952,15,,,1,101,,6934,15,,,1,102,,6944,15,,,1,101,,6948,15,,,1,100,,6945,15,,,1,102,,6951,15,,,1,97,,6937,15,,,1,101,,6938,15,,,1,99,,6941,15,,,1,99,,6935,15,,,1,100,,6942,15,,,1,102,,6943,15,,,1,102,,6936,15,,,1,97,,6940,15,,,1,98,,6939,15,,,1
3103,'SEM',633,,6975,15,,,1,101,,6954,15,,,1,101,,6972,15,,,1,99,,6974,15,,,1,100,,6973,15,,,1,100,,6953,15,,,1,100,,6971,15,,,1,100,,6956,15,,,1,100,,6957,15,,,1,97,,6961,15,,,1,23,,6963,15,,,1,75,,6958,15,,,1,20,,6955,15,,,1,81,,6968,15,,,1,70,,6970,15,,,1,30,,6964,15,,,1,73,,6960,15,,,1,36,,6966,15,,,1,102,,6959,15,,,1,99,,6962,15,,,1,102,,6967,15,,,1,97,,6965,15,,,1,110,,6969,15,,,1
4303,'DIM',637,,7892,13,,,1,101,,7893,13,,,1,100,,7894,13,,,1,100,,7885,13,,,1,106,,7886,13,,,1,103,,7895,13,,,1,99,,7898,13,,,1,102,,7896,13,,,1,97,,7899,13,,,1,100,,7897,13,,,1,102,,7880,13,,,1,105,,7884,13,,,1,93,,7891,13,,,1,100,,7888,13,,,1,100,,7882,13,,,1,99,,7881,13,,,1,100,,7883,13,,,1,94,,7887,13,,,1,99,,7890,13,,,1,100,,7889,13,,,1
4303,'SAM',637,,7906,13,,,1,101,,7907,13,,,1,100,,7911,13,,,1,105,,7914,13,,,1,103,,7917,13,,,1,101,,7915,13,,,1,100,,7900,13,,,1,104,,7916,13,,,1,97,,7913,13,,,1,97,,7912,13,,,1,101,,7919,13,,,1,100,,7918,13,,,1,103,,7901,13,,,1,96,,7903,13,,,1,100,,7902,13,,,1,99,,7909,13,,,1,100,,7905,13,,,1,94,,7904,13,,,1,99,,7910,13,,,1,100,,7908,13,,,1
4303,'SEM',639,,7925,13,,,1,101,,7939,13,,,1,82,,7923,13,,,1,102,,7930,13,,,1,30,,7922,13,,,1,70,,7920,13,,,1,30,,7947,13,,,1,70,,7934,13,,,1,30,,7924,13,,,1,70,,7945,13,,,1,30,,7946,13,,,1,70,,7928,13,,,1,30,,7931,13,,,1,71,,7927,13,,,1,30,,7921,13,,,1,70,,7932,13,,,1,25,,7926,13,,,1,70,,7937,13,,,1,25,,7933,13,,,1,70,,7936,13,,,1,30,,7929,13,,,1,70,,7935,13,,,1,99,,7944,13,,,1,100,,7940,13,,,1,104,,7942,13,,,1,99,,7938,13,,,1,108,,7943,13,,,1,110,,7941,13,,,1
7303,'DIM',653,,9874,13,,,1,99,,9869,13,,,1,99,,9871,13,,,1,99,,9868,13,,,1,101,,9870,13,,,1,99,,9872,13,,,1,102,,9861,13,,,1,99,,9867,13,,,1,100,,9873,13,,,1,100,,9875,13,,,1,101,,9859,13,,,1,100,,9860,13,,,1,97,,9857,13,,,1,102,,9862,13,,,1,100,,9865,13,,,1,100,,9858,13,,,1,100,,9863,13,,,1,101,,9866,13,,,1,106,,9864,13,,,1
7303,'SAM',557,,9890,13,,,1,96,,9877,13,,,1,99,,9894,13,,,1,99,,9892,13,,,1,99,,9879,13,,,1,101,,9891,13,,,1,100,,9895,13,,,1,100,,9893,13,,,1,101,,9876,13,,,1,100,,9896,13,,,1,100,,9897,13,,,1,100,,9882,13,,,1,100,,9878,13,,,1,98,,9884,13,,,1,101,,9883,13,,,1,100,,9880,13,,,1,100,,9881,13,,,1,100,,9885,13,,,1,102,,9886,13,,,1,105,,9888,13,,,1,142,,9887,13,,,1,58,,9889,13,,,1
7303,'SEM',546,,9942,13,,,1,65,,9939,13,,,1,37,,9940,13,,,1,8,,9908,13,,,1,77,,9904,13,,,1,23,,9911,13,,,1,81,,9913,13,,,1,14,,9921,13,,,1,69,,9903,13,,,1,30,,9901,13,,,1,70,,9943,13,,,1,30,,9915,13,,,1,70,,9909,13,,,1,30,,9941,13,,,1,69,,9910,13,,,1,30,,9918,13,,,1,70,,9944,13,,,1,30,,9902,13,,,1,70,,9919,13,,,1,26,,9899,13,,,1,72,,9912,13,,,1,30,,9945,13,,,1,60,,9898,13,,,1,17,,9926,13,,,1,18,,9914,13,,,1,13,,9900,13,,,1,54,,9905,13,,,1,14,,9907,13,,,1,15,,9906,13,,,1,14,,9929,13,,,1,53,,9916,13,,,1,17,,9922,13,,,1,14,,9917,13,,,1,19,,9928,13,,,1,74,,9932,13,,,1,26,,9920,13,,,1,73,,9923,13,,,1,28,,9935,13,,,1,71,,9925,13,,,1,30,,9927,13,,,1,67,,9924,13,,,1,33,,9931,13,,,1,70,,9936,13,,,1,30,,9938,13,,,1,75,,9930,13,,,1,70,,9933,13,,,1,27,,9934,13,,,1,122,,9937,13,,,1
7401,'DIM',723,,10038,13,,,2,98,,10039,13,,,2,100,,10045,13,,,2,99,,10043,13,,,2,101,,10040,13,,,2,100,,10041,13,,,2,102,,10042,13,,,2,100,,10046,13,,,2,100,,10044,13,,,2,99,,10047,13,,,2,100,,10031,13,,,2,98,,10035,13,,,2,100,,10037,13,,,2,101,,10036,13,,,2,101,,10034,13,,,2,99,,10032,13,,,2,100,,10033,13,,,2
7401,'SAM',724,,10058,13,,,2,99,,10056,13,,,2,100,,10061,13,,,2,99,,10064,13,,,2,100,,10059,13,,,2,100,,10062,13,,,2,99,,10057,13,,,2,102,,10063,13,,,2,100,,10060,13,,,2,101,,10050,13,,,2,98,,10048,13,,,2,100,,10054,13,,,2,100,,10055,13,,,2,101,,10053,13,,,2,101,,10049,13,,,2,97,,10051,13,,,2,100,,10052,13,,,2
7401,'SEM',625,,10082,13,,,2,96,,10083,13,,,2,100,,10069,13,,,2,105,,10071,13,,,2,97,,10068,13,,,2,100,,10081,13,,,2,101,,10084,13,,,2,100,,10067,13,,,2,100,,10065,13,,,2,99,,10072,13,,,2,91,,10066,13,,,2,102,,10075,13,,,2,29,,10070,13,,,2,80,,10079,13,,,2,98,,10073,13,,,2,100,,10077,13,,,2,100,,10076,13,,,2,97,,10074,13,,,2,103,,10078,13,,,2,98,,10080,13,,,2
33503,'DIM',2641,,10986,4,,,2
33503,'SAM',2641,,10987,4,,,2
33503,'SEM',2641,,10988,4,,,2
