4201,'DIM',524,,7552,33,,,2,102,,7578,33,,,2,30,,7581,33,,,2,70,,7584,33,,,2,29,,7553,33,,,2,73,,7589,33,,,2,30,,7586,33,,,2,70,,7593,33,,,2,73,,7585,33,,,2,21,,7580,33,,,2,20,,7577,33,,,2,61,,7590,33,,,2,20,,7596,33,,,2,23,,7579,33,,,2,58,,7594,33,,,2,22,,7550,33,,,2,20,,7598,33,,,2,58,,7582,33,,,2,22,,7583,33,,,2,19,,7587,33,,,2,61,,7555,33,,,2,20,,7591,33,,,2,15,,7556,33,,,2,64,,7592,33,,,2,21,,7597,33,,,2,19,,7559,33,,,2,61,,7588,33,,,2,17,,7562,33,,,2,22,,7563,33,,,2,61,,7565,33,,,2,15,,7566,33,,,2,18,,7569,33,,,2,12,,7570,33,,,2,54,,7595,33,,,2,16,,7551,33,,,2,33,,7574,33,,,2,70,,7557,33,,,2,29,,7560,33,,,2,69,,7554,33,,,2,29,,7567,33,,,2,72,,7571,33,,,2,28,,7558,33,,,2,70,,7561,33,,,2,31,,7564,33,,,2,70,,7568,33,,,2,34,,7575,33,,,2,68,,7572,33,,,2,34,,7573,33,,,2,75,,7576,33,,,2
4201,'SAM',521,,7639,33,,,2,105,,7625,33,,,2,74,,7609,33,,,2,32,,7640,33,,,2,25,,7629,33,,,2,70,,7631,33,,,2,32,,7635,33,,,2,69,,7626,33,,,2,73,,7642,33,,,2,21,,7624,33,,,2,20,,7647,33,,,2,59,,7633,33,,,2,21,,7617,33,,,2,24,,7643,33,,,2,56,,7627,33,,,2,22,,7648,33,,,2,22,,7628,33,,,2,56,,7630,33,,,2,24,,7619,33,,,2,20,,7634,33,,,2,59,,7645,33,,,2,23,,7632,33,,,2,13,,7636,33,,,2,63,,7602,33,,,2,21,,7644,33,,,2,20,,7641,33,,,2,62,,7610,33,,,2,18,,7637,33,,,2,21,,7612,33,,,2,62,,7638,33,,,2,14,,7646,33,,,2,15,,7615,33,,,2,16,,7616,33,,,2,52,,7599,33,,,2,16,,7600,33,,,2,30,,7603,33,,,2,68,,7605,33,,,2,34,,7607,33,,,2,69,,7608,33,,,2,29,,7601,33,,,2,71,,7604,33,,,2,24,,7606,33,,,2,74,,7611,33,,,2,30,,7613,33,,,2,73,,7614,33,,,2,78,,7621,33,,,2,23,,7623,33,,,2,35,,7618,33,,,2,71,,7620,33,,,2,72,,7622,33,,,2
4201,'SEM',628,,7711,19,,,2,13,,7654,33,,,2,11,,7717,19,,,2,51,,7662,33,,,2,8,,7701,33,,,2,6,,7671,33,,,2,11,,7718,19,,,2,8,,7705,33,,,2,14,,7707,33,,,2,57,,7710,33,,,2,15,,7651,33,,,2,17,,7659,33,,,2,64,,7655,33,,,2,16,,7664,33,,,2,29,,7699,33,,,2,9,,7706,33,,,2,65,,7697,33,,,2,16,,7652,33,,,2,63,,7702,33,,,2,21,,7703,33,,,2,14,,7698,33,,,2,66,,7704,33,,,2,20,,7700,33,,,2,20,,7708,33,,,2,60,,7653,33,,,2,15,,7670,33,,,2,20,,7668,33,,,2,15,,7650,33,,,2,56,,7661,33,,,2,15,,7672,33,,,2,17,,7669,33,,,2,16,,7667,33,,,2,54,,7657,33,,,2,15,,7666,33,,,2,2,,7676,33,,,2,7,,7709,33,,,2,8,,7679,33,,,2,8,,7683,33,,,2,8,,7686,33,,,2,48,,7689,33,,,2,6,,7658,33,,,2,9,,7712,19,,,2,5,,7649,33,,,2,7,,7713,19,,,2,8,,7663,33,,,2,10,,7681,33,,,2,8,,7656,33,,,2,50,,7692,33,,,2,10,,7660,33,,,2,10,,7665,33,,,2,10,,7685,33,,,2,9,,7673,33,,,2,10,,7682,33,,,2,51,,7687,33,,,2,8,,7677,33,,,2,13,,7680,33,,,2,15,,7691,33,,,2,55,,7684,33,,,2,30,,7696,33,,,2,71,,7694,33,,,2,30,,7674,33,,,2,70,,7675,33,,,2,40,,7678,33,,,2,69,,7688,33,,,2,33,,7714,19,,,2,69,,7690,33,,,2,30,,7715,19,,,2,72,,7693,33,,,2,30,,7716,19,,,2,90,,7695,33,,,2
4803,'DIM',705,,8297,13,,,1,104,,8293,13,,,1,102,,8298,13,,,1,100,,8296,13,,,1,99,,8299,13,,,1,102,,8302,13,,,1,96,,8294,13,,,1,104,,8300,13,,,1,100,,8295,13,,,1,99,,8301,13,,,1,102,,8290,13,,,1,100,,8303,13,,,1,100,,8287,13,,,1,100,,8285,13,,,1,99,,8291,13,,,1,99,,8286,13,,,1,100,,8289,13,,,1,30,,8288,13,,,1,161,,8292,13,,,1
4803,'SAM',607,,8320,13,,,1,99,,8316,13,,,1,103,,8304,13,,,1,102,,8317,13,,,1,100,,8322,13,,,1,100,,8321,13,,,1,95,,8323,13,,,1,106,,8318,13,,,1,100,,8319,13,,,1,100,,8315,13,,,1,99,,8305,13,,,1,102,,8308,13,,,1,100,,8306,13,,,1,100,,8313,13,,,1,100,,8311,13,,,1,99,,8307,13,,,1,99,,8309,13,,,1,100,,8310,13,,,1,30,,8312,13,,,1,161,,8314,13,,,1
4803,'SEM',533,,8326,13,,,1,68,,8340,13,,,1,21,,8344,13,,,1,78,,8350,13,,,1,33,,11220,13,,,1,70,,8330,13,,,1,21,,8329,13,,,1,33,,8339,13,,,1,75,,8353,13,,,1,105,,8348,13,,,1,100,,8349,13,,,1,100,,8352,13,,,1,93,,8351,13,,,1,80,,8334,13,,,1,30,,8328,13,,,1,75,,8325,13,,,1,32,,8332,13,,,1,65,,8335,13,,,1,29,,8331,13,,,1,72,,8324,13,,,1,29,,8333,13,,,1,70,,8336,13,,,1,89,,8342,13,,,1,105,,8341,13,,,1,100,,8338,13,,,1,98,,8337,13,,,1,100,,8346,13,,,1,54,,8343,13,,,1,91,,8345,13,,,1,79,,8347,13,,,1
5801,'DIM',526,,8918,13,,,2,100,,8910,13,,,2,90,,2987,13,,,2,102,,8908,13,,,2,100,,8909,13,,,2,99,,8914,13,,,2,100,,8911,13,,,2,101,,8907,13,,,2,100,,8912,13,,,2,100,,8916,13,,,2,98,,8913,13,,,2,109,,8917,13,,,2,94,,8901,13,,,2,102,,8915,13,,,2,97,,8906,13,,,2,100,,8903,13,,,2,99,,8905,13,,,2,100,,8902,13,,,2,99,,8900,13,,,2,109,,8904,13,,,2
5801,'SAM',531,,8935,13,,,2,95,,8931,13,,,2,93,,8933,13,,,2,99,,8936,13,,,2,100,,8921,13,,,2,99,,8923,13,,,2,103,,8934,13,,,2,98,,8926,13,,,2,105,,8932,13,,,2,94,,8919,13,,,2,111,,8920,13,,,2,99,,8938,13,,,2,100,,8937,13,,,2,88,,8928,13,,,2,107,,8925,13,,,2,96,,8922,13,,,2,99,,8924,13,,,2,100,,8929,13,,,2,99,,8930,13,,,2,109,,8927,13,,,2
5801,'SEM',513,,8943,13,,,2,28,,8965,13,,,2,82,,8963,13,,,2,80,,8939,13,,,2,51,,8940,13,,,2,84,,8949,13,,,2,100,,8948,13,,,2,100,,8962,13,,,2,100,,8944,13,,,2,100,,8964,13,,,2,100,,8946,13,,,2,80,,8945,13,,,2,87,,8966,13,,,2,31,,8952,13,,,2,71,,8950,13,,,2,20,,8947,13,,,2,19,,8942,13,,,2,60,,8953,13,,,2,20,,8957,13,,,2,15,,8941,13,,,2,65,,8960,13,,,2,19,,8954,13,,,2,30,,8951,13,,,2,100,,8959,13,,,2,100,,8955,13,,,2,101,,8958,13,,,2,145,,8956,13,,,2,99,,8961,13,,,2
7002,'DIM',701,,3827,13,,,1,101,,9785,13,,,1,100,,9786,13,,,1,100,,9783,13,,,1,27,,9781,13,,,1,73,,9772,13,,,1,32,,9793,13,,,1,69,,9782,13,,,1,27,,9778,13,,,1,73,,9780,13,,,1,30,,9789,13,,,1,70,,9787,13,,,1,30,,9788,13,,,1,70,,9776,13,,,1,31,,9784,13,,,1,24,,9790,13,,,1,78,,9773,13,,,1,74,,9792,13,,,1,34,,9771,13,,,1,74,,9791,13,,,1,95,,9794,13,,,1,95,,9774,13,,,1,95,,9770,13,,,1,100,,9777,13,,,1,99,,9775,13,,,1,103,,9779,13,,,1
7002,'SAM',701,,9814,13,,,1,57,,9812,13,,,1,99,,9817,13,,,1,99,,9816,13,,,1,75,,9810,13,,,1,71,,9813,13,,,1,32,,9809,13,,,1,69,,9802,13,,,1,32,,9815,13,,,1,67,,9807,13,,,1,35,,9820,13,,,1,66,,9798,13,,,1,36,,9808,13,,,1,69,,9819,13,,,1,23,,9811,13,,,1,72,,9822,13,,,1,29,,9821,13,,,1,72,,9818,13,,,1,42,,9797,13,,,1,72,,9804,13,,,1,95,,9806,13,,,1,90,,9805,13,,,1,98,,9799,13,,,1,101,,9800,13,,,1,100,,9801,13,,,1,101,,9803,13,,,1
7002,'SEM',534,,9844,13,,,1,97,,9829,13,,,1,26,,9850,13,,,1,71,,9856,13,,,1,73,,9828,13,,,1,31,,9830,13,,,1,71,,9854,13,,,1,30,,9853,13,,,1,70,,9826,13,,,1,30,,9843,13,,,1,70,,9851,13,,,1,30,,9825,13,,,1,70,,9852,13,,,1,31,,9845,13,,,1,70,,9855,13,,,1,40,,9827,13,,,1,60,,9824,13,,,1,27,,9832,13,,,1,72,,9836,13,,,1,30,,9831,13,,,1,71,,9838,13,,,1,31,,9833,13,,,1,69,,9834,13,,,1,33,,9837,13,,,1,75,,9835,13,,,1,31,,9841,13,,,1,80,,9842,13,,,1,87,,9848,13,,,1,100,,9839,13,,,1,104,,9840,13,,,1,105,,9846,13,,,1,102,,9849,13,,,1,104,,9847,13,,,1
