2201,'DIM',645,,6206,41,,,2,100,,6207,41,,,2,104,,6204,41,,,2,100,,6211,41,,,2,100,,6202,41,,,2,101,,6209,41,,,2,99,,6205,41,,,2,103,,6210,41,,,2,95,,6208,41,,,2,97,,6213,41,,,2,104,,6199,41,,,2,103,,6212,41,,,2,98,,6203,41,,,2,101,,6201,41,,,2,100,,6198,41,,,2,100,,6200,41,,,2
2201,'SAM',646,,6225,41,,,2,101,,6216,41,,,2,100,,6226,41,,,2,103,,6227,41,,,2,100,,6228,41,,,2,98,,6229,41,,,2,100,,6230,41,,,2,104,,6215,41,,,2,95,,6218,41,,,2,99,,6214,41,,,2,102,,6219,41,,,2,101,,6221,41,,,2,100,,6224,41,,,2,102,,6217,41,,,2,100,,6222,41,,,2,98,,6220,41,,,2,101,,6223,41,,,2
2201,'SEM',638,,6250,41,,,2,73,,6249,41,,,2,29,,6232,41,,,2,94,,6236,41,,,2,80,,6238,41,,,2,34,,11268,41,,,2,98,,6237,41,,,2,100,,6244,41,,,2,100,,6239,41,,,2,100,,6231,41,,,2,95,,6234,41,,,2,107,,6235,41,,,2,102,,6246,41,,,2,100,,6241,41,,,2,100,,6242,41,,,2,96,,6248,41,,,2,100,,6240,41,,,2,100,,6243,41,,,2,100,,6247,41,,,2,101,,6245,41,,,2
5001,'DIM',546,,8425,48,,,1,100,,8438,48,,,1,101,,8432,48,,,1,101,,8437,48,,,1,101,,8440,48,,,1,66,,8431,48,,,1,32,,8433,48,,,1,68,,8444,48,,,1,39,,8436,48,,,1,68,,8434,48,,,1,37,,8443,48,,,1,64,,8430,48,,,1,35,,8435,48,,,1,62,,8419,48,,,1,33,,8421,48,,,1,71,,8418,48,,,1,34,,8441,48,,,1,66,,8439,48,,,1,76,,8426,48,,,1,41,,8442,48,,,1,61,,8428,48,,,1,57,,8429,48,,,1,141,,8420,48,,,1,59,,8423,48,,,1,100,,8422,48,,,1,99,,8424,48,,,1,100,,8427,48,,,1
5001,'SAM',546,,8452,48,,,1,100,,8445,48,,,1,101,,8462,48,,,1,103,,8466,48,,,1,102,,8458,48,,,1,63,,8468,48,,,1,35,,8471,48,,,1,68,,8460,48,,,1,36,,8467,48,,,1,66,,8469,48,,,1,34,,8461,48,,,1,68,,8463,48,,,1,34,,8470,48,,,1,71,,8448,48,,,1,32,,8464,48,,,1,63,,8447,48,,,1,32,,8465,48,,,1,70,,8453,48,,,1,76,,8455,48,,,1,41,,8446,48,,,1,61,,8454,48,,,1,100,,8456,48,,,1,98,,8449,48,,,1,100,,8450,48,,,1,100,,8457,48,,,1,58,,8451,48,,,1,100,,8459,48,,,1
5001,'SEM',542,,8497,48,,,1,99,,8499,48,,,1,82,,8481,48,,,1,20,,8503,48,,,1,77,,8474,48,,,1,28,,11291,48,,,1,67,,8478,48,,,1,30,,8500,48,,,1,69,,8501,48,,,1,30,,8484,48,,,1,70,,8479,48,,,1,30,,8477,48,,,1,71,,8502,48,,,1,31,,8498,48,,,1,70,,8473,48,,,1,30,,8488,48,,,1,70,,8475,48,,,1,31,,8472,48,,,1,90,,8480,48,,,1,67,,8485,48,,,1,30,,8482,48,,,1,70,,8476,48,,,1,30,,8491,48,,,1,69,,8486,48,,,1,30,,8489,48,,,1,25,,8487,48,,,1,79,,8493,48,,,1,104,,8495,48,,,1,104,,8490,48,,,1,104,,8492,48,,,1,101,,8494,48,,,1,104,,8496,48,,,1,91,,8504,38,,,1
5801,'DIM',546,,8918,56,,,2,101,,8910,56,,,2,91,,2987,56,,,2,103,,8908,56,,,2,100,,8909,56,,,2,99,,8914,56,,,2,100,,8911,56,,,2,101,,8907,56,,,2,100,,8912,56,,,2,100,,8916,56,,,2,98,,8913,56,,,2,109,,8917,56,,,2,94,,8901,56,,,2,102,,8915,56,,,2,97,,8906,56,,,2,100,,8903,56,,,2,99,,8905,56,,,2,100,,8902,56,,,2,98,,8900,56,,,2,109,,8904,56,,,2
5801,'SAM',551,,8935,56,,,2,96,,8931,56,,,2,94,,8933,56,,,2,100,,8936,56,,,2,100,,8921,56,,,2,99,,8923,56,,,2,103,,8934,56,,,2,98,,8926,56,,,2,105,,8932,56,,,2,94,,8919,56,,,2,111,,8920,56,,,2,99,,8938,56,,,2,100,,8937,56,,,2,88,,8928,56,,,2,107,,8925,56,,,2,96,,8922,56,,,2,99,,8924,56,,,2,100,,8929,56,,,2,98,,8930,56,,,2,109,,8927,56,,,2
5801,'SEM',535,,8943,56,,,2,69,,8965,56,,,2,43,,8963,56,,,2,72,,8967,38,,,2,10,,8939,56,,,2,89,,8940,56,,,2,83,,8949,56,,,2,100,,8948,56,,,2,100,,8962,56,,,2,100,,8944,56,,,2,100,,8964,56,,,2,100,,8946,56,,,2,42,,8945,56,,,2,87,,8966,56,,,2,71,,8952,56,,,2,32,,8950,56,,,2,20,,8947,56,,,2,59,,8942,56,,,2,20,,8953,56,,,2,20,,8957,56,,,2,55,,8941,56,,,2,24,,8960,56,,,2,19,,8954,56,,,2,69,,8951,56,,,2,99,,8959,56,,,2,100,,8955,56,,,2,100,,8958,56,,,2,105,,8956,56,,,2,99,,8961,56,,,2
22201,'DIM',1415,,10829,41,,,2,815,,10827,41,,,2,84,,10828,41,,,2
22201,'SAM',1416,,10834,41,,,2,814,,10833,41,,,2,82,,10832,41,,,2,102,,10830,41,,,2,112,,10831,41,,,2
22201,'SEM',719,,10836,41,,,2,10,,10835,41,,,2,682,,10840,41,,,2,106,,10841,41,,,2,101,,10839,41,,,2,102,,10838,41,,,2,90,,10837,41,,,2,621,,10842,41,,,2
32201,'DIM',527,,10973,42,,,2,798,,10975,41,,,2,802,,10974,41,,,2
32201,'SAM',527,,10976,42,,,2,798,,10977,41,,,2
32201,'SEM',528,,10978,42,,,2,18,,10979,42,,,2,69,,10980,42,,,2,711,,10982,41,,,2,798,,10981,41,,,2
