4603,'DIM',644,,8155,14,,,1,104,,8156,14,,,1,101,,8154,14,,,1,101,,8159,14,,,1,100,,8160,14,,,1,99,,8161,14,,,1,102,,8157,14,,,1,95,,8142,14,,,1,107,,8158,14,,,1,96,,8146,14,,,1,103,,8148,14,,,1,105,,8143,14,,,1,94,,8151,14,,,1,100,,8144,14,,,1,99,,8149,14,,,1,100,,8152,14,,,1,100,,8145,14,,,1,99,,8150,14,,,1,100,,8147,14,,,1,155,,8153,14,,,1
4603,'SAM',644,,8175,14,,,1,104,,8176,14,,,1,101,,8180,14,,,1,101,,8178,14,,,1,100,,8177,14,,,1,101,,8181,14,,,1,97,,8162,14,,,1,101,,8174,14,,,1,105,,8173,14,,,1,97,,8179,14,,,1,100,,8164,14,,,1,101,,8167,14,,,1,101,,8172,14,,,1,98,,8165,14,,,1,102,,8168,14,,,1,97,,8163,14,,,1,100,,8166,14,,,1,99,,8169,14,,,1,100,,8171,14,,,1,155,,8170,14,,,1
4603,'SEM',651,,8211,14,,,1,104,,8189,14,,,1,70,,8194,14,,,1,33,,8190,14,,,1,70,,8183,14,,,1,29,,8192,14,,,1,70,,8200,14,,,1,30,,8213,14,,,1,70,,8214,14,,,1,30,,8215,14,,,1,70,,8212,14,,,1,30,,8182,14,,,1,69,,8185,14,,,1,30,,8184,14,,,1,70,,8197,14,,,1,75,,8187,14,,,1,16,,8186,14,,,1,17,,8201,14,,,1,23,,8193,14,,,1,54,,8198,14,,,1,19,,8188,14,,,1,20,,8195,14,,,1,60,,8207,14,,,1,18,,8202,14,,,1,17,,8191,14,,,1,69,,8210,14,,,1,29,,8196,14,,,1,69,,8209,14,,,1,39,,8208,14,,,1,101,,8199,14,,,1,100,,8203,14,,,1,99,,8206,14,,,1,103,,8204,14,,,1,104,,8205,14,,,1
6001,'DIM',745,,9029,10,,,1,101,,9037,10,,,1,100,,9036,10,,,1,102,,9040,10,,,1,103,,9038,10,,,1,106,,9042,10,,,1,100,,9039,10,,,1,101,,9041,10,,,1,100,,9043,10,,,1,98,,9028,10,,,1,96,,9044,10,,,1,98,,9035,10,,,1,98,,9031,10,,,1,98,,9030,10,,,1,98,,9033,10,,,1,100,,9032,10,,,1,100,,9034,10,,,1
6001,'SAM',644,,9048,10,,,1,101,,9058,10,,,1,101,,9057,10,,,1,94,,9060,10,,,1,108,,9056,10,,,1,103,,9054,10,,,1,106,,9062,10,,,1,100,,9061,10,,,1,147,,9055,10,,,1,54,,9059,10,,,1,98,,9046,10,,,1,96,,9050,10,,,1,98,,9051,10,,,1,98,,9045,10,,,1,98,,9049,10,,,1,98,,9047,10,,,1,100,,9053,10,,,1,100,,9052,10,,,1
6001,'SEM',525,,9079,10,,,1,102,,9063,10,,,1,92,,9064,10,,,1,31,,9066,10,,,1,85,,9069,10,,,1,91,,9080,10,,,1,102,,9081,10,,,1,99,,9065,10,,,1,100,,9067,10,,,1,100,,9082,10,,,1,100,,9071,10,,,1,99,,9068,10,,,1,108,,9074,10,,,1,101,,9070,10,,,1,95,,9077,10,,,1,99,,9073,10,,,1,90,,9076,10,,,1,100,,9078,10,,,1,96,,9072,10,,,1,100,,9075,10,,,1
15103,'DIM',637,,10539,13,,,2,14,,10541,13,,,2,62,,10537,13,,,2,20,,10522,13,,,2,20,,10543,13,,,2,71,,10545,13,,,2,25,,10540,13,,,2,74,,10538,13,,,2,31,,10533,13,,,2,80,,10546,13,,,2,67,,10552,13,,,2,34,,10544,13,,,2,74,,10534,13,,,2,38,,10547,13,,,2,69,,10542,13,,,2,37,,10550,13,,,2,75,,10553,13,,,2,77,,10548,13,,,2,29,,10554,13,,,2,79,,10551,13,,,2,33,,10523,13,,,2,77,,10549,13,,,2,29,,10555,13,,,2,76,,10520,13,,,2,72,,10525,13,,,2,34,,10530,13,,,2,67,,10532,13,,,2,31,,10521,13,,,2,71,,10524,13,,,2,33,,10531,13,,,2,69,,10526,13,,,2,30,,10535,13,,,2,72,,10528,13,,,2,93,,10527,13,,,2,58,,10529,13,,,2,74,,10536,13,,,2
15103,'SAM',637,,10579,13,,,2,11,,10581,13,,,2,65,,10575,13,,,2,20,,10577,13,,,2,20,,10580,13,,,2,71,,10584,13,,,2,24,,10582,13,,,2,75,,10576,13,,,2,31,,10578,13,,,2,80,,10585,13,,,2,21,,10591,13,,,2,80,,10573,13,,,2,74,,10587,13,,,2,38,,10586,13,,,2,69,,10592,13,,,2,39,,10574,13,,,2,72,,10588,13,,,2,78,,10589,13,,,2,29,,10583,13,,,2,79,,10557,13,,,2,32,,10556,13,,,2,78,,10590,13,,,2,29,,10559,13,,,2,76,,10558,13,,,2,72,,10566,13,,,2,34,,10564,13,,,2,67,,10568,13,,,2,34,,10571,13,,,2,68,,10567,13,,,2,33,,10565,13,,,2,69,,10560,13,,,2,30,,10572,13,,,2,72,,10562,13,,,2,96,,10561,13,,,2,55,,10563,13,,,2,74,,10570,13,,,2,93,,10569,13,,,2
15103,'SEM',604,,10643,13,,,2,20,,10593,13,,,2,20,,10641,13,,,2,10,,10638,13,,,2,55,,10646,13,,,2,26,,10647,13,,,2,20,,10598,13,,,2,54,,10597,13,,,2,26,,10639,13,,,2,24,,10611,13,,,2,61,,10607,13,,,2,18,,10651,13,,,2,18,,10594,13,,,2,61,,10601,13,,,2,29,,10609,13,,,2,61,,10612,13,,,2,19,,10606,13,,,2,18,,10640,13,,,2,57,,10633,13,,,2,22,,10644,13,,,2,31,,10642,13,,,2,60,,10645,13,,,2,19,,10648,13,,,2,20,,10649,13,,,2,63,,10596,13,,,2,22,,10603,13,,,2,19,,10599,13,,,2,61,,10650,13,,,2,18,,10652,13,,,2,18,,10616,13,,,2,48,,10621,13,,,2,10,,10595,13,,,2,7,,10605,13,,,2,13,,10604,13,,,2,8,,10602,13,,,2,4,,10619,13,,,2,14,,10610,13,,,2,48,,10613,13,,,2,6,,10627,13,,,2,14,,10600,13,,,2,16,,10625,13,,,2,12,,10608,13,,,2,53,,10614,13,,,2,17,,10617,13,,,2,19,,10637,13,,,2,69,,10622,13,,,2,30,,10624,13,,,2,69,,10615,13,,,2,26,,10632,13,,,2,75,,10631,13,,,2,30,,10636,13,,,2,73,,10618,13,,,2,30,,10620,13,,,2,66,,10623,13,,,2,33,,10626,13,,,2,69,,10628,13,,,2,37,,10630,13,,,2,76,,10629,13,,,2,80,,10635,13,,,2,26,,10634,13,,,2
25103,'SEM',1528,,10872,9,,,1,18,,10871,9,,,1,105,,10873,9,,,1
