2201,'DIM',641,,6206,32,,,2,100,,6207,32,,,2,104,,6204,32,,,2,100,,6211,32,,,2,100,,6202,32,,,2,101,,6209,32,,,2,99,,6205,32,,,2,103,,6210,32,,,2,95,,6208,32,,,2,97,,6213,32,,,2,104,,6199,32,,,2,103,,6212,32,,,2,98,,6203,32,,,2,101,,6201,32,,,2,100,,6198,32,,,2,100,,6200,32,,,2
2201,'SAM',642,,6225,32,,,2,101,,6216,32,,,2,100,,6226,32,,,2,103,,6227,32,,,2,100,,6228,32,,,2,98,,6229,32,,,2,100,,6230,32,,,2,104,,6215,32,,,2,95,,6218,32,,,2,99,,6214,32,,,2,102,,6219,32,,,2,101,,6221,32,,,2,100,,6224,32,,,2,102,,6217,32,,,2,100,,6222,32,,,2,98,,6220,32,,,2,101,,6223,32,,,2
2201,'SEM',634,,6250,32,,,2,72,,6249,32,,,2,28,,6232,32,,,2,95,,6236,32,,,2,80,,6238,32,,,2,35,,11268,32,,,2,98,,6237,32,,,2,100,,6244,32,,,2,100,,6239,32,,,2,100,,6231,32,,,2,95,,6234,32,,,2,106,,6235,32,,,2,102,,6246,32,,,2,100,,6241,32,,,2,100,,6242,32,,,2,97,,6248,32,,,2,100,,6240,32,,,2,100,,6243,32,,,2,100,,6247,32,,,2,101,,6245,32,,,2
4201,'DIM',533,,7552,52,,,2,103,,7578,52,,,2,70,,7581,52,,,2,30,,7584,52,,,2,70,,7553,52,,,2,33,,7589,52,,,2,71,,7586,52,,,2,30,,7593,52,,,2,73,,7585,52,,,2,21,,7580,52,,,2,20,,7577,52,,,2,62,,7590,52,,,2,20,,7596,52,,,2,23,,7579,52,,,2,58,,7594,52,,,2,22,,7550,52,,,2,20,,7598,52,,,2,58,,7582,52,,,2,22,,7583,52,,,2,19,,7587,52,,,2,61,,7555,52,,,2,20,,7591,52,,,2,15,,7556,52,,,2,64,,7592,52,,,2,21,,7597,52,,,2,19,,7559,52,,,2,61,,7588,52,,,2,17,,7562,52,,,2,22,,7563,52,,,2,61,,7565,52,,,2,15,,7566,52,,,2,18,,7569,52,,,2,52,,7570,52,,,2,14,,7595,52,,,2,16,,7551,52,,,2,72,,7574,52,,,2,30,,7557,52,,,2,69,,7560,52,,,2,28,,7554,52,,,2,69,,7567,52,,,2,32,,7571,52,,,2,68,,7558,52,,,2,30,,7561,52,,,2,70,,7564,52,,,2,30,,7568,52,,,2,73,,7575,52,,,2,28,,7572,52,,,2,74,,7573,52,,,2,35,,7576,52,,,2
4201,'SAM',530,,7639,52,,,2,106,,7625,52,,,2,74,,7609,52,,,2,32,,7640,52,,,2,66,,7629,52,,,2,30,,7631,52,,,2,73,,7635,52,,,2,29,,7626,52,,,2,73,,7642,52,,,2,21,,7624,52,,,2,20,,7647,52,,,2,60,,7633,52,,,2,21,,7617,52,,,2,24,,7643,52,,,2,56,,7627,52,,,2,22,,7648,52,,,2,22,,7628,52,,,2,56,,7630,52,,,2,24,,7619,52,,,2,20,,7634,52,,,2,59,,7645,52,,,2,23,,7632,52,,,2,13,,7636,52,,,2,63,,7602,52,,,2,21,,7644,52,,,2,20,,7641,52,,,2,62,,7610,52,,,2,18,,7637,52,,,2,21,,7612,52,,,2,62,,7638,52,,,2,14,,7646,52,,,2,15,,7615,52,,,2,56,,7616,52,,,2,12,,7599,52,,,2,16,,7600,52,,,2,69,,7603,52,,,2,28,,7605,52,,,2,74,,7607,52,,,2,28,,7608,52,,,2,69,,7601,52,,,2,31,,7604,52,,,2,24,,7606,52,,,2,74,,7611,52,,,2,69,,7613,52,,,2,33,,7614,52,,,2,77,,7621,52,,,2,23,,7623,52,,,2,75,,7618,52,,,2,31,,7620,52,,,2,71,,7622,52,,,2
4201,'SEM',639,,7711,38,,,2,13,,7654,52,,,2,51,,7717,38,,,2,12,,7662,52,,,2,8,,7701,52,,,2,6,,7671,52,,,2,11,,7718,38,,,2,8,,7705,52,,,2,54,,7707,52,,,2,17,,7710,52,,,2,15,,7651,52,,,2,17,,7659,52,,,2,64,,7655,52,,,2,16,,7664,52,,,2,69,,7699,52,,,2,9,,7706,52,,,2,25,,7697,52,,,2,16,,7652,52,,,2,64,,7702,52,,,2,21,,7703,52,,,2,14,,7698,52,,,2,66,,7704,52,,,2,20,,7700,52,,,2,20,,7708,52,,,2,60,,7653,52,,,2,15,,7670,52,,,2,20,,7668,52,,,2,55,,7650,52,,,2,16,,7661,52,,,2,15,,7672,52,,,2,17,,7669,52,,,2,56,,7667,52,,,2,14,,7657,52,,,2,15,,7666,52,,,2,2,,7676,52,,,2,7,,7709,52,,,2,8,,7679,52,,,2,48,,7683,52,,,2,8,,7686,52,,,2,9,,7689,52,,,2,6,,7658,52,,,2,9,,7712,38,,,2,5,,7649,52,,,2,7,,7713,38,,,2,7,,7663,52,,,2,50,,7681,52,,,2,8,,7656,52,,,2,10,,7692,52,,,2,10,,7660,52,,,2,10,,7665,52,,,2,10,,7685,52,,,2,49,,7673,52,,,2,10,,7682,52,,,2,11,,7687,52,,,2,7,,7677,52,,,2,13,,7680,52,,,2,15,,7691,52,,,2,54,,7684,52,,,2,30,,7696,52,,,2,71,,7694,52,,,2,30,,7674,52,,,2,70,,7675,52,,,2,39,,7678,52,,,2,69,,7688,52,,,2,33,,7714,38,,,2,68,,7690,52,,,2,30,,7715,38,,,2,72,,7693,52,,,2,30,,7716,38,,,2,90,,7695,52,,,2
5201,'DIM',717,,8602,9,,,2,100,,8603,9,,,2,100,,8604,9,,,2,102,,8606,9,,,2,100,,8607,9,,,2,102,,8609,9,,,2,100,,8601,9,,,2,101,,8591,9,,,2,100,,8608,9,,,2,100,,8605,9,,,2,100,,8596,9,,,2,100,,8598,9,,,2,99,,8600,9,,,2,99,,8592,9,,,2,100,,8594,9,,,2,99,,8593,9,,,2,99,,8595,9,,,2,100,,8597,9,,,2,98,,8599,9,,,2
5201,'SAM',719,,8624,9,,,2,100,,8626,9,,,2,98,,8627,9,,,2,102,,8622,9,,,2,102,,8625,9,,,2,102,,8623,9,,,2,100,,8610,9,,,2,100,,8628,9,,,2,99,,8611,9,,,2,101,,8612,9,,,2,100,,8616,9,,,2,99,,8619,9,,,2,101,,8621,9,,,2,99,,8614,9,,,2,100,,8618,9,,,2,97,,8615,9,,,2,99,,8613,9,,,2,100,,8617,9,,,2,98,,8620,9,,,2
5201,'SEM',623,,8645,9,,,2,105,,8647,9,,,2,99,,8632,9,,,2,97,,8636,9,,,2,99,,8644,9,,,2,100,,8646,9,,,2,101,,8629,9,,,2,100,,8630,9,,,2,101,,8631,9,,,2,98,,8633,9,,,2,101,,8637,9,,,2,95,,8638,9,,,2,101,,8639,9,,,2,104,,8641,9,,,2,99,,8643,9,,,2,100,,8635,9,,,2,91,,8634,9,,,2,98,,8642,9,,,2,119,,8640,9,,,2
5801,'DIM',542,,8918,47,,,2,101,,8910,47,,,2,91,,2987,47,,,2,102,,8908,47,,,2,100,,8909,47,,,2,99,,8914,47,,,2,100,,8911,47,,,2,101,,8907,47,,,2,100,,8912,47,,,2,100,,8916,47,,,2,98,,8913,47,,,2,109,,8917,47,,,2,94,,8901,47,,,2,102,,8915,47,,,2,97,,8906,47,,,2,100,,8903,47,,,2,99,,8905,47,,,2,100,,8902,47,,,2,99,,8900,47,,,2,109,,8904,47,,,2
5801,'SAM',547,,8935,47,,,2,96,,8931,47,,,2,94,,8933,47,,,2,99,,8936,47,,,2,100,,8921,47,,,2,99,,8923,47,,,2,103,,8934,47,,,2,98,,8926,47,,,2,105,,8932,47,,,2,94,,8919,47,,,2,111,,8920,47,,,2,99,,8938,47,,,2,100,,8937,47,,,2,88,,8928,47,,,2,107,,8925,47,,,2,96,,8922,47,,,2,99,,8924,47,,,2,100,,8929,47,,,2,99,,8930,47,,,2,109,,8927,47,,,2
5801,'SEM',530,,8943,47,,,2,29,,8965,47,,,2,83,,8963,47,,,2,71,,8967,29,,,2,10,,8939,47,,,2,90,,8940,47,,,2,43,,8949,47,,,2,100,,8948,47,,,2,100,,8962,47,,,2,100,,8944,47,,,2,100,,8964,47,,,2,100,,8946,47,,,2,82,,8945,47,,,2,87,,8966,47,,,2,31,,8952,47,,,2,72,,8950,47,,,2,20,,8947,47,,,2,59,,8942,47,,,2,20,,8953,47,,,2,20,,8957,47,,,2,55,,8941,47,,,2,24,,8960,47,,,2,19,,8954,47,,,2,69,,8951,47,,,2,99,,8959,47,,,2,100,,8955,47,,,2,101,,8958,47,,,2,105,,8956,47,,,2,99,,8961,47,,,2
22201,'DIM',1411,,10829,32,,,2,815,,10827,32,,,2,84,,10828,32,,,2
22201,'SAM',1412,,10834,32,,,2,814,,10833,32,,,2,82,,10832,32,,,2,102,,10830,32,,,2,112,,10831,32,,,2
22201,'SEM',714,,10836,32,,,2,10,,10835,32,,,2,683,,10840,32,,,2,105,,10841,32,,,2,101,,10839,32,,,2,102,,10838,32,,,2,90,,10837,32,,,2,622,,10842,32,,,2
25201,'SEM',1549,,10880,9,,,2,101,,10881,9,,,2,98,,10883,9,,,2,100,,10882,9,,,2
32201,'DIM',523,,10973,33,,,2,798,,10975,32,,,2,802,,10974,32,,,2
32201,'SAM',523,,10976,33,,,2,798,,10977,32,,,2
32201,'SEM',524,,10978,33,,,2,18,,10979,33,,,2,69,,10980,33,,,2,711,,10982,32,,,2,798,,10981,32,,,2
