1602,'SEM',645,,5960,2,,,1,67,,5956,2,,,1,36,,5958,2,,,1,64,,5961,2,,,1,34,,5959,2,,,1,68,,5957,2,,,1
3904,'DIM',851,,1465,63,,,1,101,,7336,63,,,1,95,,7342,63,,,1,54,,7340,63,,,1,35,,7344,63,,,1,68,,7349,63,,,1,34,,7337,63,,,1,71,,7348,63,,,1,31,,7335,63,,,1,69,,7330,63,,,1,36,,7339,63,,,1,65,,7338,63,,,1,28,,7343,63,,,1,67,,7346,63,,,1,35,,7345,63,,,1,70,,7332,63,,,1,29,,7341,63,,,1,70,,7347,63,,,1,39,,7333,63,,,1,85,,7328,63,,,1,99,,7331,63,,,1,97,,7334,63,,,1,99,,7329,63,,,1
3904,'SAM',851,,7364,63,,,1,103,,7363,63,,,1,93,,7365,63,,,1,54,,7369,63,,,1,37,,7366,63,,,1,70,,7361,63,,,1,30,,7368,63,,,1,71,,7370,63,,,1,30,,7360,63,,,1,70,,7359,63,,,1,35,,7362,63,,,1,69,,7350,63,,,1,29,,7351,63,,,1,65,,7367,63,,,1,33,,7354,63,,,1,70,,7371,63,,,1,29,,7355,63,,,1,70,,7357,63,,,1,39,,7352,63,,,1,85,,7356,63,,,1,99,,7358,63,,,1,97,,7353,63,,,1,99,,1475,63,,,1
3904,'SEM',641,,7394,63,,,1,85,,7375,63,,,1,13,,7382,63,,,1,11,,7384,63,,,1,72,,7376,63,,,1,28,,7374,63,,,1,75,,11141,63,,,1,25,,7383,63,,,1,70,,7397,63,,,1,29,,7381,63,,,1,70,,7393,63,,,1,30,,7391,63,,,1,70,,7373,63,,,1,30,,7396,63,,,1,71,,7392,63,,,1,30,,7395,63,,,1,75,,11190,63,,,1,30,,7378,63,,,1,71,,7372,63,,,1,33,,7377,63,,,1,146,,7386,63,,,1,105,,7379,63,,,1,101,,7390,63,,,1,99,,7388,63,,,1,99,,7389,63,,,1,99,,7387,63,,,1
4002,'DIM',755,,7475,2,,,1,101,,7487,2,,,1,100,,7490,2,,,1,100,,7489,2,,,1,100,,7485,2,,,1,100,,7477,2,,,1,100,,7474,2,,,1,100,,7476,2,,,1,102,,7486,2,,,1,100,,7478,2,,,1,98,,7488,2,,,1,100,,7481,2,,,1,100,,7482,2,,,1,100,,7479,2,,,1,99,,7484,2,,,1,100,,7483,2,,,1,94,,7480,2,,,1
4002,'SAM',655,,7505,2,,,1,100,,7502,2,,,1,101,,7503,2,,,1,100,,7507,2,,,1,100,,7491,2,,,1,98,,7501,2,,,1,98,,7504,2,,,1,104,,7492,2,,,1,101,,7506,2,,,1,99,,7496,2,,,1,100,,7508,2,,,1,100,,7498,2,,,1,100,,7497,2,,,1,100,,7494,2,,,1,100,,7495,2,,,1,99,,7499,2,,,1,100,,7493,2,,,1,94,,7500,2,,,1
4002,'SEM',628,,7528,2,,,1,73,,7536,2,,,1,11,,7543,2,,,1,24,,7510,2,,,1,20,,7519,2,,,1,65,,7512,2,,,1,16,,7513,2,,,1,19,,7520,2,,,1,65,,11281,2,,,1,30,,7511,2,,,1,70,,7518,2,,,1,30,,7515,2,,,1,70,,7517,2,,,1,30,,7516,2,,,1,70,,7541,2,,,1,30,,11280,2,,,1,70,,7542,2,,,1,37,,7509,2,,,1,70,,7514,2,,,1,20,,7522,2,,,1,65,,7521,2,,,1,25,,7523,2,,,1,65,,7529,2,,,1,24,,7532,2,,,1,31,,7535,2,,,1,70,,7527,2,,,1,30,,7539,2,,,1,70,,7531,2,,,1,31,,7533,2,,,1,70,,7538,2,,,1,99,,7524,2,,,1,100,,7525,2,,,1,99,,7530,2,,,1,100,,7537,2,,,1,100,,7534,2,,,1
4202,'DIM',520,,7724,94,,,2,80,,7761,94,,,2,28,,7734,94,,,2,31,,7721,94,,,2,70,,7745,94,,,2,30,,7743,94,,,2,73,,7748,94,,,2,71,,7751,94,,,2,32,,7722,94,,,2,74,,7756,94,,,2,31,,7753,94,,,2,70,,7759,94,,,2,15,,7746,94,,,2,19,,7752,94,,,2,62,,7747,94,,,2,20,,7742,94,,,2,21,,1847,94,,,2,61,,7762,94,,,2,22,,7744,94,,,2,18,,7760,94,,,2,63,,7719,94,,,2,20,,7764,94,,,2,18,,7749,94,,,2,62,,7750,94,,,2,19,,7754,94,,,2,21,,7725,94,,,2,60,,7757,94,,,2,17,,7726,94,,,2,23,,7758,94,,,2,60,,7763,94,,,2,19,,7729,94,,,2,25,,7755,94,,,2,74,,7732,94,,,2,74,,7735,94,,,2,29,,7738,94,,,2,69,,7720,94,,,2,32,,7740,94,,,2,70,,7727,94,,,2,28,,7730,94,,,2,27,,7723,94,,,2,68,,7736,94,,,2,31,,7739,94,,,2,67,,7728,94,,,2,30,,7731,94,,,2,68,,7733,94,,,2,29,,7737,94,,,2,79,,7741,94,,,2
4202,'SAM',520,,7767,94,,,2,81,,7765,94,,,2,27,,7781,94,,,2,24,,7803,94,,,2,83,,7794,94,,,2,66,,7788,94,,,2,35,,7776,94,,,2,73,,7804,94,,,2,28,,7792,94,,,2,71,,7795,94,,,2,34,,7799,94,,,2,68,,7789,94,,,2,14,,7811,94,,,2,22,,7806,94,,,2,60,,7787,94,,,2,20,,7810,94,,,2,19,,7797,94,,,2,61,,7783,94,,,2,24,,7807,94,,,2,16,,7790,94,,,2,63,,7812,94,,,2,22,,7791,94,,,2,16,,7793,94,,,2,64,,7784,94,,,2,20,,7798,94,,,2,19,,7809,94,,,2,63,,7796,94,,,2,15,,7800,94,,,2,22,,7769,94,,,2,60,,7808,94,,,2,20,,7805,94,,,2,25,,7777,94,,,2,74,,7801,94,,,2,74,,7802,94,,,2,31,,7782,94,,,2,67,,7766,94,,,2,29,,7770,94,,,2,28,,7772,94,,,2,73,,7774,94,,,2,26,,7775,94,,,2,69,,7768,94,,,2,31,,7771,94,,,2,63,,7773,94,,,2,33,,7778,94,,,2,68,,7779,94,,,2,31,,7780,94,,,2,78,,7785,94,,,2,70,,7786,94,,,2
4202,'SEM',520,,7837,94,,,2,105,,7861,94,,,2,23,,7867,94,,,2,53,,7871,94,,,2,9,,7875,94,,,2,7,,7877,94,,,2,8,,7814,94,,,2,7,,7817,94,,,2,3,,7879,36,,,2,3,,7820,94,,,2,2,,7878,36,,,2,2,,7822,94,,,2,6,,7824,94,,,2,6,,7828,94,,,2,49,,7858,94,,,2,14,,7865,94,,,2,11,,7818,94,,,2,9,,7869,94,,,2,12,,7827,94,,,2,10,,7862,94,,,2,53,,7874,94,,,2,9,,7868,94,,,2,11,,7872,94,,,2,17,,7876,94,,,2,58,,7839,94,,,2,15,,7825,94,,,2,24,,7819,94,,,2,56,,7830,94,,,2,29,,7860,94,,,2,10,,7870,94,,,2,65,,7838,94,,,2,16,,7816,94,,,2,24,,7863,94,,,2,61,,7864,94,,,2,14,,7859,94,,,2,27,,7866,94,,,2,60,,7821,94,,,2,20,,7873,94,,,2,22,,7815,94,,,2,56,,7834,94,,,2,20,,7832,94,,,2,19,,7813,94,,,2,13,,7826,94,,,2,57,,7835,94,,,2,16,,7833,94,,,2,15,,7831,94,,,2,55,,7823,94,,,2,17,,7842,94,,,2,15,,7844,94,,,2,12,,7846,94,,,2,55,,7849,94,,,2,15,,7829,94,,,2,14,,7836,94,,,2,15,,7845,94,,,2,13,,7854,94,,,2,69,,7856,94,,,2,27,,7847,94,,,2,76,,7853,94,,,2,79,,7857,94,,,2,29,,7855,94,,,2,70,,7840,94,,,2,30,,7841,94,,,2,75,,7843,94,,,2,27,,7848,94,,,2,73,,7850,94,,,2,27,,7852,94,,,2,70,,7851,94,,,2
5002,'DIM',629,,8511,46,,,1,100,,8523,46,,,1,101,,8518,46,,,1,101,,8524,46,,,1,102,,8527,46,,,1,24,,8517,46,,,1,72,,8519,46,,,1,28,,8530,46,,,1,79,,8522,46,,,1,68,,8520,46,,,1,38,,8529,46,,,1,64,,8516,46,,,1,36,,8521,46,,,1,61,,8525,46,,,1,34,,8507,46,,,1,71,,8505,46,,,1,34,,8528,46,,,1,66,,8526,46,,,1,35,,8512,46,,,1,101,,8514,46,,,1,98,,8515,46,,,1,99,,8506,46,,,1,100,,8509,46,,,1,100,,8508,46,,,1,96,,8510,46,,,1,100,,8513,46,,,1
5002,'SAM',624,,8536,46,,,1,105,,8544,46,,,1,101,,8547,46,,,1,101,,8551,46,,,1,103,,8542,46,,,1,23,,8553,46,,,1,76,,8556,46,,,1,67,,8545,46,,,1,36,,8552,46,,,1,66,,8554,46,,,1,35,,8546,46,,,1,68,,8548,46,,,1,35,,8555,46,,,1,71,,8532,46,,,1,32,,8549,46,,,1,63,,8531,46,,,1,32,,8550,46,,,1,70,,8537,46,,,1,35,,8539,46,,,1,101,,8538,46,,,1,98,,8540,46,,,1,99,,8533,46,,,1,100,,8534,46,,,1,99,,8541,46,,,1,97,,8535,46,,,1,100,,8543,46,,,1
5002,'SEM',519,,8563,46,,,1,36,,8586,46,,,1,69,,2661,46,,,1,31,,8559,46,,,1,73,,8587,46,,,1,16,,8571,46,,,1,72,,8558,46,,,1,17,,8568,46,,,1,72,,8557,46,,,1,29,,11292,46,,,1,66,,8565,46,,,1,30,,8588,46,,,1,70,,8589,46,,,1,30,,8573,46,,,1,70,,8566,46,,,1,30,,8564,46,,,1,70,,8590,46,,,1,31,,8585,46,,,1,70,,8560,46,,,1,30,,8576,46,,,1,80,,8561,46,,,1,41,,8577,46,,,1,75,,8569,46,,,1,27,,8574,46,,,1,67,,8570,46,,,1,30,,8562,46,,,1,68,,8567,46,,,1,28,,8575,46,,,1,70,,8582,46,,,1,104,,8580,46,,,1,105,,8583,46,,,1,100,,8578,46,,,1,111,,8579,46,,,1,99,,8581,46,,,1,96,,8584,46,,,1
6002,'DIM',706,,9084,25,,,1,100,,9093,25,,,1,100,,9092,25,,,1,101,,9096,25,,,1,100,,9094,25,,,1,102,,9098,25,,,1,100,,9095,25,,,1,100,,9097,25,,,1,100,,9099,25,,,1,99,,9083,25,,,1,99,,9100,25,,,1,100,,9090,25,,,1,99,,9086,25,,,1,101,,9085,25,,,1,100,,9088,25,,,1,100,,9087,25,,,1,100,,9089,25,,,1,98,,9091,25,,,1
6002,'SAM',706,,9114,25,,,1,100,,9113,25,,,1,94,,9116,25,,,1,107,,9112,25,,,1,100,,9110,25,,,1,102,,9118,25,,,1,100,,9117,25,,,1,97,,9111,25,,,1,103,,9115,25,,,1,99,,9102,25,,,1,99,,9106,25,,,1,100,,9107,25,,,1,99,,9101,25,,,1,101,,9105,25,,,1,100,,9103,25,,,1,100,,9109,25,,,1,100,,9108,25,,,1,98,,9104,25,,,1
6002,'SEM',642,,9119,25,,,1,159,,9135,25,,,1,42,,9134,25,,,1,102,,11298,25,,,1,96,,9121,25,,,1,100,,9123,25,,,1,100,,9137,25,,,1,100,,9136,25,,,1,97,,9124,25,,,1,104,,9120,25,,,1,102,,9125,25,,,1,98,,9131,25,,,1,99,,9127,25,,,1,98,,9130,25,,,1,99,,9133,25,,,1,99,,9126,25,,,1,100,,9129,25,,,1,89,,9128,25,,,1,100,,9132,25,,,1
6103,'DIM',735,,9151,2,,,2,100,,9152,2,,,2,99,,3228,2,,,2,101,,9149,2,,,2,100,,9153,2,,,2,105,,9150,2,,,2,97,,9148,2,,,2,103,,9140,2,,,2,101,,9143,2,,,2,100,,9142,2,,,2,100,,9144,2,,,2,94,,9154,2,,,2,100,,9145,2,,,2,100,,9138,2,,,2,100,,9139,2,,,2,100,,9141,2,,,2,100,,9147,2,,,2,100,,9146,2,,,2
6103,'SAM',735,,9163,2,,,2,100,,9170,2,,,2,97,,9172,2,,,2,103,,9167,2,,,2,106,,9171,2,,,2,99,,9155,2,,,2,100,,9168,2,,,2,95,,9157,2,,,2,103,,9169,2,,,2,101,,9161,2,,,2,101,,9156,2,,,2,95,,9165,2,,,2,100,,9158,2,,,2,100,,9164,2,,,2,100,,9159,2,,,2,100,,9162,2,,,2,100,,9160,2,,,2,103,,9166,2,,,2
6103,'SEM',600,,9195,2,,,2,57,,9180,2,,,2,143,,9176,2,,,2,100,,9179,2,,,2,100,,9177,2,,,2,100,,9196,2,,,2,100,,9197,2,,,2,100,,9174,2,,,2,100,,9175,2,,,2,31,,9173,2,,,2,85,,9184,2,,,2,11,,9185,2,,,2,32,,9188,2,,,2,67,,9190,2,,,2,29,,9178,2,,,2,71,,9186,2,,,2,30,,9194,2,,,2,71,,9181,2,,,2,28,,9182,2,,,2,75,,9191,2,,,2,87,,9192,2,,,2,93,,9183,2,,,2,100,,9189,2,,,2,99,,9187,2,,,2,108,,9193,2,,,2
6303,'DIM',745,,9273,25,,,1,100,,9267,25,,,1,103,,9269,25,,,1,94,,9268,25,,,1,106,,9274,25,,,1,95,,9270,25,,,1,103,,9272,25,,,1,103,,9271,25,,,1,98,,9275,25,,,1,102,,9258,25,,,1,105,,9276,25,,,1,93,,9259,25,,,1,99,,9260,25,,,1,100,,9263,25,,,1,100,,9261,25,,,1,100,,9264,25,,,1,99,,9262,25,,,1,100,,9265,25,,,1,99,,9266,25,,,1
6303,'SAM',644,,9289,25,,,1,101,,9283,25,,,1,100,,9292,25,,,1,103,,9291,25,,,1,102,,9293,25,,,1,98,,9295,25,,,1,96,,9290,25,,,1,104,,9296,25,,,1,105,,9279,25,,,1,95,,9294,25,,,1,101,,9277,25,,,1,100,,9280,25,,,1,104,,9278,25,,,1,93,,9281,25,,,1,100,,9284,25,,,1,100,,9282,25,,,1,100,,9285,25,,,1,99,,9286,25,,,1,100,,9288,25,,,1,99,,9287,25,,,1
6303,'SEM',604,,9323,25,,,1,19,,9330,25,,,1,19,,9328,25,,,1,78,,9329,25,,,1,16,,9297,25,,,1,69,,9308,25,,,1,24,,9310,25,,,1,75,,9312,25,,,1,33,,9299,25,,,1,64,,9298,25,,,1,30,,9331,25,,,1,70,,9303,25,,,1,31,,9304,25,,,1,70,,9309,25,,,1,30,,9332,25,,,1,70,,9300,25,,,1,31,,9301,25,,,1,69,,9302,25,,,1,31,,9305,25,,,1,74,,9306,25,,,1,22,,9314,25,,,1,75,,11300,25,,,1,15,,9318,25,,,1,30,,9321,25,,,1,71,,9307,25,,,1,24,,9313,25,,,1,65,,9317,25,,,1,50,,9320,25,,,1,82,,9322,25,,,1,95,,9315,25,,,1,99,,9316,25,,,1,85,,9319,25,,,1,104,,9324,25,,,1,99,,9326,25,,,1,105,,9325,25,,,1,91,,9327,25,,,1
6503,'DIM',712,,9418,2,,,2,100,,9421,2,,,2,100,,9422,2,,,2,96,,9417,2,,,2,104,,9423,2,,,2,102,,9405,2,,,2,99,,9420,2,,,2,94,,9406,2,,,2,107,,9419,2,,,2,98,,9407,2,,,2,102,,9413,2,,,2,102,,9411,2,,,2,96,,9408,2,,,2,100,,9410,2,,,2,100,,9409,2,,,2,100,,9412,2,,,2,100,,9414,2,,,2,100,,9415,2,,,2,100,,9416,2,,,2
6503,'SAM',712,,9435,2,,,2,100,,9436,2,,,2,100,,9441,2,,,2,97,,9439,2,,,2,104,,9443,2,,,2,101,,9438,2,,,2,99,,9437,2,,,2,100,,9424,2,,,2,101,,9442,2,,,2,102,,9440,2,,,2,95,,9444,2,,,2,101,,9430,2,,,2,101,,9426,2,,,2,99,,9433,2,,,2,100,,9425,2,,,2,100,,9427,2,,,2,100,,9432,2,,,2,100,,9428,2,,,2,100,,9429,2,,,2,45,,9431,2,,,2,80,,9434,2,,,2
6503,'SEM',559,,9475,2,,,2,63,,11301,2,,,2,29,,9489,2,,,2,62,,9446,2,,,2,21,,9449,2,,,2,81,,9481,2,,,2,30,,9453,2,,,2,73,,9486,2,,,2,30,,9450,2,,,2,70,,9485,2,,,2,26,,9484,2,,,2,70,,9468,2,,,2,30,,9483,2,,,2,70,,9445,2,,,2,30,,9487,2,,,2,70,,9454,2,,,2,30,,9455,2,,,2,70,,9457,2,,,2,31,,9463,2,,,2,65,,9464,2,,,2,15,,9466,2,,,2,15,,9448,2,,,2,15,,9474,2,,,2,52,,9461,2,,,2,11,,9488,2,,,2,14,,9451,2,,,2,11,,9456,2,,,2,10,,9452,2,,,2,55,,9447,2,,,2,16,,11302,2,,,2,15,,9470,2,,,2,15,,9480,2,,,2,56,,9479,2,,,2,15,,9459,2,,,2,15,,9465,2,,,2,60,,9472,2,,,2,15,,9469,2,,,2,30,,9458,2,,,2,70,,9460,2,,,2,30,,9462,2,,,2,70,,9478,2,,,2,24,,9473,2,,,2,106,,9471,2,,,2,100,,9477,2,,,2,101,,9476,2,,,2
7001,'DIM',652,,9696,2,,,1,100,,9699,2,,,1,101,,9698,2,,,1,100,,9702,2,,,1,65,,9703,2,,,1,30,,9705,2,,,1,64,,9700,2,,,1,41,,9704,2,,,1,60,,9701,2,,,1,37,,9707,2,,,1,71,,9706,2,,,1,32,,9683,2,,,1,61,,9697,2,,,1,38,,9682,2,,,1,60,,9687,2,,,1,34,,9684,2,,,1,76,,9689,2,,,1,33,,9686,2,,,1,75,,9688,2,,,1,70,,9693,2,,,1,54,,9691,2,,,1,100,,9690,2,,,1,100,,9685,2,,,1,101,,9694,2,,,1,98,,9695,2,,,1,99,,9692,2,,,1
7001,'SAM',652,,9728,2,,,1,100,,9726,2,,,1,101,,9731,2,,,1,100,,9727,2,,,1,66,,9733,2,,,1,27,,9732,2,,,1,67,,9730,2,,,1,40,,9708,2,,,1,64,,9709,2,,,1,32,,9729,2,,,1,67,,9711,2,,,1,33,,9725,2,,,1,64,,9710,2,,,1,39,,9713,2,,,1,69,,9714,2,,,1,27,,9717,2,,,1,72,,9712,2,,,1,35,,9718,2,,,1,75,,9719,2,,,1,70,,9722,2,,,1,54,,9721,2,,,1,100,,9723,2,,,1,100,,9720,2,,,1,101,,9716,2,,,1,99,,9715,2,,,1,98,,9724,2,,,1
7001,'SEM',511,,9735,2,,,1,16,,9769,2,,,1,26,,9739,2,,,1,54,,9768,2,,,1,25,,9748,2,,,1,69,,9767,2,,,1,37,,9738,2,,,1,15,,9743,2,,,1,73,,9734,2,,,1,28,,9744,2,,,1,67,,9745,2,,,1,35,,9740,2,,,1,67,,9765,2,,,1,30,,9766,2,,,1,71,,9754,2,,,1,29,,9737,2,,,1,71,,9736,2,,,1,30,,9741,2,,,1,72,,9746,2,,,1,28,,9747,2,,,1,74,,9749,2,,,1,29,,9751,2,,,1,66,,9755,2,,,1,24,,9757,2,,,1,79,,9742,2,,,1,30,,9760,2,,,1,73,,9761,2,,,1,28,,9756,2,,,1,82,,9752,2,,,1,77,,9750,2,,,1,43,,9759,2,,,1,141,,9753,2,,,1,104,,9758,2,,,1,105,,9763,2,,,1,93,,9762,2,,,1,135,,9764,2,,,1
7602,'DIM',604,,10243,2,,,2,97,,10258,2,,,2,100,,10250,2,,,2,100,,10261,2,,,2,30,,10265,2,,,2,70,,10259,2,,,2,29,,10263,2,,,2,70,,10246,2,,,2,31,,10251,2,,,2,70,,10248,2,,,2,31,,10262,2,,,2,70,,10239,2,,,2,30,,10252,2,,,2,69,,10257,2,,,2,30,,10244,2,,,2,71,,4282,2,,,2,30,,10264,2,,,2,70,,10266,2,,,2,30,,10245,2,,,2,75,,10260,2,,,2,25,,10249,2,,,2,70,,10241,2,,,2,99,,10240,2,,,2,100,,10242,2,,,2,100,,10255,2,,,2,100,,10247,2,,,2,101,,10253,2,,,2,100,,10254,2,,,2,100,,10256,2,,,2
7602,'SAM',604,,10286,2,,,2,98,,10283,2,,,2,98,,10291,2,,,2,101,,10284,2,,,2,30,,10277,2,,,2,70,,10288,2,,,2,29,,10293,2,,,2,28,,10292,2,,,2,73,,10285,2,,,2,25,,10270,2,,,2,76,,10281,2,,,2,70,,10289,2,,,2,30,,10290,2,,,2,69,,10295,2,,,2,31,,10282,2,,,2,68,,10287,2,,,2,32,,10267,2,,,2,70,,10294,2,,,2,30,,10296,2,,,2,70,,10272,2,,,2,25,,10271,2,,,2,32,,10275,2,,,2,142,,10279,2,,,2,101,,10276,2,,,2,102,,10268,2,,,2,100,,10269,2,,,2,103,,10273,2,,,2,95,,10278,2,,,2,57,,10274,2,,,2,144,,10280,2,,,2
7602,'SEM',552,,10318,2,,,2,61,,10330,2,,,2,12,,10332,2,,,2,10,,10334,2,,,2,13,,10331,2,,,2,62,,10313,2,,,2,25,,10305,2,,,2,65,,10310,2,,,2,19,,10297,2,,,2,20,,10300,2,,,2,67,,10307,2,,,2,30,,11306,2,,,2,71,,10312,2,,,2,29,,10337,2,,,2,70,,10329,2,,,2,30,,10335,2,,,2,68,,11307,2,,,2,29,,10303,2,,,2,76,,10311,2,,,2,25,,10299,2,,,2,20,,10309,2,,,2,67,,10306,2,,,2,30,,10316,2,,,2,61,,10320,2,,,2,18,,10301,2,,,2,20,,10308,2,,,2,60,,10302,2,,,2,20,,10298,2,,,2,19,,10304,2,,,2,62,,10317,2,,,2,20,,10323,2,,,2,20,,10322,2,,,2,60,,10319,2,,,2,19,,10314,2,,,2,73,,10325,2,,,2,30,,10324,2,,,2,100,,10315,2,,,2,100,,10321,2,,,2,100,,10327,2,,,2,99,,10328,2,,,2,114,,10326,2,,,2
