1704,'DIM',500,,6036,20,,,1,50,,6039,20,,,1,105,,6042,20,,,1,96,,6035,20,,,1,99,,6029,20,,,1,100,,6034,20,,,1,100,,6037,20,,,1,100,,6041,20,,,1,103,,6038,20,,,1,100,,6043,20,,,1,102,,6045,20,,,1,99,,6033,20,,,1,101,,6040,20,,,1,101,,6025,20,,,1,98,,6044,20,,,1,99,,6028,20,,,1,99,,6026,20,,,1,102,,6027,20,,,1,99,,6030,20,,,1,99,,6032,20,,,1,96,,6031,20,,,1
1704,'SAM',501,,6057,20,,,1,49,,6054,20,,,1,105,,6049,20,,,1,96,,6056,20,,,1,99,,6062,20,,,1,101,,6059,20,,,1,99,,6060,20,,,1,100,,6058,20,,,1,102,,6064,20,,,1,100,,6055,20,,,1,101,,6061,20,,,1,101,,6065,20,,,1,102,,6063,20,,,1,100,,6066,20,,,1,98,,6046,20,,,1,99,,6047,20,,,1,99,,6048,20,,,1,102,,6053,20,,,1,99,,6051,20,,,1,99,,6052,20,,,1,96,,6050,20,,,1
1704,'SEM',511,,6078,20,,,1,102,,6088,20,,,1,20,,6068,20,,,1,20,,6072,20,,,1,56,,6074,20,,,1,25,,6089,20,,,1,73,,6067,20,,,1,102,,6071,20,,,1,45,,6076,20,,,1,99,,6070,20,,,1,101,,6079,20,,,1,100,,6075,20,,,1,100,,6069,20,,,1,101,,6073,20,,,1,103,,6077,20,,,1,98,,6084,20,,,1,102,,6082,20,,,1,99,,6080,20,,,1,99,,6086,20,,,1,100,,6081,20,,,1,99,,6083,20,,,1,101,,6087,20,,,1,99,,6085,20,,,1
3104,'DIM',620,,1107,30,,,1,101,,6985,30,,,1,100,,6984,30,,,1,100,,6989,30,,,1,102,,6992,30,,,1,100,,6993,30,,,1,101,,6990,30,,,1,101,,6986,30,,,1,102,,6988,30,,,1,102,,6976,30,,,1,96,,6987,30,,,1,101,,6991,30,,,1,98,,6979,30,,,1,100,,6978,30,,,1,99,,6980,30,,,1,101,,6977,30,,,1,100,,6983,30,,,1,98,,6982,30,,,1,101,,6981,30,,,1
3104,'SAM',519,,7010,30,,,1,99,,7004,30,,,1,103,,7006,30,,,1,101,,7009,30,,,1,99,,7007,30,,,1,101,,7011,30,,,1,99,,7013,30,,,1,101,,6994,30,,,1,103,,7003,30,,,1,101,,7008,30,,,1,101,,7005,30,,,1,102,,7012,30,,,1,97,,6997,30,,,1,100,,6998,30,,,1,98,,7000,30,,,1,99,,6995,30,,,1,101,,7001,30,,,1,100,,7002,30,,,1,98,,6996,30,,,1,101,,6999,30,,,1
3104,'SEM',450,,7030,30,,,1,70,,1143,30,,,1,84,,7031,30,,,1,21,,7033,30,,,1,23,,7016,30,,,1,73,,7018,30,,,1,32,,7029,30,,,1,70,,7015,30,,,1,30,,7017,30,,,1,71,,7034,30,,,1,100,,7036,30,,,1,100,,7035,30,,,1,100,,7014,30,,,1,100,,7032,30,,,1,100,,7019,30,,,1,103,,7020,30,,,1,102,,7023,30,,,1,101,,7021,30,,,1,98,,7028,30,,,1,98,,7025,30,,,1,101,,7026,30,,,1,101,,7022,30,,,1,99,,7024,30,,,1,106,,7027,30,,,1
3904,'DIM',822,,1465,20,,,1,99,,7336,20,,,1,95,,7342,20,,,1,14,,7340,20,,,1,74,,7344,20,,,1,28,,7349,20,,,1,74,,7337,20,,,1,30,,7348,20,,,1,71,,7335,20,,,1,29,,7330,20,,,1,76,,7339,20,,,1,25,,7338,20,,,1,68,,7343,20,,,1,27,,7346,20,,,1,77,,7345,20,,,1,30,,7332,20,,,1,70,,7341,20,,,1,30,,7347,20,,,1,79,,7333,20,,,1,85,,7328,20,,,1,100,,7331,20,,,1,97,,7334,20,,,1,100,,7329,20,,,1
3904,'SAM',822,,7364,20,,,1,101,,7363,20,,,1,93,,7365,20,,,1,14,,7369,20,,,1,76,,7366,20,,,1,30,,7361,20,,,1,70,,7368,20,,,1,30,,7370,20,,,1,70,,7360,20,,,1,30,,7359,20,,,1,75,,7362,20,,,1,29,,7350,20,,,1,69,,7351,20,,,1,25,,7367,20,,,1,75,,7354,20,,,1,30,,7371,20,,,1,70,,7355,20,,,1,30,,7357,20,,,1,79,,7352,20,,,1,85,,7356,20,,,1,100,,7358,20,,,1,97,,7353,20,,,1,100,,1475,20,,,1
3904,'SEM',610,,7394,20,,,1,40,,7375,20,,,1,52,,7382,20,,,1,10,,7384,20,,,1,33,,7376,20,,,1,69,,7374,20,,,1,35,,7385,20,,,1,67,,7383,20,,,1,30,,7397,20,,,1,69,,7381,20,,,1,30,,7393,20,,,1,70,,7391,20,,,1,30,,7373,20,,,1,70,,7396,20,,,1,30,,7392,20,,,1,70,,7395,20,,,1,35,,7380,20,,,1,70,,7378,20,,,1,30,,7372,20,,,1,73,,7377,20,,,1,105,,7386,20,,,1,107,,7379,20,,,1,105,,7390,20,,,1,101,,7388,20,,,1,99,,7389,20,,,1,99,,7387,20,,,1
7304,'DIM',535,,4008,48,,,1,70,,3997,48,,,1,101,,9957,48,,,1,100,,9963,48,,,1,100,,9958,48,,,1,101,,9960,48,,,1,101,,9956,48,,,1,100,,9959,48,,,1,101,,9961,48,,,1,101,,9950,48,,,1,101,,9955,48,,,1,101,,9962,48,,,1,100,,9964,48,,,1,99,,9948,48,,,1,98,,9949,48,,,1,100,,9946,48,,,1,100,,9951,48,,,1,99,,9953,48,,,1,99,,9947,48,,,1,101,,9952,48,,,1,99,,9954,48,,,1
7304,'SAM',535,,9987,48,,,1,70,,9975,48,,,1,103,,9979,48,,,1,98,,9967,48,,,1,100,,9983,48,,,1,101,,9981,48,,,1,102,,9968,48,,,1,101,,9980,48,,,1,99,,9984,48,,,1,101,,9982,48,,,1,101,,9965,48,,,1,102,,9985,48,,,1,99,,9986,48,,,1,99,,9971,48,,,1,98,,9966,48,,,1,100,,9973,48,,,1,100,,9972,48,,,1,99,,9969,48,,,1,99,,9970,48,,,1,101,,9974,48,,,1,99,,9976,48,,,1,100,,9978,48,,,1,99,,9977,48,,,1
7304,'SEM',457,,10017,48,,,1,84,,10015,48,,,1,80,,10026,48,,,1,18,,10028,48,,,1,64,,10027,48,,,1,12,,9994,48,,,1,12,,10023,48,,,1,13,,10000,48,,,1,61,,10003,48,,,1,16,,10024,48,,,1,15,,9995,48,,,1,26,,9992,48,,,1,70,,9998,48,,,1,82,,10007,48,,,1,29,,9993,48,,,1,70,,9990,48,,,1,30,,10029,48,,,1,70,,10002,48,,,1,35,,9996,48,,,1,66,,10025,48,,,1,30,,9997,48,,,1,70,,10004,48,,,1,30,,10030,48,,,1,71,,9991,48,,,1,42,,10005,48,,,1,53,,9989,48,,,1,19,,9988,48,,,1,34,,9999,48,,,1,56,,10012,48,,,1,25,,10011,48,,,1,74,,10001,48,,,1,35,,10018,48,,,1,63,,10016,48,,,1,33,,10008,48,,,1,66,,10014,48,,,1,31,,10020,48,,,1,71,,10006,48,,,1,28,,10009,48,,,1,70,,10021,48,,,1,30,,10010,48,,,1,70,,10013,48,,,1,100,,10019,48,,,1,94,,10022,48,,,1
7402,'DIM',634,,10092,61,,,2,102,,10096,61,,,2,100,,10095,61,,,2,100,,10097,61,,,2,102,,10099,61,,,2,100,,10088,61,,,2,99,,10093,61,,,2,101,,10094,61,,,2,102,,10098,61,,,2,99,,10100,61,,,2,99,,10101,61,,,2,104,,10085,61,,,2,98,,10087,61,,,2,99,,10089,61,,,2,100,,10091,61,,,2,100,,10090,61,,,2,99,,10086,61,,,2
7402,'SAM',634,,10112,61,,,2,102,,10115,61,,,2,98,,10103,61,,,2,100,,10117,61,,,2,104,,10116,61,,,2,100,,10111,61,,,2,98,,10114,61,,,2,101,,10113,61,,,2,103,,10102,61,,,2,99,,10118,61,,,2,100,,10105,61,,,2,101,,10106,61,,,2,98,,10107,61,,,2,101,,10110,61,,,2,99,,10104,61,,,2,100,,10108,61,,,2,99,,10109,61,,,2
7402,'SEM',556,,10136,61,,,2,87,,10137,61,,,2,15,,10122,61,,,2,87,,10126,61,,,2,96,,10121,61,,,2,98,,10124,61,,,2,98,,10133,61,,,2,100,,10125,61,,,2,100,,10134,61,,,2,100,,10119,61,,,2,100,,10123,61,,,2,104,,10120,61,,,2,100,,10128,61,,,2,102,,10132,61,,,2,97,,10127,61,,,2,99,,10131,61,,,2,100,,10135,61,,,2,100,,10130,61,,,2,100,,10129,61,,,2
