1704,'DIM',455,,6036,9,,,1,90,,6039,9,,,1,105,,6042,9,,,1,96,,6035,9,,,1,98,,6029,9,,,1,100,,6034,9,,,1,100,,6037,9,,,1,100,,6041,9,,,1,103,,6038,9,,,1,100,,6043,9,,,1,102,,6045,9,,,1,99,,6033,9,,,1,101,,6040,9,,,1,102,,6025,9,,,1,98,,6044,9,,,1,99,,6028,9,,,1,99,,6026,9,,,1,102,,6027,9,,,1,99,,6030,9,,,1,99,,6032,9,,,1,96,,6031,9,,,1
1704,'SAM',456,,6057,9,,,1,89,,6054,9,,,1,105,,6049,9,,,1,96,,6056,9,,,1,98,,6062,9,,,1,101,,6059,9,,,1,99,,6060,9,,,1,100,,6058,9,,,1,102,,6064,9,,,1,100,,6055,9,,,1,101,,6061,9,,,1,101,,6065,9,,,1,102,,6063,9,,,1,101,,6066,9,,,1,98,,6046,9,,,1,99,,6047,9,,,1,99,,6048,9,,,1,102,,6053,9,,,1,99,,6051,9,,,1,99,,6052,9,,,1,96,,6050,9,,,1
1704,'SEM',506,,6078,9,,,1,102,,6088,9,,,1,19,,6068,9,,,1,20,,6072,9,,,1,55,,6074,9,,,1,25,,6089,9,,,1,73,,6067,9,,,1,103,,6071,9,,,1,45,,6076,9,,,1,99,,6070,9,,,1,101,,6079,9,,,1,100,,6075,9,,,1,100,,6069,9,,,1,101,,6073,9,,,1,103,,6077,9,,,1,98,,6084,9,,,1,102,,6082,9,,,1,100,,6080,9,,,1,99,,6086,9,,,1,100,,6081,9,,,1,99,,6083,9,,,1,101,,6087,9,,,1,99,,6085,9,,,1
3104,'DIM',615,,1107,19,,,1,101,,6985,19,,,1,100,,6984,19,,,1,100,,6989,19,,,1,101,,6992,19,,,1,100,,6993,19,,,1,101,,6990,19,,,1,101,,6986,19,,,1,102,,6988,19,,,1,102,,6976,19,,,1,96,,6987,19,,,1,101,,6991,19,,,1,98,,6979,19,,,1,101,,6978,19,,,1,99,,6980,19,,,1,101,,6977,19,,,1,100,,6983,19,,,1,98,,6982,19,,,1,101,,6981,19,,,1
3104,'SAM',515,,7010,19,,,1,98,,7004,19,,,1,103,,7006,19,,,1,101,,7009,19,,,1,99,,7007,19,,,1,100,,7011,19,,,1,99,,7013,19,,,1,101,,6994,19,,,1,103,,7003,19,,,1,101,,7008,19,,,1,101,,7005,19,,,1,102,,7012,19,,,1,97,,6997,19,,,1,100,,6998,19,,,1,99,,7000,19,,,1,99,,6995,19,,,1,101,,7001,19,,,1,100,,7002,19,,,1,98,,6996,19,,,1,101,,6999,19,,,1
3104,'SEM',446,,7030,19,,,1,69,,1143,19,,,1,44,,7031,19,,,1,60,,7033,19,,,1,23,,7016,19,,,1,72,,7018,19,,,1,32,,7029,19,,,1,70,,7015,19,,,1,30,,7017,19,,,1,71,,7034,19,,,1,101,,7036,19,,,1,100,,7035,19,,,1,100,,7014,19,,,1,100,,7032,19,,,1,100,,7019,19,,,1,103,,7020,19,,,1,102,,7023,19,,,1,101,,7021,19,,,1,98,,7028,19,,,1,99,,7025,19,,,1,101,,7026,19,,,1,101,,7022,19,,,1,99,,7024,19,,,1,106,,7027,19,,,1
3904,'DIM',816,,1465,9,,,1,99,,7336,9,,,1,95,,7342,9,,,1,14,,7340,9,,,1,34,,7344,9,,,1,68,,7349,9,,,1,74,,7337,9,,,1,30,,7348,9,,,1,71,,7335,9,,,1,29,,7330,9,,,1,76,,7339,9,,,1,25,,7338,9,,,1,28,,7343,9,,,1,67,,7346,9,,,1,77,,7345,9,,,1,30,,7332,9,,,1,70,,7341,9,,,1,30,,7347,9,,,1,80,,7333,9,,,1,45,,7328,9,,,1,100,,7331,9,,,1,97,,7334,9,,,1,100,,7329,9,,,1
3904,'SAM',816,,7364,9,,,1,101,,7363,9,,,1,93,,7365,9,,,1,14,,7369,9,,,1,76,,7366,9,,,1,30,,7361,9,,,1,70,,7368,9,,,1,30,,7370,9,,,1,70,,7360,9,,,1,30,,7359,9,,,1,75,,7362,9,,,1,29,,7350,9,,,1,69,,7351,9,,,1,25,,7367,9,,,1,75,,7354,9,,,1,30,,7371,9,,,1,70,,7355,9,,,1,30,,7357,9,,,1,80,,7352,9,,,1,45,,7356,9,,,1,100,,7358,9,,,1,97,,7353,9,,,1,100,,1475,9,,,1
3904,'SEM',605,,7394,9,,,1,38,,7375,9,,,1,12,,7382,9,,,1,50,,7384,9,,,1,33,,7376,9,,,1,69,,7374,9,,,1,37,,11141,9,,,1,66,,7383,9,,,1,30,,7397,9,,,1,69,,7381,9,,,1,30,,7393,9,,,1,70,,7391,9,,,1,30,,7373,9,,,1,70,,7396,9,,,1,30,,7392,9,,,1,70,,7395,9,,,1,35,,7380,9,,,1,70,,7378,9,,,1,30,,7372,9,,,1,73,,7377,9,,,1,105,,7386,9,,,1,107,,7379,9,,,1,105,,7390,9,,,1,102,,7388,9,,,1,99,,7389,9,,,1,99,,7387,9,,,1
4504,'DIM',613,,2173,9,,,1,100,,8090,9,,,1,99,,2174,9,,,1,101,,8092,9,,,1,99,,8089,9,,,1,101,,8091,9,,,1,98,,8088,9,,,1,106,,8095,9,,,1,100,,8082,9,,,1,96,,8094,9,,,1,106,,8080,9,,,1,90,,8093,9,,,1,100,,8081,9,,,1,100,,8086,9,,,1,100,,8083,9,,,1,100,,8087,9,,,1,100,,8085,9,,,1,100,,8084,9,,,1
4504,'SAM',607,,8106,9,,,1,106,,8104,9,,,1,99,,8108,9,,,1,101,,8110,9,,,1,99,,8111,9,,,1,101,,8096,9,,,1,100,,8109,9,,,1,104,,8105,9,,,1,102,,8107,9,,,1,99,,8113,9,,,1,96,,8100,9,,,1,95,,8112,9,,,1,100,,8101,9,,,1,100,,8098,9,,,1,100,,8097,9,,,1,100,,8102,9,,,1,100,,8099,9,,,1,100,,8103,9,,,1
4504,'SEM',527,,8137,9,,,1,18,,8141,9,,,1,77,,8136,9,,,1,25,,8117,9,,,1,10,,8121,9,,,1,53,,8125,9,,,1,14,,8126,9,,,1,26,,8114,9,,,1,52,,8124,9,,,1,47,,8115,9,,,1,153,,8122,9,,,1,108,,8138,9,,,1,96,,11145,9,,,1,94,,8140,9,,,1,101,,8127,9,,,1,44,,8118,9,,,1,78,,8120,9,,,1,18,,8119,9,,,1,68,,8129,9,,,1,38,,8123,9,,,1,83,,8116,9,,,1,73,,8135,9,,,1,108,,8133,9,,,1,102,,8132,9,,,1,103,,8128,9,,,1,94,,8130,9,,,1,95,,8131,9,,,1,95,,8134,9,,,1
