1202,'DIM',925,,5928,10,4,,2,100,,5923,10,4,,2,102,,5930,10,4,,2,98,,5926,10,4,,2,103,,5931,10,4,,2,97,,5927,10,4,,2,102,,5929,10,4,,2,102,,5925,10,4,,2,96,,5924,10,4,,2
1202,'SAM',927,,5936,10,4,,2,98,,5935,10,4,,2,102,,5940,10,4,,2,98,,5932,10,4,,2,103,,5933,10,4,,2,97,,5938,10,4,,2,101,,5937,10,4,,2,99,,5934,10,4,,2,100,,5939,10,4,,2
1202,'SEM',816,,5947,10,4,,2,106,,5944,10,4,,2,96,,5946,10,4,,2,100,,5942,10,4,,2,100,,5948,10,4,,2,100,,5941,10,4,,2,106,,5950,10,4,,2,101,,5949,10,4,,2,100,,5943,10,4,,2,100,,5945,10,4,,2
1704,'DIM',516,,6036,52,4,,1,90,,6039,52,4,,1,106,,6042,52,4,,1,97,,6035,52,4,,1,101,,6029,52,4,,1,102,,6034,52,4,,1,101,,6037,52,4,,1,100,,6041,52,4,,1,103,,6038,52,4,,1,100,,6043,52,4,,1,102,,6045,52,4,,1,99,,6033,52,4,,1,101,,6040,52,4,,1,99,,6025,52,4,,1,98,,6044,52,4,,1,99,,6028,52,4,,1,99,,6026,52,4,,1,98,,6027,52,4,,1,99,,6030,52,4,,1,98,,6032,52,4,,1,96,,6031,52,4,,1
1704,'SAM',517,,6057,52,4,,1,89,,6054,52,4,,1,106,,6049,52,4,,1,97,,6056,52,4,,1,101,,6062,52,4,,1,103,,6059,52,4,,1,100,,6060,52,4,,1,100,,6058,52,4,,1,102,,6064,52,4,,1,100,,6055,52,4,,1,101,,6061,52,4,,1,101,,6065,52,4,,1,102,,6063,52,4,,1,98,,6066,52,4,,1,98,,6046,52,4,,1,99,,6047,52,4,,1,99,,6048,52,4,,1,98,,6053,52,4,,1,99,,6051,52,4,,1,98,,6052,52,4,,1,96,,6050,52,4,,1
1704,'SEM',530,,6078,52,4,,1,103,,6088,52,4,,1,21,,6068,52,4,,1,64,,6072,52,4,,1,16,,6074,52,4,,1,25,,6089,52,4,,1,74,,6067,52,4,,1,100,,6071,52,4,,1,84,,6076,52,4,,1,99,,6070,52,4,,1,101,,6079,52,4,,1,100,,6075,52,4,,1,100,,6069,52,4,,1,102,,6073,52,4,,1,103,,6077,52,4,,1,98,,6084,52,4,,1,101,,6082,52,4,,1,97,,6080,52,4,,1,98,,6086,52,4,,1,100,,6081,52,4,,1,98,,6083,52,4,,1,99,,6087,52,4,,1,99,,6085,52,4,,1
2001,'DIM',726,,6098,55,4,,1,101,,6102,55,4,,1,102,,6103,55,4,,1,100,,6105,55,4,,1,100,,6099,55,4,,1,101,,6100,55,4,,1,101,,6101,55,4,,1,102,,6106,55,4,,1,96,,6094,55,4,,1,104,,6092,55,4,,1,102,,6095,55,4,,1,95,,6104,55,4,,1,100,,6090,55,4,,1,99,,6091,55,4,,1,100,,6093,55,4,,1,99,,6096,55,4,,1,99,,6097,55,4,,1
2001,'SAM',624,,6108,55,4,,1,102,,6118,55,4,,1,101,,6121,55,4,,1,102,,6119,55,4,,1,100,,6116,55,4,,1,101,,6123,55,4,,1,100,,6120,55,4,,1,102,,6117,55,4,,1,97,,6110,55,4,,1,99,,6124,55,4,,1,105,,6122,55,4,,1,102,,6107,55,4,,1,101,,6111,55,4,,1,94,,6112,55,4,,1,99,,6109,55,4,,1,100,,6114,55,4,,1,99,,6115,55,4,,1,99,,6113,55,4,,1
2001,'SEM',612,,6127,55,4,,1,88,,6125,55,4,,1,51,,6141,55,4,,1,97,,6129,55,4,,1,86,,6143,55,4,,1,97,,6126,55,4,,1,99,,6131,55,4,,1,100,,6142,55,4,,1,100,,6128,55,4,,1,100,,6130,55,4,,1,102,,6133,55,4,,1,108,,6136,55,4,,1,86,,6132,55,4,,1,99,,6137,55,4,,1,99,,6138,55,4,,1,94,,6134,55,4,,1,100,,6140,55,4,,1,98,,6139,55,4,,1,105,,6135,55,4,,1
2202,'DIM',747,,6257,74,4,,2,100,,6258,74,4,,2,100,,6259,74,4,,2,100,,6263,74,4,,2,101,,6265,74,4,,2,100,,6262,74,4,,2,98,,6266,74,4,,2,104,,6256,74,4,,2,97,,6260,74,4,,2,154,,6261,74,4,,2,49,,6264,74,4,,2,100,,6251,74,4,,2,98,,6254,74,4,,2,101,,6255,74,4,,2,100,,6252,74,4,,2,100,,6253,74,4,,2
2202,'SAM',648,,6283,58,4,,2,97,,6278,74,4,,2,99,,6276,74,4,,2,102,,6274,74,4,,2,101,,6282,74,4,,2,101,,6281,74,4,,2,98,,6277,74,4,,2,100,,6279,74,4,,2,102,,6275,74,4,,2,98,,6280,74,4,,2,154,,6267,74,4,,2,48,,6269,74,4,,2,102,,6271,74,4,,2,97,,6272,74,4,,2,100,,6273,74,4,,2,101,,6270,74,4,,2,99,,6268,74,4,,2
2202,'SEM',630,,6304,74,4,,2,15,,6305,74,4,,2,107,,6303,74,4,,2,66,,6301,74,4,,2,33,,6285,74,4,,2,99,,6289,74,4,,2,70,,6291,74,4,,2,30,,6286,74,4,,2,100,,6290,74,4,,2,100,,6302,74,4,,2,100,,6292,74,4,,2,102,,6284,74,4,,2,101,,6287,74,4,,2,102,,6293,74,4,,2,61,,6288,74,4,,2,84,,6297,74,4,,2,51,,6296,74,4,,2,100,,6298,74,4,,2,100,,6300,74,4,,2,100,,6294,74,4,,2,105,,6295,74,4,,2,95,,6299,74,4,,2
2401,'DIM',706,,6319,49,4,,1,99,,444,49,4,,1,105,,6318,49,4,,1,103,,6315,49,4,,1,102,,6321,49,4,,1,30,,6317,49,4,,1,70,,6324,49,4,,1,30,,6323,49,4,,1,66,,6326,49,4,,1,37,,6327,49,4,,1,64,,6320,49,4,,1,36,,6306,49,4,,1,64,,6328,49,4,,1,32,,6322,49,4,,1,72,,6307,49,4,,1,32,,6325,49,4,,1,74,,6310,49,4,,1,24,,6329,49,4,,1,70,,6308,49,4,,1,98,,6311,49,4,,1,99,,6312,49,4,,1,100,,6309,49,4,,1,97,,6316,49,4,,1,98,,6313,49,4,,1,93,,6314,49,4,,1,99,,439,49,4,,1
2401,'SAM',636,,6345,49,4,,1,70,,6356,49,4,,1,99,,6346,49,4,,1,106,,6341,49,4,,1,102,,6354,49,4,,1,101,,6347,49,4,,1,30,,6355,49,4,,1,70,,6350,49,4,,1,31,,6332,49,4,,1,70,,6342,49,4,,1,33,,6344,49,4,,1,72,,6330,49,4,,1,27,,6343,49,4,,1,75,,6348,49,4,,1,31,,6352,49,4,,1,63,,6349,49,4,,1,30,,6351,49,4,,1,71,,6353,49,4,,1,29,,6335,49,4,,1,76,,6333,49,4,,1,92,,6336,49,4,,1,99,,6334,49,4,,1,100,,6339,49,4,,1,97,,6331,49,4,,1,98,,6337,49,4,,1,93,,6338,49,4,,1,101,,6340,49,4,,1
2401,'SEM',516,,6362,49,4,,1,37,,6386,49,4,,1,81,,6370,49,4,,1,21,,6358,49,4,,1,52,,6361,49,4,,1,12,,6379,49,4,,1,9,,6368,49,4,,1,14,,6391,49,4,,1,14,,6388,49,4,,1,53,,6392,49,4,,1,13,,6360,49,4,,1,25,,6369,49,4,,1,67,,6364,49,4,,1,31,,6365,49,4,,1,67,,6383,49,4,,1,30,,6371,49,4,,1,70,,6366,49,4,,1,30,,6389,49,4,,1,70,,6394,49,4,,1,30,,6357,49,4,,1,70,,6387,49,4,,1,30,,6390,49,4,,1,70,,6363,49,4,,1,32,,6393,49,4,,1,70,,6367,49,4,,1,86,,6359,49,4,,1,27,,6372,49,4,,1,25,,6375,49,4,,1,69,,6373,49,4,,1,28,,6374,49,4,,1,68,,6378,49,4,,1,29,,6382,49,4,,1,98,,6385,49,4,,1,89,,6381,49,4,,1,100,,6377,49,4,,1,99,,6376,49,4,,1,98,,6380,49,4,,1,100,,6384,49,4,,1
2704,'DIM',804,,6871,57,4,,2,101,,6872,57,4,,2,100,,6874,57,4,,2,99,,6869,57,4,,2,96,,6870,57,4,,2,105,,6873,57,4,,2,102,,6868,57,4,,2,100,,6867,57,4,,2,95,,6861,57,4,,2,101,,6862,57,4,,2,105,,6866,57,4,,2,98,,6860,57,4,,2,100,,6859,57,4,,2,98,,6865,57,4,,2,100,,6863,57,4,,2,100,,6864,57,4,,2
2704,'SAM',703,,6890,57,4,,2,101,,6887,57,4,,2,100,,6885,57,4,,2,96,,6889,57,4,,2,104,,6891,57,4,,2,96,,6884,57,4,,2,105,,6875,57,4,,2,96,,6886,57,4,,2,106,,6888,57,4,,2,106,,6880,57,4,,2,95,,6882,57,4,,2,100,,6883,57,4,,2,98,,6878,57,4,,2,100,,6881,57,4,,2,98,,6877,57,4,,2,100,,6879,57,4,,2,99,,6876,57,4,,2
2704,'SEM',628,,6911,57,4,,2,31,,6895,57,4,,2,75,,6893,57,4,,2,24,,6898,57,4,,2,64,,6913,57,4,,2,29,,6910,57,4,,2,79,,6892,57,4,,2,78,,6897,57,4,,2,96,,6914,57,4,,2,110,,6912,57,4,,2,95,,6894,57,4,,2,50,,6915,57,4,,2,141,,6901,57,4,,2,107,,6896,57,4,,2,39,,6900,57,4,,2,79,,6899,57,4,,2,16,,6908,57,4,,2,66,,6904,57,4,,2,33,,6906,57,4,,2,73,,6905,57,4,,2,99,,6903,57,4,,2,45,,6909,57,4,,2,99,,6902,57,4,,2,99,,6907,57,4,,2
3304,'DIM',758,,7087,50,4,,1,171,,7088,50,4,,1,130,,7090,50,4,,1,171,,7089,50,4,,1,170,,7091,50,4,,1,133,,7092,50,4,,1,169,,7082,50,4,,1,129,,7084,50,4,,1,170,,7085,50,4,,1,129,,7086,50,4,,1,129,,7083,50,4,,1
3304,'SAM',758,,1221,50,4,,1,171,,1223,50,4,,1,130,,7096,50,4,,1,170,,7099,50,4,,1,171,,7101,50,4,,1,133,,7095,50,4,,1,169,,7100,50,4,,1,131,,7093,50,4,,1,168,,7098,50,4,,1,129,,7094,50,4,,1,129,,7097,50,4,,1
3304,'SEM',519,,7110,50,4,,1,91,,7104,50,4,,1,35,,7102,50,4,,1,66,,7123,50,4,,1,42,,7106,50,4,,1,60,,7108,50,4,,1,26,,7112,50,4,,1,72,,7105,50,4,,1,95,,7111,50,4,,1,105,,7126,50,4,,1,100,,7124,50,4,,1,91,,7109,50,4,,1,111,,7103,50,4,,1,108,,7117,50,4,,1,25,,7119,50,4,,1,90,,7122,50,4,,1,85,,7107,50,4,,1,30,,7113,50,4,,1,82,,7114,50,4,,1,19,,7125,50,4,,1,67,,7115,50,4,,1,91,,7116,50,4,,1,100,,7120,50,4,,1,109,,7118,50,4,,1,40,,7121,50,4,,1
3704,'DIM',719,,7202,49,4,,2,34,,7205,49,4,,2,102,,7211,49,4,,2,100,,7208,49,4,,2,101,,7206,49,4,,2,100,,7201,49,4,,2,101,,7207,49,4,,2,100,,7203,49,4,,2,100,,7204,49,4,,2,100,,7210,49,4,,2,100,,7199,49,4,,2,143,,7209,49,4,,2,47,,7200,49,4,,2
3704,'SAM',719,,7221,49,4,,2,38,,7219,49,4,,2,102,,7224,49,4,,2,96,,7215,49,4,,2,104,,7212,49,4,,2,97,,7216,49,4,,2,101,,7223,49,4,,2,102,,7222,49,4,,2,144,,7220,49,4,,2,99,,7213,49,4,,2,99,,7214,49,4,,2,58,,7217,49,4,,2,89,,7218,49,4,,2
3704,'SEM',607,,7248,49,4,,2,40,,7225,49,4,,2,101,,7234,49,4,,2,80,,7251,49,4,,2,77,,7249,49,4,,2,34,,7247,49,4,,2,68,,7227,49,4,,2,96,,7242,49,4,,2,100,,7229,49,4,,2,101,,7250,49,4,,2,101,,7228,49,4,,2,107,,7230,49,4,,2,42,,7232,49,4,,2,60,,7231,49,4,,2,14,,7240,49,4,,2,17,,7236,49,4,,2,60,,7239,49,4,,2,9,,7226,49,4,,2,18,,7235,49,4,,2,18,,7233,49,4,,2,89,,7241,49,4,,2,98,,7245,49,4,,2,99,,7238,49,4,,2,99,,7237,49,4,,2,99,,7244,49,4,,2,100,,7246,49,4,,2,96,,7243,49,4,,2
4304,'DIM',512,,2049,37,4,,1,103,,2043,37,4,,1,102,,7958,37,4,,1,102,,7959,37,4,,1,101,,7960,37,4,,1,100,,7953,37,4,,1,107,,7954,37,4,,1,102,,7961,37,4,,1,99,,7964,37,4,,1,102,,7962,37,4,,1,98,,7965,37,4,,1,102,,7963,37,4,,1,99,,7948,37,4,,1,104,,7952,37,4,,1,95,,7957,37,4,,1,100,,7956,37,4,,1,100,,7950,37,4,,1,99,,7949,37,4,,1,99,,7951,37,4,,1,91,,7955,37,4,,1
4304,'SAM',512,,2068,37,4,,1,103,,7976,37,4,,1,102,,7972,37,4,,1,102,,7973,37,4,,1,101,,7977,37,4,,1,104,,7980,37,4,,1,104,,7983,37,4,,1,101,,7981,37,4,,1,100,,7966,37,4,,1,104,,7982,37,4,,1,98,,7979,37,4,,1,98,,7978,37,4,,1,100,,7985,37,4,,1,99,,7984,37,4,,1,102,,7967,37,4,,1,98,,7969,37,4,,1,100,,7968,37,4,,1,99,,7974,37,4,,1,99,,7971,37,4,,1,91,,7970,37,4,,1,100,,7975,37,4,,1
4304,'SEM',533,,8011,37,4,,1,74,,8014,37,4,,1,36,,7987,37,4,,1,60,,7991,37,4,,1,21,,7994,37,4,,1,22,,8001,37,4,,1,63,,8015,37,4,,1,27,,8007,37,4,,1,72,,7990,37,4,,1,29,,7993,37,4,,1,73,,7998,37,4,,1,28,,7989,37,4,,1,70,,7986,37,4,,1,30,,8018,37,4,,1,70,,8002,37,4,,1,30,,7992,37,4,,1,70,,8016,37,4,,1,30,,8017,37,4,,1,70,,7997,37,4,,1,32,,7999,37,4,,1,71,,7996,37,4,,1,31,,7988,37,4,,1,72,,8000,37,4,,1,26,,7995,37,4,,1,70,,8005,37,4,,1,96,,8004,37,4,,1,94,,8003,37,4,,1,59,,8013,37,4,,1,100,,8009,37,4,,1,99,,8010,37,4,,1,100,,8006,37,4,,1,150,,8008,37,4,,1,21,,8012,37,4,,1
4804,'DIM',613,,2444,67,4,,1,110,,8366,67,4,,1,104,,8365,67,4,,1,108,,8362,67,4,,1,108,,8367,67,4,,1,101,,8364,67,4,,1,99,,8368,67,4,,1,104,,8370,67,4,,1,97,,8363,67,4,,1,106,,8369,67,4,,1,100,,8357,67,4,,1,99,,8360,67,4,,1,97,,8358,67,4,,1,98,,8361,67,4,,1,97,,8356,67,4,,1,100,,8354,67,4,,1,100,,8359,67,4,,1,98,,8355,67,4,,1
4804,'SAM',612,,8382,67,4,,1,113,,8387,67,4,,1,103,,8384,67,4,,1,107,,8371,67,4,,1,108,,8385,67,4,,1,101,,8389,67,4,,1,100,,8388,67,4,,1,97,,8390,67,4,,1,107,,8386,67,4,,1,102,,8372,67,4,,1,100,,8375,67,4,,1,99,,8379,67,4,,1,97,,8376,67,4,,1,98,,8373,67,4,,1,97,,8383,67,4,,1,100,,8380,67,4,,1,100,,8374,67,4,,1,98,,8377,67,4,,1,92,,8378,67,4,,1,26,,8381,67,4,,1
4804,'SEM',545,,2475,67,4,,1,85,,8411,67,4,,1,21,,8413,67,4,,1,60,,8393,67,4,,1,24,,8404,67,4,,1,65,,8407,67,4,,1,19,,8399,67,4,,1,22,,8416,67,4,,1,69,,8394,67,4,,1,29,,8397,67,4,,1,70,,8396,67,4,,1,30,,8412,67,4,,1,67,,8417,67,4,,1,107,,8414,67,4,,1,100,,8415,67,4,,1,101,,8391,67,4,,1,99,,8401,67,4,,1,39,,8398,67,4,,1,74,,8395,67,4,,1,77,,8392,67,4,,1,51,,8402,67,4,,1,68,,8409,67,4,,1,103,,8400,67,4,,1,106,,8406,67,4,,1,103,,8405,67,4,,1,97,,8403,67,4,,1,97,,8410,67,4,,1,100,,8408,67,4,,1
5802,'DIM',630,,8984,65,4,,2,101,,8981,65,4,,2,93,,3051,65,4,,2,101,,8975,65,4,,2,100,,8976,65,4,,2,99,,8980,65,4,,2,100,,8977,65,4,,2,101,,8974,65,4,,2,101,,8978,65,4,,2,100,,8982,65,4,,2,98,,8979,65,4,,2,109,,8983,65,4,,2,94,,8968,65,4,,2,99,,8970,65,4,,2,99,,8973,65,4,,2,99,,8971,65,4,,2,99,,8972,65,4,,2,98,,8969,65,4,,2
5802,'SAM',630,,9000,65,4,,2,101,,8985,65,4,,2,93,,8998,65,4,,2,101,,9001,65,4,,2,100,,8989,65,4,,2,99,,8991,65,4,,2,103,,8999,65,4,,2,98,,8994,65,4,,2,106,,8997,65,4,,2,94,,8986,65,4,,2,111,,8988,65,4,,2,99,,9002,65,4,,2,92,,8987,65,4,,2,99,,8995,65,4,,2,102,,8993,65,4,,2,96,,8990,65,4,,2,99,,8992,65,4,,2,98,,8996,65,4,,2
5802,'SEM',553,,9022,65,4,,2,68,,9006,65,4,,2,79,,9026,65,4,,2,13,,9005,65,4,,2,18,,9027,57,4,,2,9,,9024,65,4,,2,70,,9009,65,4,,2,16,,9003,65,4,,2,81,,9004,65,4,,2,41,,9011,65,4,,2,100,,9010,65,4,,2,100,,9023,65,4,,2,100,,9007,65,4,,2,102,,9025,65,4,,2,102,,9008,65,4,,2,65,,9015,65,4,,2,31,,9012,65,4,,2,105,,9014,65,4,,2,69,,9021,65,4,,2,97,,9016,65,4,,2,99,,9017,65,4,,2,86,,9013,65,4,,2,97,,9020,65,4,,2,100,,9018,65,4,,2,99,,9019,65,4,,2
6001,'DIM',820,,9029,61,4,,1,103,,9037,61,4,,1,101,,9036,61,4,,1,103,,9040,61,4,,1,106,,9038,61,4,,1,107,,9042,61,4,,1,100,,9039,61,4,,1,101,,9041,61,4,,1,100,,9043,61,4,,1,98,,9028,61,4,,1,93,,9044,61,4,,1,95,,9035,61,4,,1,97,,9031,61,4,,1,97,,9030,61,4,,1,97,,9033,61,4,,1,100,,9032,61,4,,1,100,,9034,61,4,,1
6001,'SAM',715,,9048,61,4,,1,105,,9058,61,4,,1,103,,9057,61,4,,1,95,,9060,61,4,,1,109,,9056,61,4,,1,106,,9054,61,4,,1,107,,9062,61,4,,1,100,,9061,61,4,,1,107,,9055,61,4,,1,94,,9059,61,4,,1,98,,9046,61,4,,1,93,,9050,61,4,,1,95,,9051,61,4,,1,97,,9045,61,4,,1,97,,9049,61,4,,1,97,,9047,61,4,,1,100,,9053,61,4,,1,100,,9052,61,4,,1
6001,'SEM',557,,9079,61,4,,1,147,,9063,61,4,,1,55,,9064,61,4,,1,72,,9066,61,4,,1,85,,9069,61,4,,1,91,,9080,61,4,,1,103,,9081,61,4,,1,99,,9065,61,4,,1,101,,9067,61,4,,1,102,,9082,61,4,,1,101,,9071,61,4,,1,101,,9068,61,4,,1,108,,9074,61,4,,1,97,,9070,61,4,,1,91,,9077,61,4,,1,96,,9073,61,4,,1,49,,9076,61,4,,1,99,,9078,61,4,,1,95,,9072,61,4,,1,100,,9075,61,4,,1
6304,'DIM',805,,9342,75,4,,1,103,,9348,75,4,,1,102,,9343,75,4,,1,103,,9345,75,4,,1,95,,9344,75,4,,1,107,,9349,75,4,,1,96,,9346,75,4,,1,103,,9347,75,4,,1,100,,9336,75,4,,1,102,,9350,75,4,,1,102,,9334,75,4,,1,97,,9341,75,4,,1,98,,9335,75,4,,1,98,,9337,75,4,,1,100,,9339,75,4,,1,100,,9338,75,4,,1,96,,9340,75,4,,1
6304,'SAM',700,,9365,75,4,,1,102,,9361,75,4,,1,106,,9357,75,4,,1,102,,9364,75,4,,1,103,,9363,75,4,,1,103,,9366,75,4,,1,99,,9368,75,4,,1,97,,9362,75,4,,1,104,,9369,75,4,,1,106,,9353,75,4,,1,95,,9367,75,4,,1,101,,9351,75,4,,1,98,,9354,75,4,,1,101,,9352,75,4,,1,94,,9355,75,4,,1,100,,9358,75,4,,1,100,,9356,75,4,,1,95,,9359,75,4,,1,95,,9360,75,4,,1
6304,'SEM',522,,9401,75,4,,1,116,,9399,75,4,,1,63,,9402,75,4,,1,42,,9379,75,4,,1,11,,9382,75,4,,1,74,,9386,75,4,,1,26,,9370,75,4,,1,57,,9404,75,4,,1,26,,9375,75,4,,1,69,,9384,75,4,,1,30,,9385,75,4,,1,70,,9372,75,4,,1,24,,9371,75,4,,1,70,,9400,75,4,,1,31,,9377,75,4,,1,71,,9378,75,4,,1,33,,9383,75,4,,1,70,,9403,75,4,,1,31,,9373,75,4,,1,71,,9374,75,4,,1,34,,9376,75,4,,1,79,,9380,75,4,,1,6,,9390,75,4,,1,31,,9381,75,4,,1,61,,9387,75,4,,1,33,,9393,75,4,,1,53,,9392,75,4,,1,28,,9396,75,4,,1,70,,9398,75,4,,1,37,,9391,75,4,,1,93,,9395,75,4,,1,78,,9397,75,4,,1,49,,9388,75,4,,1,97,,9389,75,4,,1,93,,9394,75,4,,1
7001,'DIM',746,,9696,85,4,,1,100,,9699,85,4,,1,102,,9698,85,4,,1,101,,9702,85,4,,1,66,,9703,85,4,,1,31,,9705,85,4,,1,64,,9700,85,4,,1,43,,9704,85,4,,1,60,,9701,85,4,,1,38,,9707,85,4,,1,71,,9706,85,4,,1,32,,9683,85,4,,1,61,,9697,85,4,,1,38,,9682,85,4,,1,60,,9687,85,4,,1,34,,9684,85,4,,1,75,,9689,85,4,,1,32,,9686,85,4,,1,74,,9688,85,4,,1,29,,9693,85,4,,1,94,,9691,85,4,,1,99,,9690,85,4,,1,100,,9685,85,4,,1,99,,9694,85,4,,1,98,,9695,85,4,,1,96,,9692,85,4,,1
7001,'SAM',746,,9728,85,4,,1,100,,9726,85,4,,1,102,,9731,85,4,,1,101,,9727,85,4,,1,67,,9733,85,4,,1,28,,9732,85,4,,1,67,,9730,85,4,,1,42,,9708,85,4,,1,64,,9709,85,4,,1,33,,9729,85,4,,1,67,,9711,85,4,,1,33,,9725,85,4,,1,64,,9710,85,4,,1,39,,9713,85,4,,1,69,,9714,85,4,,1,27,,9717,85,4,,1,71,,9712,85,4,,1,34,,9718,85,4,,1,74,,9719,85,4,,1,29,,9722,85,4,,1,94,,9721,85,4,,1,99,,9723,85,4,,1,100,,9720,85,4,,1,99,,9716,85,4,,1,99,,9715,85,4,,1,95,,9724,85,4,,1
7001,'SEM',602,,9735,85,4,,1,18,,9769,85,4,,1,29,,9739,85,4,,1,54,,9768,85,4,,1,31,,9748,85,4,,1,71,,9767,85,4,,1,35,,9738,85,4,,1,15,,9743,85,4,,1,72,,9734,85,4,,1,27,,9744,85,4,,1,67,,9745,85,4,,1,35,,9740,85,4,,1,67,,9765,85,4,,1,30,,9766,85,4,,1,71,,9754,85,4,,1,29,,9737,85,4,,1,72,,9736,85,4,,1,30,,9741,85,4,,1,73,,9746,85,4,,1,29,,9747,85,4,,1,78,,9749,85,4,,1,70,,9751,85,4,,1,29,,9755,85,4,,1,66,,9757,85,4,,1,39,,9742,85,4,,1,67,,9760,85,4,,1,29,,9761,85,4,,1,65,,9756,85,4,,1,39,,9752,85,4,,1,75,,9750,85,4,,1,41,,9759,85,4,,1,100,,9753,85,4,,1,101,,9758,85,4,,1,144,,9763,85,4,,1,50,,9762,85,4,,1,174,,9764,85,4,,1
7304,'DIM',551,,4008,80,4,,1,70,,3997,80,4,,1,102,,9957,80,4,,1,101,,9963,80,4,,1,102,,9958,80,4,,1,103,,9960,80,4,,1,101,,9956,80,4,,1,100,,9959,80,4,,1,101,,9961,80,4,,1,101,,9950,80,4,,1,101,,9955,80,4,,1,101,,9962,80,4,,1,100,,9964,80,4,,1,98,,9948,80,4,,1,98,,9949,80,4,,1,99,,9946,80,4,,1,99,,9951,80,4,,1,99,,9953,80,4,,1,97,,9947,80,4,,1,100,,9952,80,4,,1,99,,9954,80,4,,1
7304,'SAM',551,,9987,80,4,,1,70,,9975,80,4,,1,104,,9979,80,4,,1,99,,9967,80,4,,1,102,,9983,80,4,,1,103,,9981,80,4,,1,102,,9968,80,4,,1,101,,9980,80,4,,1,99,,9984,80,4,,1,101,,9982,80,4,,1,101,,9965,80,4,,1,102,,9985,80,4,,1,99,,9986,80,4,,1,98,,9971,80,4,,1,98,,9966,80,4,,1,99,,9973,80,4,,1,99,,9972,80,4,,1,99,,9969,80,4,,1,97,,9970,80,4,,1,100,,9974,80,4,,1,99,,9976,80,4,,1,100,,9978,80,4,,1,99,,9977,80,4,,1
7304,'SEM',515,,10017,80,4,,1,85,,10015,80,4,,1,42,,10026,80,4,,1,58,,10028,80,4,,1,28,,10027,80,4,,1,12,,9994,80,4,,1,12,,10023,80,4,,1,53,,10000,80,4,,1,21,,10003,80,4,,1,16,,10024,80,4,,1,15,,9995,80,4,,1,65,,9992,80,4,,1,29,,9998,80,4,,1,82,,10007,80,4,,1,69,,9993,80,4,,1,30,,9990,80,4,,1,70,,10029,80,4,,1,30,,10002,80,4,,1,75,,9996,80,4,,1,26,,10025,80,4,,1,70,,9997,80,4,,1,31,,10004,80,4,,1,70,,10030,80,4,,1,32,,9991,80,4,,1,82,,10005,80,4,,1,13,,9989,80,4,,1,19,,9988,80,4,,1,75,,9999,80,4,,1,15,,10012,80,4,,1,65,,10011,80,4,,1,32,,10001,80,4,,1,73,,10018,80,4,,1,23,,10016,80,4,,1,72,,10008,80,4,,1,26,,10014,80,4,,1,71,,10020,80,4,,1,31,,10006,80,4,,1,67,,10009,80,4,,1,30,,10021,80,4,,1,28,,10010,80,4,,1,70,,10013,80,4,,1,99,,10019,80,4,,1,93,,10022,80,4,,1
7402,'DIM',651,,10092,93,4,,2,103,,10096,93,4,,2,102,,10095,93,4,,2,102,,10097,93,4,,2,142,,10099,93,4,,2,101,,10088,93,4,,2,100,,10093,93,4,,2,101,,10094,93,4,,2,102,,10098,93,4,,2,99,,10100,93,4,,2,99,,10101,93,4,,2,100,,10085,93,4,,2,98,,10087,93,4,,2,58,,10089,93,4,,2,99,,10091,93,4,,2,100,,10090,93,4,,2,98,,10086,93,4,,2
7402,'SAM',651,,10112,93,4,,2,103,,10115,93,4,,2,100,,10103,93,4,,2,102,,10117,93,4,,2,144,,10116,93,4,,2,101,,10111,93,4,,2,99,,10114,93,4,,2,101,,10113,93,4,,2,103,,10102,93,4,,2,99,,10118,93,4,,2,100,,10105,93,4,,2,97,,10106,93,4,,2,58,,10107,93,4,,2,100,,10110,93,4,,2,98,,10104,93,4,,2,100,,10108,93,4,,2,98,,10109,93,4,,2
7402,'SEM',616,,10136,93,4,,2,90,,10137,93,4,,2,16,,10122,93,4,,2,87,,10126,93,4,,2,96,,10121,93,4,,2,97,,10124,93,4,,2,98,,10133,93,4,,2,100,,10125,93,4,,2,100,,10134,93,4,,2,100,,10119,93,4,,2,100,,10123,93,4,,2,108,,10120,93,4,,2,98,,10128,93,4,,2,99,,10132,93,4,,2,96,,10127,93,4,,2,57,,10131,93,4,,2,99,,10135,93,4,,2,99,,10130,93,4,,2,100,,10129,93,4,,2
22202,'DIM',1501,,10843,63,4,,2
22202,'SAM',1501,,10846,63,4,,2,855,,10845,63,4,,2,103,,10844,63,4,,2
22202,'SEM',607,,10853,63,4,,2,114,,10847,63,4,,2,90,,10848,63,4,,2,725,,10849,63,4,,2,69,,10850,63,4,,2,702,,10852,63,4,,2,25,,10851,63,4,,2
90104,'SEM',647,,11034,18,4,,2,68,,11033,18,4,,2,40,,11032,18,4,,2,76,,11031,18,4,,2
