2202,'DIM',725,,6257,31,,,2,100,,6258,31,,,2,100,,6259,31,,,2,100,,6263,31,,,2,101,,6265,31,,,2,100,,6262,31,,,2,98,,6266,31,,,2,104,,6256,31,,,2,97,,6260,31,,,2,114,,6261,31,,,2,89,,6264,31,,,2,100,,6251,31,,,2,98,,6254,31,,,2,101,,6255,31,,,2,100,,6252,31,,,2,100,,6253,31,,,2
2202,'SAM',626,,6283,15,,,2,97,,6278,31,,,2,99,,6276,31,,,2,102,,6274,31,,,2,101,,6282,31,,,2,101,,6281,31,,,2,98,,6277,31,,,2,100,,6279,31,,,2,102,,6275,31,,,2,98,,6280,31,,,2,114,,6267,31,,,2,88,,6269,31,,,2,102,,6271,31,,,2,97,,6272,31,,,2,100,,6273,31,,,2,101,,6270,31,,,2,99,,6268,31,,,2
2202,'SEM',608,,6304,31,,,2,14,,6305,31,,,2,105,,6303,31,,,2,27,,6301,31,,,2,74,,6285,31,,,2,100,,6289,31,,,2,30,,6291,31,,,2,70,,11269,31,,,2,100,,6290,31,,,2,100,,6302,31,,,2,100,,6292,31,,,2,100,,6284,31,,,2,101,,6287,31,,,2,102,,6293,31,,,2,21,,6288,31,,,2,84,,6297,31,,,2,93,,6296,31,,,2,100,,6298,31,,,2,100,,6300,31,,,2,100,,6294,31,,,2,105,,6295,31,,,2,95,,6299,31,,,2
5002,'DIM',604,,8511,8,,,1,100,,8523,8,,,1,100,,8518,8,,,1,100,,8524,8,,,1,101,,8527,8,,,1,24,,8517,8,,,1,72,,8519,8,,,1,28,,8530,8,,,1,79,,8522,8,,,1,28,,8520,8,,,1,77,,8529,8,,,1,24,,8516,8,,,1,75,,8521,8,,,1,21,,8525,8,,,1,74,,8507,8,,,1,31,,8505,8,,,1,74,,8528,8,,,1,26,,8526,8,,,1,76,,8512,8,,,1,102,,8514,8,,,1,100,,8515,8,,,1,100,,8506,8,,,1,100,,8509,8,,,1,100,,8508,8,,,1,96,,8510,8,,,1,100,,8513,8,,,1
5002,'SAM',559,,8536,8,,,1,145,,8544,8,,,1,100,,8547,8,,,1,100,,8551,8,,,1,102,,8542,8,,,1,23,,8553,8,,,1,76,,8556,8,,,1,27,,8545,8,,,1,76,,8552,8,,,1,26,,8554,8,,,1,74,,8546,8,,,1,28,,8548,8,,,1,74,,8555,8,,,1,31,,8532,8,,,1,72,,8549,8,,,1,23,,8531,8,,,1,72,,8550,8,,,1,30,,8537,8,,,1,76,,8539,8,,,1,102,,8538,8,,,1,100,,8540,8,,,1,100,,8533,8,,,1,100,,8534,8,,,1,99,,8541,8,,,1,97,,8535,8,,,1,100,,8543,8,,,1
5002,'SEM',455,,8563,8,,,1,75,,8586,8,,,1,27,,2661,8,,,1,69,,8559,8,,,1,29,,8587,8,,,1,52,,8571,8,,,1,34,,8558,8,,,1,59,,8568,8,,,1,32,,8557,8,,,1,69,,11292,8,,,1,27,,8565,8,,,1,30,,8588,8,,,1,70,,8589,8,,,1,30,,8573,8,,,1,70,,8566,8,,,1,30,,8564,8,,,1,70,,8590,8,,,1,31,,8585,8,,,1,70,,8560,8,,,1,30,,8576,8,,,1,79,,8561,8,,,1,77,,8577,8,,,1,36,,8569,8,,,1,67,,8574,8,,,1,30,,8570,8,,,1,70,,8562,8,,,1,29,,8567,8,,,1,70,,8575,8,,,1,31,,8582,8,,,1,105,,8580,8,,,1,105,,8583,8,,,1,101,,8578,8,,,1,152,,8579,8,,,1,101,,8581,8,,,1,96,,8584,8,,,1
5802,'DIM',603,,8984,8,,,2,100,,8981,8,,,2,51,,3051,8,,,2,100,,8975,8,,,2,100,,8976,8,,,2,99,,8980,8,,,2,100,,8977,8,,,2,101,,8974,8,,,2,100,,8978,8,,,2,100,,8982,8,,,2,98,,8979,8,,,2,149,,8983,8,,,2,54,,8968,8,,,2,100,,8970,8,,,2,100,,8973,8,,,2,100,,8971,8,,,2,100,,8972,8,,,2,100,,8969,8,,,2
5802,'SAM',603,,9000,8,,,2,100,,8985,8,,,2,51,,8998,8,,,2,100,,9001,8,,,2,100,,8989,8,,,2,99,,8991,8,,,2,103,,8999,8,,,2,98,,8994,8,,,2,105,,8997,8,,,2,94,,8986,8,,,2,151,,8988,8,,,2,99,,9002,8,,,2,52,,8987,8,,,2,100,,8995,8,,,2,103,,8993,8,,,2,97,,8990,8,,,2,100,,8992,8,,,2,100,,8996,8,,,2
5802,'SEM',523,,9022,8,,,2,25,,9006,8,,,2,76,,9026,8,,,2,13,,11297,8,,,2,66,,9024,8,,,2,30,,9009,8,,,2,18,,9003,8,,,2,82,,9004,8,,,2,82,,9011,8,,,2,100,,9010,8,,,2,100,,9023,8,,,2,100,,9007,8,,,2,100,,9025,8,,,2,101,,9008,8,,,2,25,,9015,8,,,2,70,,9012,8,,,2,106,,9014,8,,,2,30,,9021,8,,,2,100,,9016,8,,,2,100,,9017,8,,,2,87,,9013,8,,,2,99,,9020,8,,,2,100,,9018,8,,,2,100,,9019,8,,,2
22202,'DIM',1439,,10843,20,,,2
22202,'SAM',1439,,10846,20,,,2,895,,10845,20,,,2,103,,10844,20,,,2
22202,'SEM',545,,10853,20,,,2,110,,10847,20,,,2,88,,10848,20,,,2,769,,10849,20,,,2,29,,10850,20,,,2,704,,10852,20,,,2,65,,10851,20,,,2
32202,'SAM',2550,,10983,14,,,2
32202,'SEM',2419,,10984,14,,,2,85,,10985,14,,,2
