5504,'SEM',629,,8735,56,,,2,28,,8736,26,,,2,48,,8719,56,,,2,9,,8721,56,,,2,88,,8734,56,,,2,34,,8725,56,,,2,92,,8724,56,,,2,100,,8723,56,,,2,100,,8720,56,,,2,99,,8733,56,,,2,100,,8718,56,,,2,100,,8722,56,,,2,102,,8726,56,,,2,95,,8727,56,,,2,84,,8728,56,,,2,45,,8729,56,,,2,72,,8730,56,,,2,99,,8732,56,,,2,94,,8731,56,,,2
6001,'DIM',751,,9029,17,,,1,101,,9037,17,,,1,100,,9036,17,,,1,102,,9040,17,,,1,103,,9038,17,,,1,147,,9042,17,,,1,100,,9039,17,,,1,101,,9041,17,,,1,100,,9043,17,,,1,98,,9028,17,,,1,56,,9044,17,,,1,97,,9035,17,,,1,98,,9031,17,,,1,97,,9030,17,,,1,98,,9033,17,,,1,100,,9032,17,,,1,100,,9034,17,,,1
6001,'SAM',649,,9048,17,,,1,102,,9058,17,,,1,101,,9057,17,,,1,94,,9060,17,,,1,108,,9056,17,,,1,103,,9054,17,,,1,147,,9062,17,,,1,100,,9061,17,,,1,107,,9055,17,,,1,94,,9059,17,,,1,98,,9046,17,,,1,56,,9050,17,,,1,97,,9051,17,,,1,98,,9045,17,,,1,97,,9049,17,,,1,98,,9047,17,,,1,100,,9053,17,,,1,100,,9052,17,,,1
6001,'SEM',530,,9079,17,,,1,102,,9063,17,,,1,93,,9064,17,,,1,31,,9066,17,,,1,85,,9069,17,,,1,91,,9080,17,,,1,102,,9081,17,,,1,99,,9065,17,,,1,100,,9067,17,,,1,101,,9082,17,,,1,100,,9071,17,,,1,99,,9068,17,,,1,108,,9074,17,,,1,101,,9070,17,,,1,94,,9077,17,,,1,99,,9073,17,,,1,90,,9076,17,,,1,100,,9078,17,,,1,95,,9072,17,,,1,100,,9075,17,,,1
6602,'DIM',706,,9636,8,,,1,103,,3688,8,,,1,101,,9644,8,,,1,100,,3696,8,,,1,103,,9632,8,,,1,99,,9645,8,,,1,100,,9642,8,,,1,133,,9634,8,,,1,94,,9643,8,,,1,76,,9633,8,,,1,30,,9639,8,,,1,70,,9631,8,,,1,30,,9646,8,,,1,68,,9637,8,,,1,100,,9640,8,,,1,100,,9638,8,,,1,98,,9635,8,,,1,100,,9641,8,,,1
6602,'SAM',706,,9656,8,,,1,100,,9658,8,,,1,98,,9660,8,,,1,106,,9663,8,,,1,103,,9659,8,,,1,99,,9661,8,,,1,100,,9647,8,,,1,133,,9649,8,,,1,100,,9652,8,,,1,70,,9664,8,,,1,30,,9655,8,,,1,70,,9651,8,,,1,30,,9662,8,,,1,68,,9653,8,,,1,101,,9657,8,,,1,99,,9654,8,,,1,98,,9648,8,,,1,100,,9650,8,,,1
6602,'SEM',644,,9680,8,,,1,103,,9681,8,,,1,101,,9671,8,,,1,104,,9674,8,,,1,100,,9673,8,,,1,106,,9666,8,,,1,100,,9669,8,,,1,100,,9665,8,,,1,70,,9667,8,,,1,91,,9668,8,,,1,96,,9672,8,,,1,104,,9670,8,,,1,99,,9677,8,,,1,100,,9675,8,,,1,99,,9676,8,,,1,100,,9678,8,,,1,31,,9679,8,,,1
25504,'DIM',633,,10932,56,,,2,100,,10935,56,,,2,101,,10938,56,,,2,100,,10936,56,,,2,102,,10939,56,,,2,100,,10937,56,,,2,100,,10940,56,,,2,102,,10933,56,,,2,100,,10924,56,,,2,101,,10934,56,,,2,100,,10925,56,,,2,102,,10928,56,,,2,99,,10941,56,,,2,100,,10930,56,,,2,98,,10926,56,,,2,98,,10931,56,,,2,98,,10927,56,,,2,98,,10929,56,,,2
25504,'SAM',633,,10951,56,,,2,100,,10952,56,,,2,101,,10955,56,,,2,100,,10953,56,,,2,102,,10956,56,,,2,100,,10954,56,,,2,100,,10957,56,,,2,102,,10942,56,,,2,100,,10958,56,,,2,101,,10943,56,,,2,100,,4935,56,,,2,102,,10944,56,,,2,99,,10946,56,,,2,101,,10949,56,,,2,97,,10947,56,,,2,98,,10950,56,,,2,98,,10945,56,,,2,98,,10948,56,,,2
25504,'SEM',512,,10959,56,,,2,27,,10960,56,,,2,1570,,10964,56,,,2,97,,10962,56,,,2,98,,10961,56,,,2,55,,10963,56,,,2
71304,'SEM',557,,11330,8,,,2,69,,5052,8,,,2,77,,5056,8,,,2,26,,11333,8,,,2,28,,5053,8,,,2,70,,11331,8,,,2,100,,11337,8,,,2,95,,11339,8,,,2,100,,11334,8,,,2,100,,11332,8,,,2,100,,11335,8,,,2,100,,11336,8,,,2,100,,11338,8,,,2,89,,11017,8,,,2,104,,5063,8,,,2,99,,5066,8,,,2,100,,5064,8,,,2,100,,5067,8,,,2,100,,11018,8,,,2,100,,5060,8,,,2,100,,5643,8,,,2,109,,5068,8,,,2
