4504,'DIM',633,,2173,48,,,1,100,,8090,48,,,1,100,,2174,48,,,1,101,,8092,48,,,1,99,,8089,48,,,1,101,,8091,48,,,1,99,,8088,48,,,1,106,,8095,48,,,1,100,,8082,48,,,1,96,,8094,48,,,1,106,,8080,48,,,1,90,,8093,48,,,1,99,,8081,48,,,1,99,,8086,48,,,1,100,,8083,48,,,1,100,,8087,48,,,1,100,,8085,48,,,1,99,,8084,48,,,1
4504,'SAM',627,,8106,48,,,1,106,,8104,48,,,1,100,,8108,48,,,1,101,,8110,48,,,1,99,,8111,48,,,1,101,,8096,48,,,1,101,,8109,48,,,1,104,,8105,48,,,1,102,,8107,48,,,1,99,,8113,48,,,1,96,,8100,48,,,1,95,,8112,48,,,1,99,,8101,48,,,1,99,,8098,48,,,1,100,,8097,48,,,1,100,,8102,48,,,1,100,,8099,48,,,1,99,,8103,48,,,1
4504,'SEM',549,,8137,48,,,1,58,,8141,48,,,1,40,,8136,48,,,1,68,,8117,48,,,1,11,,8121,48,,,1,13,,8125,48,,,1,14,,8126,48,,,1,65,,8114,48,,,1,12,,8124,48,,,1,85,,8115,48,,,1,112,,8122,48,,,1,108,,8138,48,,,1,96,,11285,48,,,1,94,,8140,48,,,1,101,,8127,48,,,1,85,,8118,48,,,1,40,,8120,48,,,1,57,,8119,48,,,1,28,,11286,48,,,1,78,,8123,48,,,1,40,,8116,48,,,1,73,,8135,48,,,1,106,,8133,48,,,1,102,,8132,48,,,1,102,,8128,48,,,1,93,,8130,48,,,1,95,,8131,48,,,1,95,,8134,48,,,1
5002,'DIM',622,,8511,39,,,1,100,,8523,39,,,1,101,,8518,39,,,1,100,,8524,39,,,1,101,,8527,39,,,1,24,,8517,39,,,1,72,,8519,39,,,1,28,,8530,39,,,1,79,,8522,39,,,1,28,,8520,39,,,1,77,,8529,39,,,1,24,,8516,39,,,1,76,,8521,39,,,1,21,,8525,39,,,1,74,,8507,39,,,1,31,,8505,39,,,1,74,,8528,39,,,1,26,,8526,39,,,1,76,,8512,39,,,1,101,,8514,39,,,1,99,,8515,39,,,1,100,,8506,39,,,1,100,,8509,39,,,1,100,,8508,39,,,1,96,,8510,39,,,1,100,,8513,39,,,1
5002,'SAM',617,,8536,39,,,1,105,,8544,39,,,1,101,,8547,39,,,1,100,,8551,39,,,1,102,,8542,39,,,1,23,,8553,39,,,1,76,,8556,39,,,1,27,,8545,39,,,1,76,,8552,39,,,1,26,,8554,39,,,1,74,,8546,39,,,1,28,,8548,39,,,1,75,,8555,39,,,1,71,,8532,39,,,1,32,,8549,39,,,1,23,,8531,39,,,1,72,,8550,39,,,1,30,,8537,39,,,1,76,,8539,39,,,1,101,,8538,39,,,1,99,,8540,39,,,1,100,,8533,39,,,1,100,,8534,39,,,1,99,,8541,39,,,1,97,,8535,39,,,1,100,,8543,39,,,1
5002,'SEM',513,,8563,39,,,1,35,,8586,39,,,1,69,,2661,39,,,1,29,,8559,39,,,1,71,,8587,39,,,1,14,,8571,39,,,1,74,,8558,39,,,1,17,,8568,39,,,1,32,,8557,39,,,1,69,,11292,39,,,1,27,,8565,39,,,1,70,,8588,39,,,1,30,,8589,39,,,1,70,,8573,39,,,1,30,,8566,39,,,1,69,,8564,39,,,1,30,,8590,39,,,1,71,,8585,39,,,1,30,,8560,39,,,1,70,,8576,39,,,1,80,,8561,39,,,1,41,,8577,39,,,1,75,,8569,39,,,1,27,,8574,39,,,1,67,,8570,39,,,1,30,,8562,39,,,1,68,,8567,39,,,1,29,,8575,39,,,1,71,,8582,39,,,1,104,,8580,39,,,1,105,,8583,39,,,1,100,,8578,39,,,1,111,,8579,39,,,1,100,,8581,39,,,1,96,,8584,39,,,1
6002,'DIM',703,,9084,21,,,1,99,,9093,21,,,1,101,,9092,21,,,1,101,,9096,21,,,1,100,,9094,21,,,1,101,,9098,21,,,1,100,,9095,21,,,1,100,,9097,21,,,1,100,,9099,21,,,1,99,,9083,21,,,1,100,,9100,21,,,1,100,,9090,21,,,1,98,,9086,21,,,1,101,,9085,21,,,1,100,,9088,21,,,1,100,,9087,21,,,1,100,,9089,21,,,1,99,,9091,21,,,1
6002,'SAM',703,,9114,21,,,1,99,,9113,21,,,1,55,,9116,21,,,1,147,,9112,21,,,1,100,,9110,21,,,1,101,,9118,21,,,1,100,,9117,21,,,1,97,,9111,21,,,1,103,,9115,21,,,1,99,,9102,21,,,1,100,,9106,21,,,1,100,,9107,21,,,1,98,,9101,21,,,1,101,,9105,21,,,1,100,,9103,21,,,1,100,,9109,21,,,1,100,,9108,21,,,1,99,,9104,21,,,1
6002,'SEM',639,,9119,21,,,1,118,,9135,21,,,1,82,,9134,21,,,1,102,,11298,21,,,1,96,,9121,21,,,1,100,,9123,21,,,1,100,,9137,21,,,1,100,,9136,21,,,1,97,,9124,21,,,1,104,,9120,21,,,1,101,,9125,21,,,1,99,,9131,21,,,1,100,,9127,21,,,1,98,,9130,21,,,1,98,,9133,21,,,1,99,,9126,21,,,1,100,,9129,21,,,1,89,,9128,21,,,1,100,,9132,21,,,1
34504,'SEM',2516,,10995,18,,,1,117,,10994,18,,,1
