1703,'DIM',634,,5976,32,,,1,84,,94,32,,,1,99,,5966,32,,,1,101,,5971,32,,,1,99,,5972,32,,,1,102,,5975,32,,,1,101,,5973,32,,,1,100,,5977,32,,,1,101,,5979,32,,,1,99,,5970,32,,,1,102,,5974,32,,,1,96,,5962,32,,,1,99,,5978,32,,,1,99,,5965,32,,,1,101,,5963,32,,,1,99,,5964,32,,,1,100,,5967,32,,,1,100,,89,32,,,1,102,,5969,32,,,1,119,,5968,32,,,1
1703,'SAM',550,,5991,32,,,1,84,,5983,32,,,1,84,,5990,32,,,1,98,,5996,32,,,1,102,,5993,32,,,1,100,,5994,32,,,1,103,,5992,32,,,1,99,,5998,32,,,1,100,,5989,32,,,1,101,,5995,32,,,1,99,,5999,32,,,1,102,,5997,32,,,1,97,,6000,32,,,1,98,,5980,32,,,1,98,,5981,32,,,1,100,,5982,32,,,1,99,,5988,32,,,1,102,,5986,32,,,1,100,,5987,32,,,1,103,,5984,32,,,1,120,,5985,32,,,1
1703,'SEM',605,,6021,32,,,1,114,,6003,32,,,1,103,,6009,32,,,1,96,,6008,32,,,1,99,,6024,32,,,1,101,,6011,32,,,1,101,,6007,32,,,1,100,,6004,32,,,1,99,,6005,32,,,1,97,,6010,32,,,1,38,,6012,32,,,1,64,,6006,32,,,1,36,,6001,32,,,1,66,,6017,32,,,1,32,,6002,32,,,1,75,,6014,32,,,1,29,,6013,32,,,1,68,,6019,32,,,1,98,,6015,32,,,1,99,,6016,32,,,1,99,,6020,32,,,1,100,,6018,32,,,1,92,,6023,32,,,1,108,,6022,32,,,1
3103,'DIM',648,,6925,34,,,1,99,,6924,34,,,1,100,,6929,34,,,1,101,,6932,34,,,1,99,,6933,34,,,1,101,,6930,34,,,1,100,,6926,34,,,1,102,,6928,34,,,1,101,,6916,34,,,1,96,,6927,34,,,1,101,,6931,34,,,1,101,,6920,34,,,1,98,,6918,34,,,1,98,,6919,34,,,1,102,,6917,34,,,1,99,,6923,34,,,1,100,,6922,34,,,1,100,,6921,34,,,1
3103,'SAM',648,,6946,34,,,1,100,,6949,34,,,1,99,,6947,34,,,1,100,,6950,34,,,1,98,,6952,34,,,1,101,,6934,34,,,1,102,,6944,34,,,1,101,,6948,34,,,1,100,,6945,34,,,1,102,,6951,34,,,1,97,,6937,34,,,1,101,,6938,34,,,1,99,,6941,34,,,1,97,,6935,34,,,1,100,,6942,34,,,1,101,,6943,34,,,1,102,,6936,34,,,1,97,,6940,34,,,1,98,,6939,34,,,1
3103,'SEM',645,,6975,34,,,1,101,,6954,34,,,1,101,,6972,34,,,1,99,,6974,34,,,1,100,,6973,34,,,1,101,,6953,34,,,1,101,,6971,34,,,1,100,,6956,34,,,1,100,,6957,34,,,1,99,,6961,34,,,1,63,,6963,34,,,1,37,,6958,34,,,1,60,,6955,34,,,1,39,,6968,34,,,1,68,,6970,34,,,1,30,,6964,34,,,1,72,,6960,34,,,1,36,,6966,34,,,1,101,,6959,34,,,1,99,,6962,34,,,1,101,,6967,34,,,1,96,,6965,34,,,1,110,,6969,34,,,1
3903,'DIM',852,,7275,45,,,1,100,,1387,55,,,1,56,,7266,55,,,1,34,,7269,55,,,1,68,,7274,55,,,1,32,,7263,55,,,1,71,,7273,55,,,1,31,,7262,55,,,1,69,,7255,55,,,1,35,,7265,55,,,1,65,,7264,55,,,1,28,,7268,55,,,1,67,,7271,55,,,1,37,,7270,55,,,1,70,,7258,55,,,1,29,,7267,55,,,1,70,,7272,55,,,1,26,,7260,55,,,1,10,,7253,55,,,1,64,,7259,55,,,1,25,,7252,55,,,1,99,,7257,55,,,1,99,,7261,55,,,1,98,,7254,55,,,1,104,,7256,55,,,1
3903,'SAM',852,,7299,45,,,1,100,,7291,55,,,1,56,,7295,55,,,1,34,,7292,55,,,1,70,,7288,55,,,1,30,,7294,55,,,1,71,,7296,55,,,1,28,,7287,55,,,1,72,,7286,55,,,1,34,,7289,55,,,1,67,,7276,55,,,1,31,,7277,55,,,1,65,,7293,55,,,1,35,,7280,55,,,1,70,,7297,55,,,1,29,,7281,55,,,1,70,,7283,55,,,1,26,,7290,55,,,1,11,,7284,55,,,1,63,,7298,55,,,1,25,,7282,55,,,1,101,,7285,55,,,1,97,,7278,55,,,1,98,,1409,55,,,1,104,,7279,55,,,1
3903,'SEM',749,,7304,55,,,1,103,,7310,55,,,1,100,,7309,55,,,1,70,,7305,55,,,1,28,,7324,55,,,1,70,,7303,55,,,1,30,,7327,55,,,1,71,,7325,55,,,1,30,,7326,55,,,1,71,,7302,55,,,1,31,,7308,55,,,1,73,,7300,55,,,1,32,,7306,55,,,1,56,,7313,55,,,1,31,,7314,55,,,1,14,,7315,55,,,1,65,,7320,55,,,1,16,,7301,55,,,1,66,,7307,55,,,1,29,,7322,55,,,1,72,,7312,55,,,1,33,,7311,55,,,1,77,,7319,55,,,1,97,,7321,55,,,1,104,,7317,55,,,1,99,,7316,55,,,1,98,,7318,55,,,1,36,,7323,55,,,1
7303,'DIM',703,,9874,32,,,1,99,,9869,32,,,1,102,,9871,32,,,1,99,,9868,32,,,1,101,,9870,32,,,1,99,,9872,32,,,1,102,,9861,32,,,1,99,,9867,32,,,1,100,,9873,32,,,1,100,,9875,32,,,1,101,,9859,32,,,1,100,,9860,32,,,1,97,,9857,32,,,1,100,,9862,32,,,1,100,,9865,32,,,1,100,,9858,32,,,1,99,,9863,32,,,1,101,,9866,32,,,1,106,,9864,32,,,1
7303,'SAM',607,,9890,32,,,1,96,,9877,32,,,1,99,,9894,32,,,1,102,,9892,32,,,1,99,,9879,32,,,1,101,,9891,32,,,1,100,,9895,32,,,1,100,,9893,32,,,1,101,,9876,32,,,1,100,,9896,32,,,1,100,,9897,32,,,1,100,,9882,32,,,1,100,,9878,32,,,1,98,,9884,32,,,1,99,,9883,32,,,1,100,,9880,32,,,1,100,,9881,32,,,1,99,,9885,32,,,1,102,,9886,32,,,1,105,,9888,32,,,1,102,,9887,32,,,1,98,,9889,32,,,1
7303,'SEM',557,,9942,32,,,1,65,,9939,32,,,1,79,,9940,32,,,1,8,,9908,32,,,1,37,,9904,32,,,1,63,,9911,32,,,1,41,,9913,32,,,1,54,,9921,32,,,1,29,,9903,32,,,1,70,,9901,32,,,1,30,,9943,32,,,1,70,,9915,32,,,1,30,,9909,32,,,1,70,,9941,32,,,1,30,,9910,32,,,1,70,,9918,32,,,1,30,,9944,32,,,1,70,,9902,32,,,1,30,,9919,32,,,1,68,,9899,32,,,1,32,,9912,32,,,1,70,,9945,32,,,1,21,,9898,32,,,1,17,,9926,32,,,1,18,,9914,32,,,1,53,,9900,32,,,1,13,,9905,32,,,1,14,,9907,32,,,1,14,,9906,32,,,1,52,,9929,32,,,1,13,,9916,32,,,1,17,,9922,32,,,1,14,,9917,32,,,1,59,,9928,32,,,1,34,,9932,32,,,1,66,,9920,32,,,1,33,,9923,32,,,1,68,,9935,32,,,1,29,,9925,32,,,1,70,,9927,32,,,1,27,,9924,32,,,1,73,,9931,32,,,1,30,,9936,32,,,1,70,,9938,32,,,1,35,,9930,32,,,1,70,,9933,32,,,1,27,,9934,32,,,1,162,,9937,32,,,1
7401,'DIM',733,,10038,32,,,2,99,,10039,32,,,2,101,,10045,32,,,2,100,,10043,32,,,2,101,,10040,32,,,2,100,,10041,32,,,2,102,,10042,32,,,2,100,,10046,32,,,2,100,,10044,32,,,2,98,,10047,32,,,2,100,,10031,32,,,2,98,,10035,32,,,2,100,,10037,32,,,2,101,,10036,32,,,2,101,,10034,32,,,2,98,,10032,32,,,2,99,,10033,32,,,2
7401,'SAM',734,,10058,32,,,2,100,,10056,32,,,2,101,,10061,32,,,2,100,,10064,32,,,2,100,,10059,32,,,2,100,,10062,32,,,2,99,,10057,32,,,2,102,,10063,32,,,2,100,,10060,32,,,2,100,,10050,32,,,2,98,,10048,32,,,2,100,,10054,32,,,2,100,,10055,32,,,2,101,,10053,32,,,2,101,,10049,32,,,2,96,,10051,32,,,2,99,,10052,32,,,2
7401,'SEM',635,,10082,32,,,2,98,,10083,32,,,2,100,,10069,32,,,2,105,,10071,32,,,2,97,,10068,32,,,2,100,,10081,32,,,2,102,,10084,32,,,2,101,,10067,32,,,2,100,,10065,32,,,2,100,,10072,32,,,2,93,,10066,32,,,2,101,,10075,32,,,2,27,,10070,32,,,2,79,,10079,32,,,2,98,,10073,32,,,2,98,,10077,32,,,2,99,,10076,32,,,2,97,,10074,32,,,2,103,,10078,32,,,2,98,,10080,32,,,2
