14402,'DIM',730,,10440,4,,,2,97,,10442,4,,,2,85,,10447,4,,,2,99,,10452,4,,,2,38,,10450,4,,,2,67,,10441,4,,,2,32,,10453,4,,,2,80,,10451,4,,,2,28,,10444,4,,,2,73,,10454,4,,,2,79,,10443,4,,,2,28,,10445,4,,,2,75,,10446,4,,,2,39,,10448,4,,,2,68,,10430,4,,,2,34,,10429,4,,,2,79,,10449,4,,,2,28,,10431,4,,,2,74,,10435,4,,,2,100,,10437,4,,,2,86,,10432,4,,,2,97,,10438,4,,,2,98,,10433,4,,,2,97,,10439,4,,,2,103,,10434,4,,,2,97,,10436,4,,,2
14402,'SAM',730,,10471,4,,,2,97,,10466,4,,,2,85,,10472,4,,,2,99,,10467,4,,,2,38,,10477,4,,,2,67,,10480,4,,,2,32,,10473,4,,,2,80,,10478,4,,,2,28,,10468,4,,,2,73,,10474,4,,,2,79,,10479,4,,,2,28,,10469,4,,,2,75,,10475,4,,,2,39,,10476,4,,,2,68,,10470,4,,,2,34,,10457,4,,,2,77,,10458,4,,,2,30,,10481,4,,,2,74,,10461,4,,,2,100,,10455,4,,,2,86,,10459,4,,,2,97,,10456,4,,,2,98,,10460,4,,,2,97,,10465,4,,,2,103,,10464,4,,,2,97,,10462,4,,,2,100,,10463,4,,,2
14402,'SEM',539,,10516,4,,,2,90,,10502,4,,,2,97,,10519,4,,,2,110,,10495,4,,,2,87,,10483,4,,,2,29,,10496,4,,,2,71,,10511,4,,,2,35,,10494,4,,,2,67,,10486,4,,,2,30,,10492,4,,,2,76,,10497,4,,,2,28,,10485,4,,,2,72,,10487,4,,,2,78,,10484,4,,,2,28,,10491,4,,,2,76,,10500,4,,,2,22,,10517,4,,,2,18,,10518,4,,,2,48,,10506,4,,,2,7,,10507,4,,,2,18,,10490,4,,,2,13,,10499,4,,,2,15,,10503,4,,,2,60,,10482,4,,,2,8,,10488,4,,,2,11,,10489,4,,,2,19,,10493,4,,,2,53,,10512,4,,,2,22,,10498,4,,,2,16,,10504,4,,,2,64,,10508,4,,,2,96,,10515,4,,,2,50,,10501,4,,,2,97,,10505,4,,,2,102,,10510,4,,,2,100,,11196,4,,,2,102,,10513,4,,,2,152,,10514,4,,,2
15103,'DIM',628,,10539,4,,,2,14,,10541,4,,,2,62,,10537,4,,,2,20,,10522,4,,,2,20,,10543,4,,,2,71,,10545,4,,,2,25,,10540,4,,,2,74,,10538,4,,,2,31,,10533,4,,,2,78,,10546,4,,,2,27,,10552,4,,,2,74,,10544,4,,,2,34,,10534,4,,,2,78,,10547,4,,,2,69,,10542,4,,,2,37,,10550,4,,,2,75,,10553,4,,,2,37,,10548,4,,,2,69,,10554,4,,,2,79,,10551,4,,,2,33,,10523,4,,,2,77,,10549,4,,,2,29,,10555,4,,,2,76,,10520,4,,,2,32,,10525,4,,,2,76,,10530,4,,,2,27,,10532,4,,,2,71,,10521,4,,,2,31,,10524,4,,,2,73,,10531,4,,,2,29,,10526,4,,,2,70,,10535,4,,,2,32,,10528,4,,,2,93,,10527,4,,,2,99,,10529,4,,,2,74,,10536,4,,,2
15103,'SAM',628,,10579,4,,,2,11,,10581,4,,,2,65,,10575,4,,,2,20,,10577,4,,,2,20,,10580,4,,,2,71,,10584,4,,,2,24,,10582,4,,,2,75,,10576,4,,,2,31,,10578,4,,,2,78,,10585,4,,,2,21,,10591,4,,,2,80,,10573,4,,,2,34,,10587,4,,,2,78,,10586,4,,,2,69,,10592,4,,,2,39,,10574,4,,,2,72,,10588,4,,,2,38,,10589,4,,,2,69,,10583,4,,,2,79,,10557,4,,,2,32,,10556,4,,,2,78,,10590,4,,,2,29,,10559,4,,,2,76,,10558,4,,,2,32,,10566,4,,,2,76,,10564,4,,,2,27,,10568,4,,,2,74,,10571,4,,,2,28,,10567,4,,,2,73,,10565,4,,,2,29,,10560,4,,,2,70,,10572,4,,,2,32,,10562,4,,,2,96,,10561,4,,,2,96,,10563,4,,,2,74,,10570,4,,,2,93,,10569,4,,,2
15103,'SEM',555,,10643,4,,,2,60,,10593,4,,,2,21,,11146,4,,,2,9,,10638,4,,,2,55,,10646,4,,,2,25,,10647,4,,,2,20,,10598,4,,,2,14,,10597,4,,,2,66,,10639,4,,,2,24,,10611,4,,,2,61,,10607,4,,,2,18,,10651,4,,,2,18,,10594,4,,,2,61,,10601,4,,,2,29,,10609,4,,,2,21,,10612,4,,,2,59,,10606,4,,,2,18,,10640,4,,,2,17,,10633,4,,,2,61,,10644,4,,,2,31,,10642,4,,,2,60,,10645,4,,,2,19,,10648,4,,,2,20,,11197,4,,,2,63,,10596,4,,,2,21,,10603,4,,,2,19,,10599,4,,,2,61,,10650,4,,,2,18,,10652,4,,,2,17,,10616,4,,,2,8,,10621,4,,,2,10,,10595,4,,,2,47,,10605,4,,,2,13,,10604,4,,,2,8,,10602,4,,,2,4,,10619,4,,,2,14,,10610,4,,,2,8,,10613,4,,,2,6,,10627,4,,,2,55,,10600,4,,,2,17,,10625,4,,,2,12,,10608,4,,,2,13,,10614,4,,,2,57,,10617,4,,,2,20,,10637,4,,,2,69,,10622,4,,,2,30,,10624,4,,,2,70,,10615,4,,,2,26,,10632,4,,,2,75,,10631,4,,,2,30,,10636,4,,,2,73,,10618,4,,,2,30,,10620,4,,,2,66,,10623,4,,,2,33,,10626,4,,,2,71,,10628,4,,,2,37,,10630,4,,,2,76,,10629,4,,,2,40,,10635,4,,,2,66,,10634,4,,,2
24402,'SEM',1617,,10870,2,,,2,17,,10869,2,,,2
25103,'SEM',1516,,11199,2,,,1,17,,10871,2,,,1,105,,10873,2,,,1
71303,'DIM',632,,11165,4,,,2,69,,11166,4,,,2,25,,11167,4,,,2
71303,'SAM',632,,10996,4,,,2,69,,10997,4,,,2,25,,10998,4,,,2
71303,'SEM',613,,4999,4,,,2,95,,11148,4,,,2,112,,5004,4,,,2,101,,5725,4,,,2,100,,11169,4,,,2,100,,5841,4,,,2,100,,11172,4,,,2,100,,11168,4,,,2,100,,11170,4,,,2,89,,11004,4,,,2,30,,11002,4,,,2,71,,11008,4,,,2,30,,11171,4,,,2,71,,11005,4,,,2,31,,11003,4,,,2,69,,5016,4,,,2,100,,5018,4,,,2,100,,11006,4,,,2,99,,5010,4,,,2,99,,11007,4,,,2,100,,5019,4,,,2,100,,5639,4,,,2,102,,5020,4,,,2
