1704,'DIM',510,,6036,40,,,1,90,,6039,40,,,1,106,,6042,40,,,1,97,,6035,40,,,1,100,,6029,40,,,1,102,,6034,40,,,1,100,,6037,40,,,1,100,,6041,40,,,1,103,,6038,40,,,1,100,,6043,40,,,1,102,,6045,40,,,1,99,,6033,40,,,1,101,,6040,40,,,1,99,,6025,40,,,1,98,,6044,40,,,1,99,,6028,40,,,1,99,,6026,40,,,1,99,,6027,40,,,1,99,,6030,40,,,1,99,,6032,40,,,1,56,,6031,40,,,1
1704,'SAM',511,,6057,40,,,1,89,,6054,40,,,1,106,,6049,40,,,1,97,,6056,40,,,1,100,,6062,40,,,1,103,,6059,40,,,1,99,,6060,40,,,1,100,,6058,40,,,1,102,,6064,40,,,1,100,,6055,40,,,1,101,,6061,40,,,1,101,,6065,40,,,1,102,,6063,40,,,1,98,,6066,40,,,1,98,,6046,40,,,1,99,,6047,40,,,1,99,,6048,40,,,1,99,,6053,40,,,1,99,,6051,40,,,1,99,,6052,40,,,1,56,,6050,40,,,1
1704,'SEM',523,,6078,40,,,1,103,,6088,40,,,1,20,,6068,40,,,1,62,,6072,40,,,1,16,,6074,40,,,1,25,,6089,40,,,1,74,,6067,40,,,1,101,,6071,40,,,1,84,,6076,40,,,1,99,,6070,40,,,1,101,,6079,40,,,1,100,,6075,40,,,1,100,,6069,40,,,1,102,,6073,40,,,1,103,,6077,40,,,1,98,,6084,40,,,1,101,,6082,40,,,1,98,,6080,40,,,1,98,,6086,40,,,1,100,,6081,40,,,1,98,,6083,40,,,1,100,,6087,40,,,1,99,,6085,40,,,1
2704,'DIM',757,,6871,45,,,2,101,,6872,45,,,2,100,,6874,45,,,2,99,,6869,45,,,2,95,,6870,45,,,2,105,,6873,45,,,2,102,,6868,45,,,2,100,,6867,45,,,2,95,,6861,45,,,2,101,,6862,45,,,2,145,,6866,45,,,2,59,,6860,45,,,2,100,,6859,45,,,2,98,,6865,45,,,2,100,,6863,45,,,2,100,,6864,45,,,2
2704,'SAM',656,,6890,45,,,2,101,,6887,45,,,2,100,,6885,45,,,2,96,,6889,45,,,2,104,,6891,45,,,2,95,,6884,45,,,2,105,,6875,45,,,2,96,,6886,45,,,2,106,,6888,45,,,2,146,,6880,45,,,2,95,,6882,45,,,2,100,,6883,45,,,2,59,,6878,45,,,2,100,,6881,45,,,2,98,,6877,45,,,2,100,,6879,45,,,2,99,,6876,45,,,2
2704,'SEM',621,,6911,45,,,2,29,,6895,45,,,2,74,,6893,45,,,2,24,,6898,45,,,2,64,,6913,45,,,2,29,,6910,45,,,2,79,,6892,45,,,2,80,,6897,45,,,2,56,,6914,45,,,2,150,,6912,45,,,2,95,,6894,45,,,2,50,,6915,45,,,2,101,,6901,45,,,2,105,,6896,45,,,2,79,,6900,45,,,2,80,,6899,45,,,2,16,,6908,45,,,2,27,,6904,45,,,2,73,,6906,45,,,2,73,,6905,45,,,2,100,,6903,45,,,2,45,,6909,45,,,2,99,,6902,45,,,2,100,,6907,45,,,2
3104,'DIM',630,,1107,50,,,1,103,,6985,50,,,1,100,,6984,50,,,1,102,,6989,50,,,1,102,,6992,50,,,1,100,,6993,50,,,1,101,,6990,50,,,1,101,,6986,50,,,1,102,,6988,50,,,1,102,,6976,50,,,1,96,,6987,50,,,1,101,,6991,50,,,1,97,,6979,50,,,1,100,,6978,50,,,1,99,,6980,50,,,1,99,,6977,50,,,1,99,,6983,50,,,1,98,,6982,50,,,1,101,,6981,50,,,1
3104,'SAM',529,,7010,50,,,1,99,,7004,50,,,1,105,,7006,50,,,1,101,,7009,50,,,1,101,,7007,50,,,1,101,,7011,50,,,1,99,,7013,50,,,1,101,,6994,50,,,1,103,,7003,50,,,1,101,,7008,50,,,1,101,,7005,50,,,1,102,,7012,50,,,1,97,,6997,50,,,1,99,,6998,50,,,1,98,,7000,50,,,1,99,,6995,50,,,1,99,,7001,50,,,1,99,,7002,50,,,1,98,,6996,50,,,1,101,,6999,50,,,1
3104,'SEM',500,,7030,50,,,1,31,,1143,50,,,1,85,,7031,50,,,1,22,,7033,50,,,1,63,,7016,50,,,1,34,,7018,50,,,1,72,,7029,50,,,1,30,,7015,50,,,1,70,,7017,50,,,1,31,,7034,50,,,1,100,,7036,50,,,1,100,,7035,50,,,1,100,,7014,50,,,1,100,,7032,50,,,1,100,,7019,50,,,1,104,,7020,50,,,1,102,,7023,50,,,1,101,,7021,50,,,1,97,,7028,50,,,1,97,,7025,50,,,1,101,,7026,50,,,1,99,,7022,50,,,1,99,,7024,50,,,1,105,,7027,50,,,1
4304,'DIM',506,,2049,25,,,1,103,,2043,25,,,1,101,,7958,25,,,1,102,,7959,25,,,1,101,,7960,25,,,1,100,,7953,25,,,1,106,,7954,25,,,1,102,,7961,25,,,1,99,,7964,25,,,1,102,,7962,25,,,1,98,,7965,25,,,1,102,,7963,25,,,1,100,,7948,25,,,1,105,,7952,25,,,1,95,,7957,25,,,1,100,,7956,25,,,1,100,,7950,25,,,1,99,,7949,25,,,1,99,,7951,25,,,1,91,,7955,25,,,1
4304,'SAM',506,,2068,25,,,1,103,,7976,25,,,1,101,,7972,25,,,1,102,,7973,25,,,1,101,,7977,25,,,1,104,,7980,25,,,1,103,,7983,25,,,1,101,,7981,25,,,1,100,,7966,25,,,1,104,,7982,25,,,1,98,,7979,25,,,1,98,,7978,25,,,1,101,,7985,25,,,1,100,,7984,25,,,1,102,,7967,25,,,1,98,,7969,25,,,1,100,,7968,25,,,1,99,,7974,25,,,1,99,,7971,25,,,1,91,,7970,25,,,1,100,,7975,25,,,1
4304,'SEM',527,,8011,25,,,1,32,,8014,25,,,1,76,,7987,25,,,1,20,,7991,25,,,1,60,,7994,25,,,1,21,,8001,25,,,1,23,,8015,25,,,1,67,,8007,25,,,1,33,,7990,25,,,1,70,,7993,25,,,1,73,,7998,25,,,1,28,,7989,25,,,1,70,,7986,25,,,1,30,,8018,25,,,1,70,,8002,25,,,1,30,,7992,25,,,1,70,,8016,25,,,1,30,,8017,25,,,1,70,,7997,25,,,1,31,,7999,25,,,1,71,,7996,25,,,1,31,,7988,25,,,1,72,,8000,25,,,1,26,,7995,25,,,1,70,,8005,25,,,1,57,,8004,25,,,1,95,,8003,25,,,1,99,,8013,25,,,1,100,,8009,25,,,1,99,,8010,25,,,1,100,,8006,25,,,1,150,,8008,25,,,1,22,,8012,25,,,1
6001,'DIM',813,,9029,49,,,1,103,,9037,49,,,1,101,,9036,49,,,1,103,,9040,49,,,1,104,,9038,49,,,1,107,,9042,49,,,1,100,,9039,49,,,1,101,,9041,49,,,1,100,,9043,49,,,1,98,,9028,49,,,1,95,,9044,49,,,1,95,,9035,49,,,1,97,,9031,49,,,1,97,,9030,49,,,1,97,,9033,49,,,1,100,,9032,49,,,1,100,,9034,49,,,1
6001,'SAM',709,,9048,49,,,1,104,,9058,49,,,1,103,,9057,49,,,1,95,,9060,49,,,1,109,,9056,49,,,1,104,,9054,49,,,1,107,,9062,49,,,1,100,,9061,49,,,1,107,,9055,49,,,1,94,,9059,49,,,1,98,,9046,49,,,1,95,,9050,49,,,1,95,,9051,49,,,1,97,,9045,49,,,1,97,,9049,49,,,1,97,,9047,49,,,1,100,,9053,49,,,1,100,,9052,49,,,1
6001,'SEM',550,,9079,49,,,1,105,,9063,49,,,1,95,,9064,49,,,1,72,,9066,49,,,1,85,,9069,49,,,1,52,,9080,49,,,1,143,,9081,49,,,1,99,,9065,49,,,1,101,,9067,49,,,1,102,,9082,49,,,1,100,,9071,49,,,1,100,,9068,49,,,1,108,,9074,49,,,1,98,,9070,49,,,1,92,,9077,49,,,1,57,,9073,49,,,1,89,,9076,49,,,1,99,,9078,49,,,1,95,,9072,49,,,1,100,,9075,49,,,1
7304,'DIM',545,,4008,68,,,1,70,,3997,68,,,1,102,,9957,68,,,1,101,,9963,68,,,1,101,,9958,68,,,1,102,,9960,68,,,1,101,,9956,68,,,1,100,,9959,68,,,1,101,,9961,68,,,1,101,,9950,68,,,1,101,,9955,68,,,1,101,,9962,68,,,1,100,,9964,68,,,1,98,,9948,68,,,1,98,,9949,68,,,1,99,,9946,68,,,1,99,,9951,68,,,1,99,,9953,68,,,1,98,,9947,68,,,1,101,,9952,68,,,1,99,,9954,68,,,1
7304,'SAM',545,,9987,68,,,1,70,,9975,68,,,1,104,,9979,68,,,1,99,,9967,68,,,1,101,,9983,68,,,1,102,,9981,68,,,1,102,,9968,68,,,1,101,,9980,68,,,1,99,,9984,68,,,1,101,,9982,68,,,1,101,,9965,68,,,1,102,,9985,68,,,1,99,,9986,68,,,1,98,,9971,68,,,1,98,,9966,68,,,1,99,,9973,68,,,1,99,,9972,68,,,1,99,,9969,68,,,1,98,,9970,68,,,1,101,,9974,68,,,1,99,,9976,68,,,1,100,,9978,68,,,1,99,,9977,68,,,1
7304,'SEM',509,,10017,68,,,1,44,,10015,68,,,1,81,,10026,68,,,1,18,,10028,68,,,1,66,,10027,68,,,1,12,,9994,68,,,1,12,,10023,68,,,1,13,,10000,68,,,1,61,,10003,68,,,1,16,,10024,68,,,1,15,,9995,68,,,1,66,,9992,68,,,1,29,,9998,68,,,1,82,,10007,68,,,1,29,,9993,68,,,1,70,,9990,68,,,1,30,,10029,68,,,1,70,,10002,68,,,1,35,,9996,68,,,1,66,,10025,68,,,1,30,,9997,68,,,1,70,,10004,68,,,1,30,,10030,68,,,1,72,,9991,68,,,1,82,,10005,68,,,1,13,,11305,68,,,1,19,,9988,68,,,1,75,,9999,68,,,1,15,,10012,68,,,1,25,,10011,68,,,1,73,,10001,68,,,1,74,,10018,68,,,1,23,,10016,68,,,1,32,,10008,68,,,1,66,,10014,68,,,1,31,,10020,68,,,1,71,,10006,68,,,1,27,,10009,68,,,1,70,,10021,68,,,1,29,,10010,68,,,1,70,,10013,68,,,1,100,,10019,68,,,1,93,,10022,68,,,1
7402,'DIM',645,,10092,81,,,2,102,,10096,81,,,2,102,,10095,81,,,2,101,,10097,81,,,2,102,,10099,81,,,2,101,,10088,81,,,2,100,,10093,81,,,2,101,,10094,81,,,2,102,,10098,81,,,2,99,,10100,81,,,2,99,,10101,81,,,2,100,,10085,81,,,2,98,,10087,81,,,2,98,,10089,81,,,2,99,,10091,81,,,2,100,,10090,81,,,2,99,,10086,81,,,2
7402,'SAM',645,,10112,81,,,2,102,,10115,81,,,2,100,,10103,81,,,2,101,,10117,81,,,2,104,,10116,81,,,2,101,,10111,81,,,2,99,,10114,81,,,2,101,,10113,81,,,2,103,,10102,81,,,2,99,,10118,81,,,2,100,,10105,81,,,2,97,,10106,81,,,2,98,,10107,81,,,2,100,,10110,81,,,2,98,,10104,81,,,2,100,,10108,81,,,2,99,,10109,81,,,2
7402,'SEM',608,,10136,81,,,2,48,,10137,81,,,2,56,,10122,81,,,2,47,,10126,81,,,2,96,,10121,81,,,2,98,,10124,81,,,2,98,,10133,81,,,2,100,,10125,81,,,2,100,,10134,81,,,2,100,,10119,81,,,2,100,,10123,81,,,2,106,,10120,81,,,2,99,,10128,81,,,2,101,,10132,81,,,2,96,,10127,81,,,2,98,,10131,81,,,2,99,,10135,81,,,2,99,,10130,81,,,2,100,,10129,81,,,2
33504,'DIM',1305,,10989,2,,,2,1029,,11247,2,,,2
33504,'SAM',1305,,10990,2,,,2,1029,,11248,2,,,2
33504,'SEM',1305,,10991,2,,,2,1029,,11201,2,,,2
