3104,'DIM',641,,1107,63,4,,1,103,,6985,63,4,,1,102,,6984,63,4,,1,102,,6989,63,4,,1,103,,6992,63,4,,1,100,,6993,63,4,,1,102,,6990,63,4,,1,101,,6986,63,4,,1,102,,6988,63,4,,1,102,,6976,63,4,,1,95,,6987,63,4,,1,101,,6991,63,4,,1,97,,6979,63,4,,1,99,,6978,63,4,,1,99,,6980,63,4,,1,99,,6977,63,4,,1,99,,6983,63,4,,1,97,,6982,63,4,,1,100,,6981,63,4,,1
3104,'SAM',540,,7010,63,4,,1,99,,7004,63,4,,1,105,,7006,63,4,,1,103,,7009,63,4,,1,101,,7007,63,4,,1,102,,7011,63,4,,1,99,,7013,63,4,,1,102,,6994,63,4,,1,103,,7003,63,4,,1,101,,7008,63,4,,1,101,,7005,63,4,,1,101,,7012,63,4,,1,97,,6997,63,4,,1,99,,6998,63,4,,1,97,,7000,63,4,,1,99,,6995,63,4,,1,99,,7001,63,4,,1,99,,7002,63,4,,1,97,,6996,63,4,,1,100,,6999,63,4,,1
3104,'SEM',512,,7030,63,4,,1,32,,1143,63,4,,1,87,,7031,63,4,,1,23,,7033,63,4,,1,64,,7016,63,4,,1,33,,7018,63,4,,1,72,,7029,63,4,,1,30,,7015,63,4,,1,69,,7017,63,4,,1,31,,7034,63,4,,1,100,,7036,63,4,,1,100,,7035,63,4,,1,100,,7014,63,4,,1,100,,7032,63,4,,1,101,,7019,63,4,,1,105,,7020,63,4,,1,142,,7023,63,4,,1,100,,7021,63,4,,1,56,,7028,63,4,,1,97,,7025,63,4,,1,100,,7026,63,4,,1,99,,7022,63,4,,1,98,,7024,63,4,,1,104,,7027,63,4,,1
5202,'DIM',703,,8660,110,4,,2,112,,8657,110,4,,2,101,,8654,110,4,,2,100,,8655,110,4,,2,101,,8661,110,4,,2,100,,8659,110,4,,2,100,,8664,110,4,,2,102,,8656,110,4,,2,100,,8658,110,4,,2,100,,8648,110,4,,2,102,,8662,110,4,,2,98,,8663,110,4,,2,100,,8652,110,4,,2,98,,8651,110,4,,2,99,,8653,110,4,,2,100,,8649,110,4,,2,99,,8650,110,4,,2
5202,'SAM',703,,8678,110,4,,2,112,,8672,110,4,,2,99,,8675,110,4,,2,101,,8674,110,4,,2,102,,8676,110,4,,2,100,,8679,110,4,,2,99,,8680,110,4,,2,101,,8681,110,4,,2,102,,8666,110,4,,2,98,,8667,110,4,,2,105,,8677,110,4,,2,95,,8668,110,4,,2,102,,8665,110,4,,2,98,,8671,110,4,,2,100,,8673,110,4,,2,99,,8670,110,4,,2,99,,8669,110,4,,2
5202,'SEM',626,,8695,110,4,,2,94,,8694,110,4,,2,34,,8682,110,4,,2,69,,8697,110,4,,2,102,,8699,110,4,,2,98,,8687,110,4,,2,99,,8685,110,4,,2,100,,8696,110,4,,2,101,,8698,110,4,,2,100,,8700,110,4,,2,100,,8684,110,4,,2,104,,8686,110,4,,2,99,,8683,110,4,,2,99,,8692,110,4,,2,97,,8689,110,4,,2,98,,8693,110,4,,2,100,,8688,110,4,,2,99,,8691,110,4,,2,100,,8690,110,4,,2
25202,'SEM',557,,10885,62,4,,2,101,,10886,62,4,,2,188,,10884,62,4,,2
33504,'DIM',1317,,10989,5,4,,2
33504,'SAM',1317,,10990,5,4,,2
33504,'SEM',1317,,10991,5,4,,2
