1704,'DIM',456,,6036,11,,,1,90,,6039,11,,,1,105,,6042,11,,,1,96,,6035,11,,,1,97,,6029,11,,,1,100,,6034,11,,,1,100,,6037,11,,,1,100,,6041,11,,,1,103,,6038,11,,,1,100,,6043,11,,,1,102,,6045,11,,,1,100,,6033,11,,,1,101,,6040,11,,,1,102,,6025,11,,,1,98,,6044,11,,,1,99,,6028,11,,,1,99,,6026,11,,,1,102,,6027,11,,,1,99,,6030,11,,,1,99,,6032,11,,,1,96,,6031,11,,,1
1704,'SAM',457,,6057,11,,,1,89,,6054,11,,,1,105,,6049,11,,,1,96,,6056,11,,,1,97,,6062,11,,,1,101,,6059,11,,,1,99,,6060,11,,,1,100,,6058,11,,,1,102,,6064,11,,,1,100,,6055,11,,,1,101,,6061,11,,,1,102,,6065,11,,,1,102,,6063,11,,,1,101,,6066,11,,,1,98,,6046,11,,,1,99,,6047,11,,,1,99,,6048,11,,,1,102,,6053,11,,,1,99,,6051,11,,,1,99,,6052,11,,,1,96,,6050,11,,,1
1704,'SEM',506,,6078,11,,,1,102,,6088,11,,,1,20,,6068,11,,,1,20,,6072,11,,,1,55,,6074,11,,,1,25,,6089,11,,,1,73,,6067,11,,,1,102,,6071,11,,,1,45,,6076,11,,,1,100,,6070,11,,,1,101,,6079,11,,,1,100,,6075,11,,,1,100,,6069,11,,,1,100,,6073,11,,,1,103,,6077,11,,,1,98,,6084,11,,,1,103,,6082,11,,,1,100,,6080,11,,,1,99,,6086,11,,,1,100,,6081,11,,,1,99,,6083,11,,,1,101,,6087,11,,,1,99,,6085,11,,,1
3104,'DIM',615,,1107,21,,,1,101,,6985,21,,,1,100,,6984,21,,,1,100,,6989,21,,,1,101,,6992,21,,,1,100,,6993,21,,,1,101,,6990,21,,,1,101,,6986,21,,,1,102,,6988,21,,,1,102,,6976,21,,,1,96,,6987,21,,,1,101,,6991,21,,,1,98,,6979,21,,,1,101,,6978,21,,,1,99,,6980,21,,,1,101,,6977,21,,,1,101,,6983,21,,,1,98,,6982,21,,,1,101,,6981,21,,,1
3104,'SAM',515,,7010,21,,,1,98,,7004,21,,,1,103,,7006,21,,,1,101,,7009,21,,,1,99,,7007,21,,,1,100,,7011,21,,,1,99,,7013,21,,,1,101,,6994,21,,,1,103,,7003,21,,,1,101,,7008,21,,,1,101,,7005,21,,,1,102,,7012,21,,,1,97,,6997,21,,,1,100,,6998,21,,,1,99,,7000,21,,,1,99,,6995,21,,,1,101,,7001,21,,,1,101,,7002,21,,,1,98,,6996,21,,,1,101,,6999,21,,,1
3104,'SEM',447,,7030,21,,,1,68,,1143,21,,,1,44,,7031,21,,,1,61,,7033,21,,,1,23,,7016,21,,,1,72,,7018,21,,,1,32,,7029,21,,,1,70,,7015,21,,,1,30,,7017,21,,,1,71,,7034,21,,,1,100,,7036,21,,,1,100,,7035,21,,,1,100,,7014,21,,,1,100,,7032,21,,,1,100,,7019,21,,,1,103,,7020,21,,,1,102,,7023,21,,,1,101,,7021,21,,,1,98,,7028,21,,,1,99,,7025,21,,,1,102,,7026,21,,,1,101,,7022,21,,,1,99,,7024,21,,,1,106,,7027,21,,,1
3904,'DIM',817,,1465,11,,,1,99,,7336,11,,,1,95,,7342,11,,,1,14,,7340,11,,,1,34,,7344,11,,,1,68,,7349,11,,,1,74,,7337,11,,,1,30,,7348,11,,,1,71,,7335,11,,,1,29,,7330,11,,,1,76,,7339,11,,,1,25,,7338,11,,,1,68,,7343,11,,,1,27,,7346,11,,,1,77,,7345,11,,,1,30,,7332,11,,,1,70,,7341,11,,,1,30,,7347,11,,,1,80,,7333,11,,,1,45,,7328,11,,,1,100,,7331,11,,,1,97,,7334,11,,,1,100,,7329,11,,,1
3904,'SAM',817,,7364,11,,,1,101,,7363,11,,,1,93,,7365,11,,,1,14,,7369,11,,,1,76,,7366,11,,,1,30,,7361,11,,,1,70,,7368,11,,,1,30,,7370,11,,,1,70,,7360,11,,,1,30,,7359,11,,,1,75,,7362,11,,,1,29,,7350,11,,,1,69,,7351,11,,,1,25,,7367,11,,,1,75,,7354,11,,,1,30,,7371,11,,,1,70,,7355,11,,,1,30,,7357,11,,,1,80,,7352,11,,,1,45,,7356,11,,,1,100,,7358,11,,,1,97,,7353,11,,,1,100,,1475,11,,,1
3904,'SEM',606,,7394,11,,,1,38,,7375,11,,,1,12,,7382,11,,,1,50,,7384,11,,,1,33,,7376,11,,,1,69,,7374,11,,,1,37,,11141,11,,,1,65,,7383,11,,,1,30,,7397,11,,,1,70,,7381,11,,,1,30,,7393,11,,,1,70,,7391,11,,,1,30,,7373,11,,,1,70,,7396,11,,,1,30,,7392,11,,,1,70,,7395,11,,,1,35,,11190,11,,,1,70,,7378,11,,,1,30,,7372,11,,,1,73,,7377,11,,,1,105,,7386,11,,,1,107,,7379,11,,,1,105,,7390,11,,,1,102,,7388,11,,,1,99,,7389,11,,,1,99,,7387,11,,,1
4504,'DIM',614,,2173,11,,,1,100,,8090,11,,,1,99,,2174,11,,,1,101,,8092,11,,,1,99,,8089,11,,,1,101,,8091,11,,,1,98,,8088,11,,,1,106,,8095,11,,,1,100,,8082,11,,,1,96,,8094,11,,,1,106,,8080,11,,,1,90,,8093,11,,,1,100,,8081,11,,,1,100,,8086,11,,,1,100,,8083,11,,,1,100,,8087,11,,,1,100,,8085,11,,,1,100,,8084,11,,,1
4504,'SAM',608,,8106,11,,,1,106,,8104,11,,,1,99,,8108,11,,,1,101,,8110,11,,,1,99,,8111,11,,,1,101,,8096,11,,,1,100,,8109,11,,,1,104,,8105,11,,,1,102,,8107,11,,,1,99,,8113,11,,,1,96,,8100,11,,,1,95,,8112,11,,,1,100,,8101,11,,,1,100,,8098,11,,,1,100,,8097,11,,,1,100,,8102,11,,,1,100,,8099,11,,,1,100,,8103,11,,,1
4504,'SEM',527,,8137,11,,,1,18,,8141,11,,,1,77,,8136,11,,,1,26,,8117,11,,,1,10,,8121,11,,,1,53,,8125,11,,,1,14,,8126,11,,,1,26,,8114,11,,,1,52,,8124,11,,,1,46,,8115,11,,,1,154,,8122,11,,,1,108,,8138,11,,,1,96,,11194,11,,,1,94,,8140,11,,,1,101,,8127,11,,,1,44,,8118,11,,,1,78,,8120,11,,,1,18,,8119,11,,,1,68,,8129,11,,,1,38,,8123,11,,,1,83,,8116,11,,,1,73,,8135,11,,,1,108,,8133,11,,,1,102,,8132,11,,,1,103,,8128,11,,,1,94,,8130,11,,,1,95,,8131,11,,,1,95,,8134,11,,,1
