1703,'DIM',629,,5976,23,,,1,84,,94,23,,,1,99,,5966,23,,,1,100,,5971,23,,,1,99,,5972,23,,,1,101,,5975,23,,,1,101,,5973,23,,,1,100,,5977,23,,,1,101,,5979,23,,,1,99,,5970,23,,,1,102,,5974,23,,,1,96,,5962,23,,,1,100,,5978,23,,,1,99,,5965,23,,,1,101,,5963,23,,,1,99,,5964,23,,,1,101,,5967,23,,,1,100,,89,23,,,1,102,,5969,23,,,1,120,,5968,23,,,1
1703,'SAM',545,,5991,23,,,1,84,,5983,23,,,1,84,,5990,23,,,1,98,,5996,23,,,1,101,,5993,23,,,1,100,,5994,23,,,1,102,,5992,23,,,1,99,,5998,23,,,1,100,,5989,23,,,1,101,,5995,23,,,1,99,,5999,23,,,1,102,,5997,23,,,1,97,,6000,23,,,1,99,,5980,23,,,1,98,,5981,23,,,1,100,,5982,23,,,1,99,,5988,23,,,1,103,,5986,23,,,1,100,,5987,23,,,1,103,,5984,23,,,1,121,,5985,23,,,1
1703,'SEM',600,,6021,23,,,1,113,,6003,23,,,1,103,,6009,23,,,1,96,,6008,23,,,1,99,,6024,23,,,1,100,,6011,23,,,1,101,,6007,23,,,1,100,,6004,23,,,1,99,,6005,23,,,1,97,,11267,23,,,1,38,,6012,23,,,1,63,,6006,23,,,1,36,,6001,23,,,1,66,,6017,23,,,1,32,,6002,23,,,1,76,,6014,23,,,1,29,,6013,23,,,1,68,,6019,23,,,1,99,,6015,23,,,1,99,,6016,23,,,1,100,,6020,23,,,1,100,,6018,23,,,1,92,,6023,23,,,1,108,,6022,23,,,1
3103,'DIM',643,,6925,25,,,1,99,,6924,25,,,1,99,,6929,25,,,1,100,,6932,25,,,1,99,,6933,25,,,1,101,,6930,25,,,1,100,,6926,25,,,1,102,,6928,25,,,1,101,,6916,25,,,1,96,,6927,25,,,1,101,,6931,25,,,1,101,,6920,25,,,1,98,,6918,25,,,1,99,,6919,25,,,1,102,,6917,25,,,1,100,,6923,25,,,1,100,,6922,25,,,1,100,,6921,25,,,1
3103,'SAM',643,,6946,25,,,1,100,,6949,25,,,1,98,,6947,25,,,1,99,,6950,25,,,1,98,,6952,25,,,1,101,,6934,25,,,1,102,,6944,25,,,1,101,,6948,25,,,1,100,,6945,25,,,1,102,,6951,25,,,1,97,,6937,25,,,1,101,,6938,25,,,1,99,,6941,25,,,1,98,,6935,25,,,1,100,,6942,25,,,1,102,,6943,25,,,1,102,,6936,25,,,1,97,,6940,25,,,1,98,,6939,25,,,1
3103,'SEM',639,,6975,25,,,1,101,,6954,25,,,1,101,,6972,25,,,1,99,,6974,25,,,1,100,,6973,25,,,1,100,,6953,25,,,1,101,,6971,25,,,1,100,,6956,25,,,1,100,,6957,25,,,1,98,,6961,25,,,1,63,,6963,25,,,1,36,,6958,25,,,1,20,,6955,25,,,1,80,,6968,25,,,1,69,,6970,25,,,1,30,,6964,25,,,1,72,,6960,25,,,1,36,,6966,25,,,1,102,,6959,25,,,1,99,,6962,25,,,1,101,,6967,25,,,1,97,,6965,25,,,1,110,,6969,25,,,1
7303,'DIM',658,,9874,23,,,1,99,,9869,23,,,1,100,,9871,23,,,1,99,,9868,23,,,1,101,,9870,23,,,1,99,,9872,23,,,1,102,,9861,23,,,1,99,,9867,23,,,1,100,,9873,23,,,1,100,,9875,23,,,1,101,,9859,23,,,1,100,,9860,23,,,1,97,,9857,23,,,1,101,,9862,23,,,1,100,,9865,23,,,1,100,,9858,23,,,1,100,,9863,23,,,1,101,,9866,23,,,1,146,,9864,23,,,1
7303,'SAM',602,,9890,23,,,1,56,,9877,23,,,1,99,,9894,23,,,1,100,,9892,23,,,1,99,,9879,23,,,1,101,,9891,23,,,1,100,,9895,23,,,1,100,,9893,23,,,1,101,,9876,23,,,1,100,,9896,23,,,1,100,,9897,23,,,1,100,,9882,23,,,1,100,,9878,23,,,1,98,,9884,23,,,1,100,,9883,23,,,1,100,,9880,23,,,1,100,,9881,23,,,1,100,,9885,23,,,1,102,,9886,23,,,1,145,,9888,23,,,1,102,,9887,23,,,1,98,,9889,23,,,1
7303,'SEM',551,,9942,23,,,1,65,,9939,23,,,1,38,,9940,23,,,1,48,,9908,23,,,1,37,,9904,23,,,1,63,,9911,23,,,1,41,,9913,23,,,1,14,,9921,23,,,1,69,,9903,23,,,1,30,,9901,23,,,1,70,,9943,23,,,1,30,,9915,23,,,1,70,,9909,23,,,1,30,,9941,23,,,1,70,,9910,23,,,1,30,,9918,23,,,1,70,,9944,23,,,1,30,,9902,23,,,1,70,,9919,23,,,1,27,,9899,23,,,1,72,,9912,23,,,1,30,,9945,23,,,1,61,,9898,23,,,1,17,,9926,23,,,1,18,,9914,23,,,1,53,,9900,23,,,1,13,,9905,23,,,1,14,,9907,23,,,1,14,,9906,23,,,1,13,,9929,23,,,1,53,,9916,23,,,1,17,,9922,23,,,1,14,,9917,23,,,1,59,,9928,23,,,1,34,,9932,23,,,1,66,,9920,23,,,1,33,,9923,23,,,1,68,,9935,23,,,1,30,,9925,23,,,1,70,,9927,23,,,1,27,,9924,23,,,1,73,,9931,23,,,1,30,,9936,23,,,1,70,,9938,23,,,1,35,,9930,23,,,1,70,,9933,23,,,1,27,,9934,23,,,1,122,,9937,23,,,1
7401,'DIM',728,,10038,23,,,2,98,,10039,23,,,2,101,,10045,23,,,2,99,,10043,23,,,2,101,,10040,23,,,2,100,,10041,23,,,2,102,,10042,23,,,2,100,,10046,23,,,2,100,,10044,23,,,2,99,,10047,23,,,2,100,,10031,23,,,2,98,,10035,23,,,2,100,,10037,23,,,2,101,,10036,23,,,2,101,,10034,23,,,2,98,,10032,23,,,2,100,,10033,23,,,2
7401,'SAM',729,,10058,23,,,2,99,,10056,23,,,2,101,,10061,23,,,2,99,,10064,23,,,2,100,,10059,23,,,2,100,,10062,23,,,2,99,,10057,23,,,2,102,,10063,23,,,2,100,,10060,23,,,2,101,,10050,23,,,2,98,,10048,23,,,2,100,,10054,23,,,2,100,,10055,23,,,2,101,,10053,23,,,2,101,,10049,23,,,2,96,,10051,23,,,2,100,,10052,23,,,2
7401,'SEM',630,,10082,23,,,2,97,,10083,23,,,2,100,,10069,23,,,2,105,,10071,23,,,2,97,,10068,23,,,2,100,,10081,23,,,2,101,,10084,23,,,2,101,,10067,23,,,2,100,,10065,23,,,2,100,,10072,23,,,2,92,,10066,23,,,2,101,,10075,23,,,2,27,,10070,23,,,2,80,,10079,23,,,2,98,,10073,23,,,2,99,,10077,23,,,2,100,,10076,23,,,2,97,,10074,23,,,2,103,,10078,23,,,2,98,,10080,23,,,2
