201,'SAM',2556,,5883,15,,,1,81,,3,15,,,1,85,,5884,15,,,1
201,'SEM',2515,,5885,15,,,1,27,,5886,15,,,1,80,,5887,15,,,1,80,,5888,15,,,1
1704,'DIM',514,,6036,48,,,1,90,,6039,48,,,1,106,,6042,48,,,1,97,,6035,48,,,1,100,,6029,48,,,1,102,,6034,48,,,1,101,,6037,48,,,1,100,,6041,48,,,1,103,,6038,48,,,1,100,,6043,48,,,1,102,,6045,48,,,1,99,,6033,48,,,1,101,,6040,48,,,1,99,,6025,48,,,1,98,,6044,48,,,1,99,,6028,48,,,1,99,,6026,48,,,1,98,,6027,48,,,1,99,,6030,48,,,1,99,,6032,48,,,1,96,,6031,48,,,1
1704,'SAM',515,,6057,48,,,1,89,,6054,48,,,1,106,,6049,48,,,1,97,,6056,48,,,1,100,,6062,48,,,1,103,,6059,48,,,1,100,,6060,48,,,1,100,,6058,48,,,1,102,,6064,48,,,1,100,,6055,48,,,1,101,,6061,48,,,1,101,,6065,48,,,1,102,,6063,48,,,1,98,,6066,48,,,1,98,,6046,48,,,1,99,,6047,48,,,1,99,,6048,48,,,1,98,,6053,48,,,1,99,,6051,48,,,1,99,,6052,48,,,1,96,,6050,48,,,1
1704,'SEM',527,,6078,48,,,1,103,,6088,48,,,1,21,,6068,48,,,1,64,,6072,48,,,1,16,,6074,48,,,1,25,,6089,48,,,1,74,,6067,48,,,1,100,,6071,48,,,1,84,,6076,48,,,1,99,,6070,48,,,1,101,,6079,48,,,1,100,,6075,48,,,1,100,,6069,48,,,1,102,,6073,48,,,1,103,,6077,48,,,1,98,,6084,48,,,1,101,,6082,48,,,1,97,,6080,48,,,1,98,,6086,48,,,1,100,,6081,48,,,1,98,,6083,48,,,1,99,,6087,48,,,1,99,,6085,48,,,1
2704,'DIM',801,,6871,53,,,2,101,,6872,53,,,2,100,,6874,53,,,2,99,,6869,53,,,2,56,,6870,53,,,2,145,,6873,53,,,2,102,,6868,53,,,2,100,,6867,53,,,2,55,,6861,53,,,2,141,,6862,53,,,2,105,,6866,53,,,2,98,,6860,53,,,2,100,,6859,53,,,2,98,,6865,53,,,2,100,,6863,53,,,2,100,,6864,53,,,2
2704,'SAM',700,,6890,53,,,2,101,,6887,53,,,2,100,,6885,53,,,2,56,,6889,53,,,2,144,,6891,53,,,2,56,,6884,53,,,2,145,,6875,53,,,2,56,,6886,53,,,2,146,,6888,53,,,2,106,,6880,53,,,2,95,,6882,53,,,2,100,,6883,53,,,2,98,,6878,53,,,2,100,,6881,53,,,2,98,,6877,53,,,2,100,,6879,53,,,2,99,,6876,53,,,2
2704,'SEM',625,,6911,53,,,2,31,,6895,53,,,2,75,,6893,53,,,2,24,,6898,53,,,2,64,,6913,53,,,2,29,,6910,53,,,2,79,,6892,53,,,2,78,,6897,53,,,2,96,,6914,53,,,2,110,,6912,53,,,2,95,,6894,53,,,2,50,,6915,53,,,2,101,,6901,53,,,2,147,,6896,53,,,2,39,,6900,53,,,2,79,,6899,53,,,2,16,,6908,53,,,2,66,,6904,53,,,2,33,,6906,53,,,2,73,,6905,53,,,2,99,,6903,53,,,2,45,,6909,53,,,2,99,,6902,53,,,2,100,,6907,53,,,2
3104,'DIM',634,,1107,58,,,1,103,,6985,58,,,1,100,,6984,58,,,1,102,,6989,58,,,1,103,,6992,58,,,1,100,,6993,58,,,1,101,,6990,58,,,1,101,,6986,58,,,1,102,,6988,58,,,1,102,,6976,58,,,1,96,,6987,58,,,1,101,,6991,58,,,1,97,,6979,58,,,1,100,,6978,58,,,1,99,,6980,58,,,1,99,,6977,58,,,1,99,,6983,58,,,1,97,,6982,58,,,1,101,,6981,58,,,1
3104,'SAM',533,,7010,58,,,1,99,,7004,58,,,1,105,,7006,58,,,1,101,,7009,58,,,1,101,,7007,58,,,1,102,,7011,58,,,1,99,,7013,58,,,1,101,,6994,58,,,1,103,,7003,58,,,1,101,,7008,58,,,1,101,,7005,58,,,1,102,,7012,58,,,1,97,,6997,58,,,1,99,,6998,58,,,1,98,,7000,58,,,1,99,,6995,58,,,1,99,,7001,58,,,1,99,,7002,58,,,1,97,,6996,58,,,1,101,,6999,58,,,1
3104,'SEM',504,,7030,58,,,1,31,,1143,58,,,1,87,,7031,58,,,1,22,,7033,58,,,1,64,,7016,58,,,1,34,,7018,58,,,1,72,,7029,58,,,1,30,,7015,58,,,1,69,,7017,58,,,1,31,,7034,58,,,1,100,,7036,58,,,1,100,,7035,58,,,1,100,,7014,58,,,1,100,,7032,58,,,1,101,,7019,58,,,1,104,,7020,58,,,1,102,,7023,58,,,1,101,,7021,58,,,1,96,,7028,58,,,1,97,,7025,58,,,1,100,,7026,58,,,1,99,,7022,58,,,1,98,,7024,58,,,1,105,,7027,58,,,1
4304,'DIM',510,,2049,33,,,1,103,,2043,33,,,1,101,,7958,33,,,1,102,,7959,33,,,1,101,,7960,33,,,1,100,,7953,33,,,1,107,,7954,33,,,1,102,,7961,33,,,1,99,,7964,33,,,1,102,,7962,33,,,1,98,,7965,33,,,1,102,,7963,33,,,1,99,,7948,33,,,1,105,,7952,33,,,1,95,,7957,33,,,1,100,,7956,33,,,1,100,,7950,33,,,1,99,,7949,33,,,1,99,,7951,33,,,1,91,,7955,33,,,1
4304,'SAM',510,,2068,33,,,1,103,,7976,33,,,1,101,,7972,33,,,1,102,,7973,33,,,1,101,,7977,33,,,1,104,,7980,33,,,1,104,,7983,33,,,1,101,,7981,33,,,1,100,,7966,33,,,1,104,,7982,33,,,1,98,,7979,33,,,1,98,,7978,33,,,1,100,,7985,33,,,1,100,,7984,33,,,1,102,,7967,33,,,1,98,,7969,33,,,1,100,,7968,33,,,1,99,,7974,33,,,1,99,,7971,33,,,1,91,,7970,33,,,1,100,,7975,33,,,1
4304,'SEM',531,,8011,33,,,1,73,,8014,33,,,1,36,,7987,33,,,1,60,,7991,33,,,1,21,,7994,33,,,1,22,,8001,33,,,1,63,,8015,33,,,1,27,,8007,33,,,1,72,,7990,33,,,1,29,,7993,33,,,1,73,,7998,33,,,1,28,,7989,33,,,1,70,,7986,33,,,1,30,,8018,33,,,1,70,,8002,33,,,1,30,,7992,33,,,1,70,,8016,33,,,1,30,,8017,33,,,1,70,,7997,33,,,1,32,,7999,33,,,1,71,,7996,33,,,1,31,,7988,33,,,1,72,,8000,33,,,1,26,,7995,33,,,1,70,,8005,33,,,1,96,,8004,33,,,1,54,,8003,33,,,1,99,,8013,33,,,1,100,,8009,33,,,1,99,,8010,33,,,1,100,,8006,33,,,1,150,,8008,33,,,1,22,,8012,33,,,1
4804,'DIM',610,,2444,63,,,1,110,,8366,63,,,1,104,,8365,63,,,1,108,,8362,63,,,1,108,,8367,63,,,1,101,,8364,63,,,1,99,,8368,63,,,1,104,,8370,63,,,1,97,,8363,63,,,1,106,,8369,63,,,1,100,,8357,63,,,1,99,,8360,63,,,1,97,,8358,63,,,1,98,,8361,63,,,1,97,,8356,63,,,1,100,,8354,63,,,1,100,,8359,63,,,1,98,,8355,63,,,1
4804,'SAM',609,,8382,63,,,1,113,,8387,63,,,1,103,,8384,63,,,1,107,,8371,63,,,1,108,,8385,63,,,1,101,,8389,63,,,1,100,,8388,63,,,1,97,,8390,63,,,1,107,,8386,63,,,1,102,,8372,63,,,1,100,,8375,63,,,1,99,,8379,63,,,1,97,,8376,63,,,1,98,,8373,63,,,1,97,,8383,63,,,1,100,,8380,63,,,1,100,,8374,63,,,1,98,,8377,63,,,1,92,,8378,63,,,1,26,,8381,63,,,1
4804,'SEM',542,,2475,63,,,1,85,,8411,63,,,1,20,,8413,63,,,1,60,,8393,63,,,1,24,,8404,63,,,1,25,,8407,63,,,1,59,,8399,63,,,1,22,,8416,63,,,1,69,,8394,63,,,1,29,,8397,63,,,1,70,,8396,63,,,1,30,,8412,63,,,1,67,,8417,63,,,1,107,,8414,63,,,1,100,,8415,63,,,1,101,,8391,63,,,1,99,,8401,63,,,1,39,,8398,63,,,1,74,,8395,63,,,1,37,,8392,63,,,1,92,,8402,63,,,1,68,,8409,63,,,1,103,,8400,63,,,1,106,,8406,63,,,1,103,,8405,63,,,1,97,,8403,63,,,1,97,,8410,63,,,1,100,,8408,63,,,1
5802,'DIM',627,,8984,61,,,2,101,,8981,61,,,2,93,,3051,61,,,2,101,,8975,61,,,2,100,,8976,61,,,2,99,,8980,61,,,2,100,,8977,61,,,2,101,,8974,61,,,2,101,,8978,61,,,2,100,,8982,61,,,2,98,,8979,61,,,2,109,,8983,61,,,2,94,,8968,61,,,2,99,,8970,61,,,2,99,,8973,61,,,2,99,,8971,61,,,2,99,,8972,61,,,2,98,,8969,61,,,2
5802,'SAM',627,,9000,61,,,2,101,,8985,61,,,2,93,,8998,61,,,2,101,,9001,61,,,2,100,,8989,61,,,2,99,,8991,61,,,2,103,,8999,61,,,2,98,,8994,61,,,2,106,,8997,61,,,2,94,,8986,61,,,2,111,,8988,61,,,2,99,,9002,61,,,2,92,,8987,61,,,2,99,,8995,61,,,2,102,,8993,61,,,2,96,,8990,61,,,2,99,,8992,61,,,2,98,,8996,61,,,2
5802,'SEM',550,,9022,61,,,2,66,,9006,61,,,2,39,,9026,61,,,2,53,,9005,61,,,2,18,,9027,53,,,2,9,,9024,61,,,2,70,,9009,61,,,2,16,,9003,61,,,2,82,,9004,61,,,2,41,,9011,61,,,2,100,,9010,61,,,2,100,,9023,61,,,2,100,,9007,61,,,2,101,,9025,61,,,2,102,,9008,61,,,2,65,,9015,61,,,2,31,,9012,61,,,2,105,,9014,61,,,2,69,,9021,61,,,2,98,,9016,61,,,2,99,,9017,61,,,2,86,,9013,61,,,2,58,,9020,61,,,2,100,,9018,61,,,2,99,,9019,61,,,2
6001,'DIM',817,,9029,57,,,1,103,,9037,57,,,1,101,,9036,57,,,1,103,,9040,57,,,1,106,,9038,57,,,1,107,,9042,57,,,1,100,,9039,57,,,1,101,,9041,57,,,1,100,,9043,57,,,1,98,,9028,57,,,1,93,,9044,57,,,1,95,,9035,57,,,1,97,,9031,57,,,1,97,,9030,57,,,1,97,,9033,57,,,1,100,,9032,57,,,1,100,,9034,57,,,1
6001,'SAM',713,,9048,57,,,1,104,,9058,57,,,1,103,,9057,57,,,1,95,,9060,57,,,1,109,,9056,57,,,1,106,,9054,57,,,1,107,,9062,57,,,1,100,,9061,57,,,1,107,,9055,57,,,1,94,,9059,57,,,1,98,,9046,57,,,1,93,,9050,57,,,1,95,,9051,57,,,1,97,,9045,57,,,1,97,,9049,57,,,1,97,,9047,57,,,1,100,,9053,57,,,1,100,,9052,57,,,1
6001,'SEM',554,,9079,57,,,1,147,,9063,57,,,1,55,,9064,57,,,1,72,,9066,57,,,1,85,,9069,57,,,1,91,,9080,57,,,1,103,,9081,57,,,1,99,,9065,57,,,1,101,,9067,57,,,1,102,,9082,57,,,1,101,,9071,57,,,1,101,,9068,57,,,1,108,,9074,57,,,1,97,,9070,57,,,1,91,,9077,57,,,1,96,,9073,57,,,1,49,,9076,57,,,1,99,,9078,57,,,1,95,,9072,57,,,1,100,,9075,57,,,1
7001,'DIM',743,,9696,81,,,1,100,,9699,81,,,1,102,,9698,81,,,1,101,,9702,81,,,1,66,,9703,81,,,1,31,,9705,81,,,1,64,,9700,81,,,1,43,,9704,81,,,1,60,,9701,81,,,1,38,,9707,81,,,1,71,,9706,81,,,1,32,,9683,81,,,1,61,,9697,81,,,1,38,,9682,81,,,1,60,,9687,81,,,1,34,,9684,81,,,1,75,,9689,81,,,1,32,,9686,81,,,1,74,,9688,81,,,1,29,,9693,81,,,1,94,,9691,81,,,1,99,,9690,81,,,1,100,,9685,81,,,1,99,,9694,81,,,1,98,,9695,81,,,1,96,,9692,81,,,1
7001,'SAM',743,,9728,81,,,1,100,,9726,81,,,1,102,,9731,81,,,1,101,,9727,81,,,1,67,,9733,81,,,1,28,,9732,81,,,1,67,,9730,81,,,1,42,,9708,81,,,1,64,,9709,81,,,1,33,,9729,81,,,1,67,,9711,81,,,1,33,,9725,81,,,1,64,,9710,81,,,1,39,,9713,81,,,1,69,,9714,81,,,1,27,,9717,81,,,1,71,,9712,81,,,1,34,,9718,81,,,1,74,,9719,81,,,1,29,,9722,81,,,1,94,,9721,81,,,1,99,,9723,81,,,1,100,,9720,81,,,1,99,,9716,81,,,1,99,,9715,81,,,1,95,,9724,81,,,1
7001,'SEM',559,,9735,81,,,1,57,,9769,81,,,1,29,,9739,81,,,1,14,,9768,81,,,1,71,,9748,81,,,1,70,,9767,81,,,1,35,,9738,81,,,1,15,,9743,81,,,1,73,,9734,81,,,1,27,,9744,81,,,1,67,,9745,81,,,1,35,,9740,81,,,1,67,,9765,81,,,1,30,,9766,81,,,1,71,,9754,81,,,1,29,,9737,81,,,1,72,,9736,81,,,1,30,,9741,81,,,1,72,,9746,81,,,1,29,,9747,81,,,1,78,,9749,81,,,1,70,,9751,81,,,1,29,,9755,81,,,1,26,,9757,81,,,1,79,,9742,81,,,1,67,,9760,81,,,1,29,,9761,81,,,1,25,,9756,81,,,1,80,,9752,81,,,1,75,,9750,81,,,1,42,,9759,81,,,1,100,,9753,81,,,1,101,,9758,81,,,1,104,,9763,81,,,1,90,,9762,81,,,1,174,,9764,81,,,1
7304,'DIM',549,,4008,76,,,1,70,,3997,76,,,1,102,,9957,76,,,1,101,,9963,76,,,1,101,,9958,76,,,1,103,,9960,76,,,1,101,,9956,76,,,1,100,,9959,76,,,1,101,,9961,76,,,1,101,,9950,76,,,1,101,,9955,76,,,1,101,,9962,76,,,1,100,,9964,76,,,1,98,,9948,76,,,1,98,,9949,76,,,1,99,,9946,76,,,1,99,,9951,76,,,1,99,,9953,76,,,1,97,,9947,76,,,1,101,,9952,76,,,1,99,,9954,76,,,1
7304,'SAM',549,,9987,76,,,1,70,,9975,76,,,1,104,,9979,76,,,1,99,,9967,76,,,1,101,,9983,76,,,1,103,,9981,76,,,1,102,,9968,76,,,1,101,,9980,76,,,1,99,,9984,76,,,1,101,,9982,76,,,1,101,,9965,76,,,1,102,,9985,76,,,1,99,,9986,76,,,1,98,,9971,76,,,1,98,,9966,76,,,1,99,,9973,76,,,1,99,,9972,76,,,1,99,,9969,76,,,1,97,,9970,76,,,1,101,,9974,76,,,1,99,,9976,76,,,1,100,,9978,76,,,1,99,,9977,76,,,1
7304,'SEM',513,,10017,76,,,1,44,,10015,76,,,1,82,,10026,76,,,1,18,,10028,76,,,1,68,,10027,76,,,1,12,,9994,76,,,1,12,,10023,76,,,1,53,,10000,76,,,1,21,,10003,76,,,1,16,,10024,76,,,1,15,,9995,76,,,1,65,,9992,76,,,1,29,,9998,76,,,1,82,,10007,76,,,1,29,,9993,76,,,1,70,,9990,76,,,1,30,,10029,76,,,1,70,,10002,76,,,1,75,,9996,76,,,1,26,,10025,76,,,1,70,,9997,76,,,1,31,,10004,76,,,1,70,,10030,76,,,1,32,,9991,76,,,1,82,,10005,76,,,1,13,,9989,76,,,1,19,,9988,76,,,1,75,,9999,76,,,1,15,,10012,76,,,1,65,,10011,76,,,1,32,,10001,76,,,1,73,,10018,76,,,1,23,,10016,76,,,1,72,,10008,76,,,1,26,,10014,76,,,1,31,,10020,76,,,1,71,,10006,76,,,1,27,,10009,76,,,1,70,,10021,76,,,1,28,,10010,76,,,1,70,,10013,76,,,1,100,,10019,76,,,1,93,,10022,76,,,1
7402,'DIM',649,,10092,89,,,2,102,,10096,89,,,2,102,,10095,89,,,2,102,,10097,89,,,2,102,,10099,89,,,2,101,,10088,89,,,2,100,,10093,89,,,2,101,,10094,89,,,2,142,,10098,89,,,2,99,,10100,89,,,2,59,,10101,89,,,2,100,,10085,89,,,2,98,,10087,89,,,2,98,,10089,89,,,2,99,,10091,89,,,2,100,,10090,89,,,2,98,,10086,89,,,2
7402,'SAM',649,,10112,89,,,2,102,,10115,89,,,2,100,,10103,89,,,2,102,,10117,89,,,2,104,,10116,89,,,2,101,,10111,89,,,2,99,,10114,89,,,2,101,,10113,89,,,2,143,,10102,89,,,2,99,,10118,89,,,2,100,,10105,89,,,2,57,,10106,89,,,2,98,,10107,89,,,2,100,,10110,89,,,2,98,,10104,89,,,2,100,,10108,89,,,2,98,,10109,89,,,2
7402,'SEM',613,,10136,89,,,2,90,,10137,89,,,2,16,,10122,89,,,2,87,,10126,89,,,2,96,,10121,89,,,2,57,,10124,89,,,2,98,,10133,89,,,2,100,,10125,89,,,2,100,,10134,89,,,2,100,,10119,89,,,2,100,,10123,89,,,2,148,,10120,89,,,2,98,,10128,89,,,2,99,,10132,89,,,2,56,,10127,89,,,2,97,,10131,89,,,2,99,,10135,89,,,2,99,,10130,89,,,2,100,,10129,89,,,2
34504,'SEM',2528,,10995,38,,,1,117,,10994,38,,,1
