2202,'DIM',729,,6257,40,,,2,100,,6258,40,,,2,100,,6259,40,,,2,100,,6263,40,,,2,101,,6265,40,,,2,100,,6262,40,,,2,98,,6266,40,,,2,104,,6256,40,,,2,97,,6260,40,,,2,114,,6261,40,,,2,89,,6264,40,,,2,100,,6251,40,,,2,98,,6254,40,,,2,101,,6255,40,,,2,100,,6252,40,,,2,100,,6253,40,,,2
2202,'SAM',630,,6283,24,,,2,97,,6278,40,,,2,99,,6276,40,,,2,102,,6274,40,,,2,101,,6282,40,,,2,101,,6281,40,,,2,98,,6277,40,,,2,100,,6279,40,,,2,102,,6275,40,,,2,98,,6280,40,,,2,114,,6267,40,,,2,88,,6269,40,,,2,102,,6271,40,,,2,97,,6272,40,,,2,100,,6273,40,,,2,101,,6270,40,,,2,99,,6268,40,,,2
2202,'SEM',612,,6304,40,,,2,14,,6305,40,,,2,105,,6303,40,,,2,27,,6301,40,,,2,74,,6285,40,,,2,100,,6289,40,,,2,70,,6291,40,,,2,30,,6286,40,,,2,100,,6290,40,,,2,100,,6302,40,,,2,100,,6292,40,,,2,100,,6284,40,,,2,101,,6287,40,,,2,102,,6293,40,,,2,21,,6288,40,,,2,84,,6297,40,,,2,93,,6296,40,,,2,100,,6298,40,,,2,100,,6300,40,,,2,100,,6294,40,,,2,105,,6295,40,,,2,95,,6299,40,,,2
5802,'DIM',607,,8984,17,,,2,100,,8981,17,,,2,51,,3051,17,,,2,100,,8975,17,,,2,100,,8976,17,,,2,99,,8980,17,,,2,100,,8977,17,,,2,101,,8974,17,,,2,100,,8978,17,,,2,100,,8982,17,,,2,98,,8979,17,,,2,149,,8983,17,,,2,54,,8968,17,,,2,100,,8970,17,,,2,100,,8973,17,,,2,100,,8971,17,,,2,100,,8972,17,,,2,99,,8969,17,,,2
5802,'SAM',607,,9000,17,,,2,100,,8985,17,,,2,51,,8998,17,,,2,100,,9001,17,,,2,100,,8989,17,,,2,99,,8991,17,,,2,143,,8999,17,,,2,58,,8994,17,,,2,145,,8997,17,,,2,54,,8986,17,,,2,151,,8988,17,,,2,99,,9002,17,,,2,52,,8987,17,,,2,100,,8995,17,,,2,143,,8993,17,,,2,57,,8990,17,,,2,100,,8992,17,,,2,99,,8996,17,,,2
5802,'SEM',526,,9022,17,,,2,26,,9006,17,,,2,76,,9026,17,,,2,13,,9005,17,,,2,18,,9027,9,,,2,49,,9024,17,,,2,30,,9009,17,,,2,17,,9003,17,,,2,82,,9004,17,,,2,82,,9011,17,,,2,100,,9010,17,,,2,100,,9023,17,,,2,100,,9007,17,,,2,101,,9025,17,,,2,101,,9008,17,,,2,25,,9015,17,,,2,70,,9012,17,,,2,106,,9014,17,,,2,30,,9021,17,,,2,100,,9016,17,,,2,99,,9017,17,,,2,87,,9013,17,,,2,99,,9020,17,,,2,100,,9018,17,,,2,100,,9019,17,,,2
22202,'DIM',1443,,10843,29,,,2
22202,'SAM',1443,,10846,29,,,2,895,,10845,29,,,2,103,,10844,29,,,2
22202,'SEM',549,,10853,29,,,2,110,,10847,29,,,2,90,,10848,29,,,2,767,,10849,29,,,2,29,,10850,29,,,2,704,,10852,29,,,2,65,,10851,29,,,2
32202,'SAM',2554,,10983,23,,,2
32202,'SEM',2423,,10984,23,,,2,85,,10985,23,,,2
