2601,'DIM',509,,627,53,,,2,91,,619,53,,,2,43,,6506,53,,,2,83,,620,53,,,2,25,,6512,53,,,2,66,,6510,53,,,2,30,,6517,53,,,2,71,,6513,53,,,2,31,,6511,53,,,2,70,,6520,53,,,2,30,,6514,53,,,2,65,,6516,53,,,2,25,,6519,53,,,2,62,,6524,53,,,2,18,,6509,53,,,2,20,,6486,53,,,2,20,,6518,53,,,2,60,,6490,53,,,2,20,,6521,53,,,2,20,,6507,53,,,2,63,,6508,53,,,2,19,,6525,53,,,2,59,,6491,53,,,2,18,,6515,53,,,2,24,,6492,53,,,2,58,,6494,53,,,2,20,,6495,53,,,2,20,,6496,53,,,2,62,,6523,53,,,2,18,,6498,53,,,2,21,,6500,53,,,2,63,,6502,53,,,2,42,,6522,53,,,2,70,,6501,53,,,2,30,,615,53,,,2,68,,6489,53,,,2,30,,6487,53,,,2,70,,6493,53,,,2,30,,6504,53,,,2,69,,6488,53,,,2,29,,6499,53,,,2,69,,6497,53,,,2,30,,6505,53,,,2,68,,6503,53,,,2
2601,'SAM',509,,678,53,,,2,91,,6541,53,,,2,43,,6553,53,,,2,85,,6558,53,,,2,23,,6561,53,,,2,66,,6557,53,,,2,31,,6564,53,,,2,72,,6566,53,,,2,29,,6552,53,,,2,70,,6565,53,,,2,31,,6559,53,,,2,63,,6555,53,,,2,24,,6568,53,,,2,64,,6571,53,,,2,18,,6527,53,,,2,20,,6560,53,,,2,20,,6526,53,,,2,60,,6562,53,,,2,20,,6572,53,,,2,62,,6554,53,,,2,19,,6556,53,,,2,21,,6570,53,,,2,18,,6563,53,,,2,60,,6569,53,,,2,21,,6528,53,,,2,60,,6529,53,,,2,20,,6532,53,,,2,19,,6533,53,,,2,63,,6530,53,,,2,19,,6538,53,,,2,22,,6539,53,,,2,60,,6535,53,,,2,45,,6567,53,,,2,74,,6540,53,,,2,24,,6542,53,,,2,70,,6544,53,,,2,28,,6550,53,,,2,70,,6534,53,,,2,30,,6549,53,,,2,69,,6545,53,,,2,29,,6536,53,,,2,69,,6531,53,,,2,27,,6546,53,,,2,71,,6537,53,,,2,29,,6543,53,,,2,69,,6547,53,,,2,31,,6548,53,,,2,81,,6551,53,,,2
2601,'SEM',512,,6574,53,,,2,31,,6616,53,,,2,72,,6609,53,,,2,23,,6575,53,,,2,11,,6635,53,,,2,6,,6573,53,,,2,47,,6576,53,,,2,8,,6582,53,,,2,6,,6585,53,,,2,2,,6588,53,,,2,4,,6590,53,,,2,5,,6580,53,,,2,4,,6595,53,,,2,7,,11154,53,,,2,10,,6604,53,,,2,52,,6634,53,,,2,15,,6605,53,,,2,19,,6638,53,,,2,17,,6601,53,,,2,50,,6596,53,,,2,12,,6583,53,,,2,13,,6599,53,,,2,15,,6606,53,,,2,15,,6598,53,,,2,62,,6636,53,,,2,18,,6591,53,,,2,20,,6594,53,,,2,60,,6603,53,,,2,20,,6617,53,,,2,20,,6632,53,,,2,60,,6584,53,,,2,21,,6577,53,,,2,20,,6608,53,,,2,60,,6630,53,,,2,20,,6633,53,,,2,66,,6581,53,,,2,25,,6593,53,,,2,15,,6578,53,,,2,60,,6637,53,,,2,15,,6607,53,,,2,20,,6586,53,,,2,17,,6589,53,,,2,62,,6602,53,,,2,17,,6579,53,,,2,15,,6592,53,,,2,56,,6597,53,,,2,16,,6587,53,,,2,15,,6614,53,,,2,17,,6610,53,,,2,55,,6611,53,,,2,16,,6600,53,,,2,14,,6622,53,,,2,64,,6618,53,,,2,21,,6624,53,,,2,34,,6626,53,,,2,69,,6623,53,,,2,29,,6621,53,,,2,78,,6627,53,,,2,20,,6612,53,,,2,61,,6615,53,,,2,29,,6613,53,,,2,75,,6620,53,,,2,88,,6625,53,,,2,13,,6619,53,,,2,29,,6628,53,,,2,76,,6629,53,,,2
3601,'SEM',632,,7135,30,,,2,20,,7132,30,,,2,55,,7127,30,,,2,14,,7129,30,,,2,9,,7130,30,,,2,11,,7133,30,,,2,62,,7134,30,,,2,33,,7128,30,,,2,71,,7131,30,,,2
4604,'DIM',546,,2298,61,,,1,100,,2304,61,,,1,101,,8226,61,,,1,100,,8227,61,,,1,101,,8224,61,,,1,103,,8229,61,,,1,103,,8231,61,,,1,99,,8232,61,,,1,96,,8225,61,,,1,102,,8216,61,,,1,107,,8228,61,,,1,96,,8219,61,,,1,102,,8220,61,,,1,98,,8230,61,,,1,99,,8222,61,,,1,99,,8217,61,,,1,100,,8221,61,,,1,99,,8223,61,,,1,100,,8218,61,,,1
4604,'SAM',546,,8234,61,,,1,100,,2327,61,,,1,101,,8245,61,,,1,100,,8246,61,,,1,101,,8250,61,,,1,103,,8248,61,,,1,103,,8247,61,,,1,101,,8251,61,,,1,97,,8233,61,,,1,102,,8244,61,,,1,105,,8243,61,,,1,97,,8249,61,,,1,99,,8236,61,,,1,99,,8239,61,,,1,99,,8242,61,,,1,99,,8237,61,,,1,100,,8240,61,,,1,95,,8235,61,,,1,100,,8238,61,,,1,103,,8241,61,,,1
4604,'SEM',508,,8283,61,,,1,48,,8278,61,,,1,69,,8280,61,,,1,27,,8252,61,,,1,63,,8258,61,,,1,12,,8260,61,,,1,11,,8263,61,,,1,68,,8253,61,,,1,33,,8266,61,,,1,65,,8261,61,,,1,31,,8267,61,,,1,65,,8262,61,,,1,30,,8255,61,,,1,70,,8264,61,,,1,30,,11288,61,,,1,70,,8281,61,,,1,30,,8282,61,,,1,70,,8284,61,,,1,30,,8279,61,,,1,76,,8254,61,,,1,24,,8257,61,,,1,73,,8256,61,,,1,33,,8270,61,,,1,84,,8259,61,,,1,34,,8273,61,,,1,61,,8265,61,,,1,93,,8268,61,,,1,51,,8276,61,,,1,95,,8269,61,,,1,99,,8277,61,,,1,98,,8271,61,,,1,100,,8274,61,,,1,99,,8275,61,,,1
6002,'DIM',729,,9084,52,,,1,102,,9093,52,,,1,101,,9092,52,,,1,102,,9096,52,,,1,103,,9094,52,,,1,104,,9098,52,,,1,100,,9095,52,,,1,100,,9097,52,,,1,100,,9099,52,,,1,99,,9083,52,,,1,99,,9100,52,,,1,97,,9090,52,,,1,96,,9086,52,,,1,100,,9085,52,,,1,99,,9088,52,,,1,100,,9087,52,,,1,99,,9089,52,,,1,97,,9091,52,,,1
6002,'SAM',729,,9114,52,,,1,102,,9113,52,,,1,95,,9116,52,,,1,108,,9112,52,,,1,103,,9110,52,,,1,104,,9118,52,,,1,100,,9117,52,,,1,97,,9111,52,,,1,103,,9115,52,,,1,99,,9102,52,,,1,99,,9106,52,,,1,97,,9107,52,,,1,96,,9101,52,,,1,100,,9105,52,,,1,99,,9103,52,,,1,100,,9109,52,,,1,99,,9108,52,,,1,97,,9104,52,,,1
6002,'SEM',706,,9119,52,,,1,124,,9135,52,,,1,82,,9134,52,,,1,102,,11298,52,,,1,96,,9121,52,,,1,102,,9123,52,,,1,100,,9137,52,,,1,100,,9136,52,,,1,97,,9124,52,,,1,106,,9120,52,,,1,102,,9125,52,,,1,98,,9131,52,,,1,95,,9127,52,,,1,96,,9130,52,,,1,97,,9133,52,,,1,99,,9126,52,,,1,98,,9129,52,,,1,49,,9128,52,,,1,100,,9132,52,,,1
6601,'DIM',559,,9585,38,,,1,100,,9584,38,,,1,142,,9590,38,,,1,101,,9586,38,,,1,30,,9588,38,,,1,72,,9587,38,,,1,30,,3640,38,,,1,75,,9593,38,,,1,30,,9591,38,,,1,70,,9577,38,,,1,101,,9592,38,,,1,100,,9583,38,,,1,100,,9589,38,,,1,100,,9575,38,,,1,101,,9578,38,,,1,100,,9576,38,,,1,99,,9580,38,,,1,97,,9582,38,,,1,100,,9581,38,,,1,100,,9579,38,,,1
6601,'SAM',559,,9602,38,,,1,100,,9605,38,,,1,142,,9599,38,,,1,58,,9601,38,,,1,73,,9603,38,,,1,72,,9604,38,,,1,30,,9609,38,,,1,75,,9613,38,,,1,30,,9610,38,,,1,70,,9608,38,,,1,101,,9611,38,,,1,100,,9594,38,,,1,100,,9607,38,,,1,100,,9606,38,,,1,101,,9612,38,,,1,100,,9596,38,,,1,99,,9597,38,,,1,97,,9600,38,,,1,100,,9598,38,,,1,100,,9595,38,,,1
6601,'SEM',642,,9630,38,,,1,104,,11304,38,,,1,91,,9617,38,,,1,106,,9621,38,,,1,105,,9624,38,,,1,100,,9623,38,,,1,106,,9616,38,,,1,100,,9619,38,,,1,100,,9615,38,,,1,75,,9614,38,,,1,90,,9618,38,,,1,95,,9627,38,,,1,104,,9620,38,,,1,97,,9626,38,,,1,98,,9628,38,,,1,99,,9629,38,,,1,97,,9625,38,,,1
22601,'SEM',735,,10859,25,,,2,8,,10856,25,,,2,12,,10854,25,,,2,53,,10855,25,,,2,16,,11316,25,,,2,18,,10858,25,,,2
