4603,'DIM',645,,8155,16,,,1,104,,8156,16,,,1,101,,8154,16,,,1,101,,8159,16,,,1,100,,8160,16,,,1,100,,8161,16,,,1,102,,8157,16,,,1,95,,8142,16,,,1,107,,8158,16,,,1,96,,8146,16,,,1,103,,8148,16,,,1,104,,8143,16,,,1,94,,8151,16,,,1,100,,8144,16,,,1,99,,8149,16,,,1,100,,8152,16,,,1,100,,8145,16,,,1,99,,8150,16,,,1,100,,8147,16,,,1,155,,8153,16,,,1
4603,'SAM',645,,8175,16,,,1,104,,8176,16,,,1,101,,8180,16,,,1,101,,8178,16,,,1,100,,8177,16,,,1,102,,8181,16,,,1,97,,8162,16,,,1,101,,8174,16,,,1,105,,8173,16,,,1,97,,8179,16,,,1,100,,8164,16,,,1,100,,8167,16,,,1,101,,8172,16,,,1,98,,8165,16,,,1,102,,8168,16,,,1,97,,8163,16,,,1,100,,8166,16,,,1,99,,8169,16,,,1,100,,8171,16,,,1,155,,8170,16,,,1
4603,'SEM',652,,8211,16,,,1,104,,8189,16,,,1,70,,8194,16,,,1,33,,8190,16,,,1,70,,8183,16,,,1,29,,8192,16,,,1,70,,11287,16,,,1,30,,8213,16,,,1,70,,8214,16,,,1,30,,8215,16,,,1,70,,8212,16,,,1,31,,8182,16,,,1,69,,8185,16,,,1,30,,8184,16,,,1,70,,8197,16,,,1,75,,8187,16,,,1,16,,8186,16,,,1,17,,8201,16,,,1,23,,8193,16,,,1,54,,8198,16,,,1,19,,8188,16,,,1,20,,8195,16,,,1,60,,8207,16,,,1,18,,8202,16,,,1,17,,8191,16,,,1,69,,8210,16,,,1,29,,8196,16,,,1,69,,8209,16,,,1,38,,8208,16,,,1,101,,8199,16,,,1,100,,8203,16,,,1,99,,8206,16,,,1,103,,8204,16,,,1,104,,8205,16,,,1
6001,'DIM',747,,9029,12,,,1,101,,9037,12,,,1,100,,9036,12,,,1,102,,9040,12,,,1,103,,9038,12,,,1,106,,9042,12,,,1,100,,9039,12,,,1,141,,9041,12,,,1,100,,9043,12,,,1,58,,9028,12,,,1,96,,9044,12,,,1,98,,9035,12,,,1,98,,9031,12,,,1,98,,9030,12,,,1,98,,9033,12,,,1,100,,9032,12,,,1,100,,9034,12,,,1
6001,'SAM',646,,9048,12,,,1,101,,9058,12,,,1,101,,9057,12,,,1,94,,9060,12,,,1,108,,9056,12,,,1,103,,9054,12,,,1,106,,9062,12,,,1,100,,9061,12,,,1,147,,9055,12,,,1,94,,9059,12,,,1,58,,9046,12,,,1,96,,9050,12,,,1,98,,9051,12,,,1,98,,9045,12,,,1,98,,9049,12,,,1,98,,9047,12,,,1,100,,9053,12,,,1,100,,9052,12,,,1
6001,'SEM',527,,9079,12,,,1,102,,9063,12,,,1,92,,9064,12,,,1,31,,9066,12,,,1,85,,9069,12,,,1,91,,9080,12,,,1,102,,9081,12,,,1,99,,9065,12,,,1,100,,9067,12,,,1,100,,9082,12,,,1,100,,9071,12,,,1,99,,9068,12,,,1,108,,9074,12,,,1,101,,9070,12,,,1,95,,9077,12,,,1,99,,9073,12,,,1,90,,9076,12,,,1,100,,9078,12,,,1,96,,9072,12,,,1,100,,9075,12,,,1
15103,'DIM',638,,10539,15,,,2,14,,10541,15,,,2,62,,10537,15,,,2,20,,10522,15,,,2,20,,10543,15,,,2,71,,10545,15,,,2,25,,10540,15,,,2,74,,10538,15,,,2,31,,10533,15,,,2,81,,10546,15,,,2,67,,10552,15,,,2,34,,10544,15,,,2,74,,10534,15,,,2,38,,10547,15,,,2,69,,10542,15,,,2,37,,10550,15,,,2,75,,10553,15,,,2,77,,10548,15,,,2,29,,10554,15,,,2,79,,10551,15,,,2,33,,10523,15,,,2,77,,10549,15,,,2,29,,10555,15,,,2,75,,10520,15,,,2,72,,10525,15,,,2,34,,10530,15,,,2,67,,10532,15,,,2,31,,10521,15,,,2,71,,10524,15,,,2,33,,10531,15,,,2,69,,10526,15,,,2,30,,10535,15,,,2,72,,10528,15,,,2,93,,10527,15,,,2,58,,10529,15,,,2,74,,10536,15,,,2
15103,'SAM',638,,10579,15,,,2,11,,10581,15,,,2,65,,10575,15,,,2,20,,10577,15,,,2,20,,10580,15,,,2,71,,10584,15,,,2,24,,10582,15,,,2,75,,10576,15,,,2,31,,10578,15,,,2,81,,10585,15,,,2,21,,10591,15,,,2,80,,10573,15,,,2,74,,10587,15,,,2,38,,10586,15,,,2,69,,10592,15,,,2,39,,10574,15,,,2,72,,10588,15,,,2,78,,10589,15,,,2,29,,10583,15,,,2,79,,10557,15,,,2,32,,10556,15,,,2,78,,10590,15,,,2,29,,10559,15,,,2,75,,10558,15,,,2,72,,10566,15,,,2,34,,10564,15,,,2,67,,10568,15,,,2,34,,10571,15,,,2,68,,10567,15,,,2,33,,10565,15,,,2,69,,10560,15,,,2,30,,10572,15,,,2,72,,10562,15,,,2,96,,10561,15,,,2,55,,10563,15,,,2,74,,10570,15,,,2,93,,10569,15,,,2
15103,'SEM',605,,10643,15,,,2,20,,10593,15,,,2,21,,11146,15,,,2,9,,10638,15,,,2,55,,10646,15,,,2,26,,10647,15,,,2,20,,10598,15,,,2,54,,10597,15,,,2,26,,10639,15,,,2,64,,10611,15,,,2,21,,11311,15,,,2,18,,10651,15,,,2,18,,10594,15,,,2,61,,10601,15,,,2,29,,10609,15,,,2,61,,10612,15,,,2,19,,10606,15,,,2,18,,10640,15,,,2,57,,10633,15,,,2,22,,10644,15,,,2,31,,10642,15,,,2,60,,10645,15,,,2,19,,10648,15,,,2,20,,11197,15,,,2,63,,10596,15,,,2,22,,10603,15,,,2,19,,10599,15,,,2,62,,10650,15,,,2,18,,10652,15,,,2,18,,10616,15,,,2,48,,10621,15,,,2,10,,10595,15,,,2,7,,10605,15,,,2,13,,10604,15,,,2,8,,10602,15,,,2,4,,10619,15,,,2,54,,10610,15,,,2,8,,10613,15,,,2,6,,10627,15,,,2,13,,10600,15,,,2,16,,10625,15,,,2,12,,10608,15,,,2,53,,10614,15,,,2,17,,10617,15,,,2,19,,10637,15,,,2,69,,10622,15,,,2,30,,10624,15,,,2,69,,10615,15,,,2,26,,10632,15,,,2,75,,10631,15,,,2,30,,10636,15,,,2,73,,10618,15,,,2,30,,10620,15,,,2,66,,10623,15,,,2,33,,10626,15,,,2,69,,10628,15,,,2,37,,10630,15,,,2,76,,10629,15,,,2,80,,10635,15,,,2,26,,10634,15,,,2
25103,'SEM',1530,,11199,11,,,1,18,,10871,11,,,1,105,,11319,11,,,1
