1704,'DIM',504,,6036,27,,,1,50,,6039,27,,,1,146,,6042,27,,,1,56,,6035,27,,,1,99,,6029,27,,,1,101,,6034,27,,,1,100,,6037,27,,,1,100,,6041,27,,,1,103,,6038,27,,,1,100,,6043,27,,,1,142,,6045,27,,,1,99,,6033,27,,,1,101,,6040,27,,,1,100,,6025,27,,,1,58,,6044,27,,,1,99,,6028,27,,,1,99,,6026,27,,,1,101,,6027,27,,,1,99,,6030,27,,,1,99,,6032,27,,,1,96,,6031,27,,,1
1704,'SAM',505,,6057,27,,,1,49,,6054,27,,,1,146,,6049,27,,,1,56,,6056,27,,,1,99,,6062,27,,,1,102,,6059,27,,,1,99,,6060,27,,,1,100,,6058,27,,,1,102,,6064,27,,,1,100,,6055,27,,,1,101,,6061,27,,,1,141,,6065,27,,,1,102,,6063,27,,,1,99,,6066,27,,,1,58,,6046,27,,,1,99,,6047,27,,,1,99,,6048,27,,,1,101,,6053,27,,,1,99,,6051,27,,,1,99,,6052,27,,,1,96,,6050,27,,,1
1704,'SEM',516,,6078,27,,,1,102,,6088,27,,,1,20,,6068,27,,,1,20,,6072,27,,,1,56,,6074,27,,,1,25,,6089,27,,,1,74,,6067,27,,,1,102,,6071,27,,,1,44,,6076,27,,,1,99,,6070,27,,,1,101,,6079,27,,,1,100,,6075,27,,,1,100,,6069,27,,,1,142,,6073,27,,,1,103,,6077,27,,,1,98,,6084,27,,,1,101,,6082,27,,,1,99,,6080,27,,,1,99,,6086,27,,,1,100,,6081,27,,,1,99,,6083,27,,,1,100,,6087,27,,,1,59,,6085,27,,,1
3104,'DIM',624,,1107,37,,,1,102,,6985,37,,,1,100,,6984,37,,,1,100,,6989,37,,,1,102,,6992,37,,,1,100,,6993,37,,,1,101,,6990,37,,,1,101,,6986,37,,,1,102,,6988,37,,,1,102,,6976,37,,,1,96,,6987,37,,,1,101,,6991,37,,,1,98,,6979,37,,,1,100,,6978,37,,,1,99,,6980,37,,,1,101,,6977,37,,,1,99,,6983,37,,,1,98,,6982,37,,,1,101,,6981,37,,,1
3104,'SAM',523,,7010,37,,,1,99,,7004,37,,,1,104,,7006,37,,,1,101,,7009,37,,,1,99,,7007,37,,,1,101,,7011,37,,,1,99,,7013,37,,,1,101,,6994,37,,,1,103,,7003,37,,,1,101,,7008,37,,,1,101,,7005,37,,,1,102,,7012,37,,,1,97,,6997,37,,,1,100,,6998,37,,,1,98,,7000,37,,,1,99,,6995,37,,,1,101,,7001,37,,,1,99,,7002,37,,,1,98,,6996,37,,,1,101,,6999,37,,,1
3104,'SEM',454,,7030,37,,,1,70,,1143,37,,,1,85,,7031,37,,,1,21,,7033,37,,,1,23,,7016,37,,,1,73,,7018,37,,,1,32,,7029,37,,,1,70,,7015,37,,,1,30,,7017,37,,,1,71,,7034,37,,,1,100,,7036,37,,,1,100,,7035,37,,,1,100,,7014,37,,,1,100,,7032,37,,,1,100,,7019,37,,,1,104,,7020,37,,,1,102,,7023,37,,,1,101,,7021,37,,,1,97,,7028,37,,,1,98,,7025,37,,,1,101,,7026,37,,,1,101,,7022,37,,,1,99,,7024,37,,,1,105,,7027,37,,,1
7304,'DIM',539,,4008,55,,,1,70,,3997,55,,,1,101,,9957,55,,,1,101,,9963,55,,,1,100,,9958,55,,,1,101,,9960,55,,,1,101,,9956,55,,,1,100,,9959,55,,,1,101,,9961,55,,,1,101,,9950,55,,,1,101,,9955,55,,,1,101,,9962,55,,,1,100,,9964,55,,,1,99,,9948,55,,,1,98,,9949,55,,,1,100,,9946,55,,,1,100,,9951,55,,,1,99,,9953,55,,,1,98,,9947,55,,,1,101,,9952,55,,,1,99,,9954,55,,,1
7304,'SAM',539,,9987,55,,,1,70,,9975,55,,,1,103,,9979,55,,,1,99,,9967,55,,,1,100,,9983,55,,,1,101,,9981,55,,,1,102,,9968,55,,,1,101,,9980,55,,,1,99,,9984,55,,,1,101,,9982,55,,,1,101,,9965,55,,,1,102,,9985,55,,,1,99,,9986,55,,,1,99,,9971,55,,,1,98,,9966,55,,,1,100,,9973,55,,,1,100,,9972,55,,,1,99,,9969,55,,,1,98,,9970,55,,,1,101,,9974,55,,,1,99,,9976,55,,,1,100,,9978,55,,,1,99,,9977,55,,,1
7304,'SEM',502,,10017,55,,,1,44,,10015,55,,,1,80,,10026,55,,,1,18,,10028,55,,,1,64,,10027,55,,,1,12,,9994,55,,,1,12,,10023,55,,,1,13,,10000,55,,,1,61,,10003,55,,,1,16,,10024,55,,,1,15,,9995,55,,,1,66,,9992,55,,,1,30,,9998,55,,,1,82,,10007,55,,,1,29,,9993,55,,,1,70,,9990,55,,,1,30,,10029,55,,,1,70,,10002,55,,,1,35,,9996,55,,,1,66,,10025,55,,,1,30,,9997,55,,,1,70,,10004,55,,,1,30,,10030,55,,,1,72,,9991,55,,,1,42,,10005,55,,,1,53,,11305,55,,,1,19,,9988,55,,,1,75,,9999,55,,,1,15,,10012,55,,,1,25,,10011,55,,,1,73,,10001,55,,,1,35,,10018,55,,,1,63,,10016,55,,,1,33,,10008,55,,,1,66,,10014,55,,,1,31,,10020,55,,,1,71,,10006,55,,,1,28,,10009,55,,,1,70,,10021,55,,,1,29,,10010,55,,,1,70,,10013,55,,,1,100,,10019,55,,,1,94,,10022,55,,,1
7402,'DIM',639,,10092,68,,,2,102,,10096,68,,,2,100,,10095,68,,,2,100,,10097,68,,,2,102,,10099,68,,,2,101,,10088,68,,,2,99,,10093,68,,,2,101,,10094,68,,,2,102,,10098,68,,,2,99,,10100,68,,,2,99,,10101,68,,,2,103,,10085,68,,,2,98,,10087,68,,,2,99,,10089,68,,,2,99,,10091,68,,,2,100,,10090,68,,,2,99,,10086,68,,,2
7402,'SAM',639,,10112,68,,,2,102,,10115,68,,,2,98,,10103,68,,,2,100,,10117,68,,,2,104,,10116,68,,,2,101,,10111,68,,,2,98,,10114,68,,,2,101,,10113,68,,,2,103,,10102,68,,,2,99,,10118,68,,,2,100,,10105,68,,,2,100,,10106,68,,,2,98,,10107,68,,,2,101,,10110,68,,,2,98,,10104,68,,,2,100,,10108,68,,,2,99,,10109,68,,,2
7402,'SEM',601,,10136,68,,,2,47,,10137,68,,,2,55,,10122,68,,,2,47,,10126,68,,,2,96,,10121,68,,,2,98,,10124,68,,,2,98,,10133,68,,,2,100,,10125,68,,,2,100,,10134,68,,,2,100,,10119,68,,,2,100,,10123,68,,,2,105,,10120,68,,,2,100,,10128,68,,,2,101,,10132,68,,,2,97,,10127,68,,,2,99,,10131,68,,,2,99,,10135,68,,,2,100,,10130,68,,,2,100,,10129,68,,,2
