1703,'DIM',637,,5976,40,,,1,84,,94,40,,,1,100,,5966,40,,,1,101,,5971,40,,,1,99,,5972,40,,,1,102,,5975,40,,,1,101,,5973,40,,,1,100,,5977,40,,,1,101,,5979,40,,,1,99,,5970,40,,,1,102,,5974,40,,,1,96,,5962,40,,,1,99,,5978,40,,,1,99,,5965,40,,,1,101,,5963,40,,,1,99,,5964,40,,,1,100,,5967,40,,,1,100,,89,40,,,1,102,,5969,40,,,1,118,,5968,40,,,1
1703,'SAM',553,,5991,40,,,1,84,,5983,40,,,1,84,,5990,40,,,1,99,,5996,40,,,1,102,,5993,40,,,1,100,,5994,40,,,1,103,,5992,40,,,1,99,,5998,40,,,1,100,,5989,40,,,1,101,,5995,40,,,1,99,,5999,40,,,1,102,,5997,40,,,1,97,,6000,40,,,1,98,,5980,40,,,1,98,,5981,40,,,1,100,,5982,40,,,1,99,,5988,40,,,1,102,,5986,40,,,1,100,,5987,40,,,1,103,,5984,40,,,1,119,,5985,40,,,1
1703,'SEM',608,,6021,40,,,1,115,,6003,40,,,1,103,,6009,40,,,1,96,,6008,40,,,1,99,,6024,40,,,1,101,,6011,40,,,1,101,,6007,40,,,1,101,,6004,40,,,1,99,,6005,40,,,1,97,,6010,40,,,1,39,,6012,40,,,1,64,,6006,40,,,1,36,,6001,40,,,1,66,,6017,40,,,1,32,,6002,40,,,1,75,,6014,40,,,1,27,,6013,40,,,1,68,,6019,40,,,1,98,,6015,40,,,1,99,,6016,40,,,1,99,,6020,40,,,1,100,,6018,40,,,1,91,,6023,40,,,1,108,,6022,40,,,1
3103,'DIM',651,,6925,42,,,1,100,,6924,42,,,1,100,,6929,42,,,1,101,,6932,42,,,1,100,,6933,42,,,1,101,,6930,42,,,1,100,,6926,42,,,1,102,,6928,42,,,1,102,,6916,42,,,1,96,,6927,42,,,1,101,,6931,42,,,1,100,,6920,42,,,1,98,,6918,42,,,1,98,,6919,42,,,1,102,,6917,42,,,1,99,,6923,42,,,1,99,,6922,42,,,1,100,,6921,42,,,1
3103,'SAM',651,,6946,42,,,1,101,,6949,42,,,1,99,,6947,42,,,1,100,,6950,42,,,1,99,,6952,42,,,1,101,,6934,42,,,1,102,,6944,42,,,1,101,,6948,42,,,1,101,,6945,42,,,1,102,,6951,42,,,1,97,,6937,42,,,1,100,,6938,42,,,1,99,,6941,42,,,1,97,,6935,42,,,1,100,,6942,42,,,1,101,,6943,42,,,1,101,,6936,42,,,1,97,,6940,42,,,1,98,,6939,42,,,1
3103,'SEM',649,,6975,42,,,1,101,,6954,42,,,1,101,,6972,42,,,1,99,,6974,42,,,1,100,,6973,42,,,1,101,,6953,42,,,1,101,,6971,42,,,1,100,,6956,42,,,1,102,,6957,42,,,1,99,,6961,42,,,1,63,,6963,42,,,1,37,,6958,42,,,1,60,,6955,42,,,1,39,,6968,42,,,1,68,,6970,42,,,1,29,,6964,42,,,1,72,,6960,42,,,1,36,,6966,42,,,1,101,,6959,42,,,1,99,,6962,42,,,1,100,,6967,42,,,1,96,,6965,42,,,1,149,,6969,42,,,1
3903,'DIM',855,,7275,53,,,1,100,,1387,63,,,1,56,,7266,63,,,1,34,,7269,63,,,1,68,,7274,63,,,1,32,,7263,63,,,1,71,,7273,63,,,1,31,,7262,63,,,1,69,,7255,63,,,1,36,,7265,63,,,1,65,,7264,63,,,1,28,,7268,63,,,1,67,,7271,63,,,1,37,,7270,63,,,1,70,,7258,63,,,1,29,,7267,63,,,1,70,,7272,63,,,1,26,,7260,63,,,1,10,,7253,63,,,1,64,,7259,63,,,1,25,,7252,63,,,1,99,,7257,63,,,1,98,,7261,63,,,1,98,,7254,63,,,1,104,,7256,63,,,1
3903,'SAM',855,,7299,53,,,1,100,,7291,63,,,1,56,,7295,63,,,1,34,,7292,63,,,1,70,,7288,63,,,1,30,,7294,63,,,1,71,,7296,63,,,1,28,,7287,63,,,1,72,,7286,63,,,1,35,,7289,63,,,1,67,,7276,63,,,1,31,,7277,63,,,1,65,,7293,63,,,1,35,,7280,63,,,1,70,,7297,63,,,1,29,,7281,63,,,1,70,,7283,63,,,1,26,,7290,63,,,1,11,,7284,63,,,1,63,,7298,63,,,1,25,,7282,63,,,1,101,,7285,63,,,1,96,,7278,63,,,1,98,,1409,63,,,1,104,,7279,63,,,1
3903,'SEM',752,,7304,63,,,1,103,,7310,63,,,1,100,,7309,63,,,1,70,,7305,63,,,1,28,,7324,63,,,1,70,,7303,63,,,1,30,,7327,63,,,1,72,,7325,63,,,1,30,,7326,63,,,1,71,,7302,63,,,1,31,,7308,63,,,1,73,,7300,63,,,1,72,,7306,63,,,1,16,,7313,63,,,1,32,,7314,63,,,1,54,,7315,63,,,1,25,,7320,63,,,1,16,,7301,63,,,1,66,,7307,63,,,1,29,,7322,63,,,1,72,,7312,63,,,1,32,,7311,63,,,1,77,,7319,63,,,1,97,,7321,63,,,1,103,,7317,63,,,1,99,,7316,63,,,1,98,,7318,63,,,1,36,,7323,63,,,1
4503,'DIM',659,,8030,41,,,1,100,,2117,41,,,1,141,,2115,41,,,1,59,,8029,41,,,1,141,,8031,41,,,1,58,,8028,41,,,1,146,,8034,41,,,1,100,,8020,41,,,1,96,,8033,41,,,1,106,,8019,41,,,1,50,,8032,41,,,1,100,,8022,41,,,1,99,,8026,41,,,1,100,,8021,41,,,1,99,,8027,41,,,1,100,,8025,41,,,1,100,,8024,41,,,1,149,,8023,41,,,1
4503,'SAM',659,,8044,41,,,1,100,,8047,41,,,1,141,,8049,41,,,1,59,,8050,41,,,1,141,,8035,41,,,1,100,,8048,41,,,1,104,,8045,41,,,1,102,,8046,41,,,1,99,,8052,41,,,1,96,,8040,41,,,1,55,,8051,41,,,1,100,,8037,41,,,1,99,,8038,41,,,1,100,,8036,41,,,1,99,,8042,41,,,1,100,,8039,41,,,1,102,,8043,41,,,1,147,,8041,41,,,1
4503,'SEM',650,,8063,41,,,1,60,,8075,41,,,1,35,,8053,41,,,1,65,,8057,41,,,1,23,,8055,41,,,1,84,,8079,41,,,1,31,,8061,41,,,1,101,,8077,41,,,1,100,,11160,41,,,1,96,,8078,41,,,1,100,,8064,41,,,1,78,,8058,41,,,1,84,,8060,41,,,1,17,,8059,41,,,1,26,,8068,41,,,1,71,,8062,41,,,1,17,,8054,41,,,1,73,,8056,41,,,1,18,,8066,41,,,1,12,,8073,41,,,1,76,,8074,41,,,1,36,,8071,41,,,1,99,,8070,41,,,1,99,,8065,41,,,1,102,,8067,41,,,1,97,,8069,41,,,1,94,,8072,41,,,1
