5504,'SEM',635,,8735,65,,,2,68,,8736,35,,,2,8,,8719,65,,,2,10,,8721,65,,,2,89,,8734,65,,,2,34,,8725,65,,,2,92,,8724,65,,,2,100,,8723,65,,,2,100,,8720,65,,,2,99,,8733,65,,,2,100,,8718,65,,,2,100,,8722,65,,,2,102,,8726,65,,,2,95,,8727,65,,,2,84,,8728,65,,,2,85,,8729,65,,,2,32,,8730,65,,,2,98,,8732,65,,,2,93,,8731,65,,,2
15104,'DIM',627,,10653,51,,,2,31,,10675,51,,,2,71,,10677,51,,,2,22,,10672,51,,,2,74,,10670,51,,,2,28,,10656,51,,,2,80,,10678,51,,,2,25,,10673,51,,,2,75,,10671,51,,,2,75,,10668,51,,,2,37,,10679,51,,,2,67,,10684,51,,,2,37,,10676,51,,,2,75,,10669,51,,,2,77,,10680,51,,,2,29,,10674,51,,,2,77,,10682,51,,,2,35,,10657,51,,,2,77,,10681,51,,,2,29,,10685,51,,,2,77,,10683,51,,,2,33,,10658,51,,,2,77,,10664,51,,,2,67,,10666,51,,,2,32,,10654,51,,,2,71,,10660,51,,,2,34,,10665,51,,,2,67,,10667,51,,,2,29,,10655,51,,,2,71,,10659,51,,,2,98,,10661,51,,,2,101,,10662,51,,,2,20,,10663,51,,,2
15104,'SAM',627,,10705,51,,,2,31,,10708,51,,,2,71,,10711,51,,,2,23,,10709,51,,,2,73,,10703,51,,,2,28,,10706,51,,,2,80,,10712,51,,,2,25,,10710,51,,,2,75,,10704,51,,,2,71,,10707,51,,,2,41,,10713,51,,,2,67,,10717,51,,,2,37,,10701,51,,,2,74,,10715,51,,,2,78,,10714,51,,,2,29,,10718,51,,,2,79,,10702,51,,,2,32,,10686,51,,,2,78,,10716,51,,,2,29,,10690,51,,,2,77,,10688,51,,,2,32,,10687,51,,,2,78,,10694,51,,,2,67,,10698,51,,,2,32,,10689,51,,,2,71,,10696,51,,,2,34,,10695,51,,,2,67,,10699,51,,,2,32,,10700,51,,,2,68,,10697,51,,,2,98,,10691,51,,,2,101,,10692,51,,,2,20,,10693,51,,,2
15104,'SEM',501,,10769,51,,,2,32,,10736,51,,,2,14,,10766,51,,,2,64,,10773,51,,,2,27,,10776,51,,,2,12,,10780,51,,,2,53,,10723,51,,,2,6,,10724,51,,,2,4,,10727,51,,,2,5,,10729,51,,,2,4,,10731,51,,,2,10,,10719,51,,,2,11,,10775,51,,,2,8,,10737,51,,,2,53,,10767,51,,,2,16,,10774,51,,,2,18,,10720,51,,,2,10,,10732,51,,,2,55,,10721,51,,,2,6,,10739,51,,,2,14,,10728,51,,,2,27,,10735,51,,,2,62,,10738,51,,,2,20,,10734,51,,,2,19,,10768,51,,,2,57,,10761,51,,,2,21,,10771,51,,,2,71,,10770,51,,,2,20,,10772,51,,,2,19,,10777,51,,,2,19,,10778,51,,,2,59,,10722,51,,,2,21,,10730,51,,,2,72,,10779,51,,,2,21,,10781,51,,,2,21,,10743,51,,,2,62,,10733,51,,,2,21,,10746,51,,,2,68,,10748,51,,,2,19,,10726,51,,,2,21,,10725,51,,,2,64,,10741,51,,,2,17,,10744,51,,,2,16,,10740,51,,,2,18,,10749,51,,,2,58,,10750,51,,,2,14,,10755,51,,,2,14,,10752,51,,,2,13,,10753,51,,,2,59,,10742,51,,,2,20,,10762,51,,,2,19,,10765,51,,,2,66,,10760,51,,,2,30,,10764,51,,,2,72,,10745,51,,,2,29,,10747,51,,,2,70,,10751,51,,,2,29,,10754,51,,,2,70,,10756,51,,,2,22,,10757,51,,,2,63,,10759,51,,,2,36,,10758,51,,,2,80,,10763,51,,,2
25104,'SEM',729,,10875,35,,,1,7,,10876,35,,,1,11,,10877,35,,,1,54,,10878,35,,,1,12,,10879,35,,,1,18,,10874,35,,,1
25504,'DIM',638,,10932,65,,,2,100,,10935,65,,,2,103,,10938,65,,,2,100,,10936,65,,,2,103,,10939,65,,,2,100,,10937,65,,,2,100,,10940,65,,,2,102,,10933,65,,,2,100,,10924,65,,,2,101,,10934,65,,,2,100,,10925,65,,,2,102,,10928,65,,,2,98,,10941,65,,,2,100,,10930,65,,,2,98,,10926,65,,,2,96,,10931,65,,,2,98,,10927,65,,,2,98,,10929,65,,,2
25504,'SAM',638,,10951,65,,,2,100,,10952,65,,,2,103,,10955,65,,,2,100,,10953,65,,,2,103,,10956,65,,,2,100,,10954,65,,,2,100,,10957,65,,,2,102,,10942,65,,,2,100,,10958,65,,,2,101,,10943,65,,,2,100,,4935,65,,,2,102,,10944,65,,,2,98,,10946,65,,,2,101,,10949,65,,,2,97,,10947,65,,,2,96,,10950,65,,,2,98,,10945,65,,,2,98,,10948,65,,,2
25504,'SEM',517,,10959,65,,,2,27,,10960,65,,,2,1571,,10964,65,,,2,97,,10962,65,,,2,97,,10961,65,,,2,95,,10963,65,,,2
71304,'SAM',551,,11009,17,,,2,66,,11011,17,,,2,26,,11012,17,,,2,65,,11013,17,,,2,25,,11010,17,,,2
71304,'SEM',604,,5880,17,,,2,29,,5052,17,,,2,77,,5056,17,,,2,27,,5049,17,,,2,68,,5053,17,,,2,30,,5881,17,,,2,100,,5057,17,,,2,95,,5848,17,,,2,100,,5050,17,,,2,100,,11014,17,,,2,100,,5051,17,,,2,100,,11015,17,,,2,100,,11016,17,,,2,89,,11017,17,,,2,104,,5063,17,,,2,99,,5066,17,,,2,100,,5064,17,,,2,99,,5067,17,,,2,100,,11018,17,,,2,100,,5060,17,,,2,100,,5643,17,,,2,109,,5068,17,,,2
