2602,'DIM',629,,767,12,,,2,23,,6670,12,,,2,67,,782,12,,,2,30,,6675,12,,,2,70,,6671,12,,,2,31,,6668,12,,,2,70,,6678,12,,,2,29,,6672,12,,,2,65,,6674,12,,,2,25,,6677,12,,,2,20,,6682,12,,,2,60,,6667,12,,,2,20,,6639,12,,,2,20,,6676,12,,,2,60,,6643,12,,,2,20,,6679,12,,,2,20,,6665,12,,,2,63,,6666,12,,,2,18,,6669,12,,,2,60,,6644,12,,,2,18,,6673,12,,,2,22,,6645,12,,,2,60,,6647,12,,,2,20,,6648,12,,,2,19,,6650,12,,,2,62,,6681,12,,,2,17,,6654,12,,,2,21,,6656,12,,,2,63,,6660,12,,,2,42,,6680,12,,,2,70,,6657,12,,,2,30,,6649,12,,,2,70,,6642,12,,,2,30,,6640,12,,,2,70,,6646,12,,,2,29,,6655,12,,,2,70,,6641,12,,,2,30,,6653,12,,,2,70,,6651,12,,,2,30,,6663,12,,,2,69,,6661,12,,,2,30,,6652,12,,,2,69,,6658,12,,,2,30,,6659,12,,,2,85,,6662,12,,,2,78,,6664,12,,,2
2602,'SAM',629,,6714,12,,,2,23,,6717,12,,,2,67,,834,12,,,2,32,,6720,12,,,2,68,,6722,12,,,2,31,,6710,12,,,2,70,,6721,12,,,2,29,,6715,12,,,2,64,,6712,12,,,2,24,,6724,12,,,2,22,,6727,12,,,2,60,,6685,12,,,2,20,,6716,12,,,2,20,,6684,12,,,2,60,,6718,12,,,2,20,,6728,12,,,2,62,,6711,12,,,2,19,,6713,12,,,2,20,,6726,12,,,2,19,,6719,12,,,2,60,,6725,12,,,2,21,,6686,12,,,2,60,,6687,12,,,2,20,,6690,12,,,2,18,,6691,12,,,2,62,,6688,12,,,2,19,,6697,12,,,2,22,,6698,12,,,2,60,,6694,12,,,2,43,,6723,12,,,2,70,,6699,12,,,2,30,,6700,12,,,2,73,,6702,12,,,2,25,,6708,12,,,2,73,,6692,12,,,2,28,,6701,12,,,2,72,,6703,12,,,2,29,,6695,12,,,2,69,,6689,12,,,2,29,,6704,12,,,2,70,,6696,12,,,2,25,,6693,12,,,2,74,,6705,12,,,2,28,,6706,12,,,2,87,,6709,12,,,2,79,,6707,12,,,2
2602,'SEM',506,,6763,12,,,2,32,,6730,12,,,2,66,,6791,12,,,2,25,,6789,12,,,2,14,,6788,12,,,2,59,,6787,12,,,2,25,,6794,12,,,2,19,,6752,12,,,2,13,,6747,12,,,2,53,,6736,12,,,2,15,,6753,12,,,2,14,,6755,12,,,2,15,,6750,12,,,2,62,,6795,12,,,2,18,,6741,12,,,2,17,,6746,12,,,2,62,,6754,12,,,2,20,,6757,12,,,2,20,,6786,12,,,2,60,,6737,12,,,2,20,,6731,12,,,2,20,,6760,12,,,2,61,,6785,12,,,2,20,,6790,12,,,2,20,,6745,12,,,2,60,,6744,12,,,2,19,,6793,12,,,2,20,,6796,12,,,2,60,,6759,12,,,2,19,,6738,12,,,2,19,,6792,12,,,2,58,,6735,12,,,2,6,,6732,12,,,2,4,,6733,12,,,2,6,,6756,12,,,2,16,,6742,12,,,2,15,,6748,12,,,2,56,,6739,12,,,2,17,,6740,12,,,2,8,,6773,12,,,2,8,,6765,12,,,2,8,,6775,12,,,2,48,,6767,12,,,2,8,,6734,12,,,2,8,,6751,12,,,2,6,,6743,12,,,2,10,,6764,12,,,2,12,,6749,12,,,2,9,,6758,12,,,2,60,,6778,12,,,2,18,,6766,12,,,2,21,,6780,12,,,2,59,,6769,12,,,2,20,,6761,12,,,2,20,,6779,12,,,2,60,,6762,12,,,2,20,,6782,12,,,2,20,,6768,12,,,2,60,,6772,12,,,2,30,,6771,12,,,2,75,,6774,12,,,2,39,,6776,12,,,2,70,,6781,12,,,2,24,,6770,12,,,2,75,,6784,12,,,2,26,,6777,12,,,2,80,,6783,12,,,2
3602,'SEM',1515,,7136,12,,,2,9,,7139,12,,,2,15,,7141,12,,,2,73,,7137,12,,,2,32,,7138,12,,,2,70,,7143,12,,,2,37,,7140,12,,,2,73,,7142,12,,,2,27,,7144,12,,,2
4603,'DIM',643,,8155,12,,,1,104,,8156,12,,,1,100,,8154,12,,,1,101,,8159,12,,,1,100,,8160,12,,,1,99,,8161,12,,,1,102,,8157,12,,,1,95,,8142,12,,,1,107,,8158,12,,,1,96,,8146,12,,,1,103,,8148,12,,,1,105,,8143,12,,,1,94,,8151,12,,,1,100,,8144,12,,,1,100,,8149,12,,,1,100,,8152,12,,,1,100,,8145,12,,,1,99,,8150,12,,,1,100,,8147,12,,,1,155,,8153,12,,,1
4603,'SAM',643,,8175,12,,,1,104,,8176,12,,,1,100,,8180,12,,,1,101,,8178,12,,,1,100,,8177,12,,,1,101,,8181,12,,,1,97,,8162,12,,,1,101,,8174,12,,,1,105,,8173,12,,,1,97,,8179,12,,,1,100,,8164,12,,,1,101,,8167,12,,,1,101,,8172,12,,,1,98,,8165,12,,,1,103,,8168,12,,,1,97,,8163,12,,,1,100,,8166,12,,,1,99,,8169,12,,,1,100,,8171,12,,,1,155,,8170,12,,,1
4603,'SEM',650,,8211,12,,,1,103,,8189,12,,,1,70,,8194,12,,,1,33,,8190,12,,,1,70,,8183,12,,,1,29,,8192,12,,,1,70,,8200,12,,,1,30,,8213,12,,,1,70,,8214,12,,,1,30,,8215,12,,,1,70,,8212,12,,,1,30,,8182,12,,,1,69,,8185,12,,,1,30,,8184,12,,,1,70,,8197,12,,,1,35,,8187,12,,,1,56,,8186,12,,,1,17,,8201,12,,,1,23,,8193,12,,,1,54,,8198,12,,,1,19,,8188,12,,,1,20,,8195,12,,,1,60,,8207,12,,,1,18,,8202,12,,,1,17,,8191,12,,,1,69,,8210,12,,,1,29,,8196,12,,,1,69,,8209,12,,,1,39,,8208,12,,,1,101,,8199,12,,,1,100,,8203,12,,,1,99,,8206,12,,,1,104,,8204,12,,,1,104,,8205,12,,,1
6001,'DIM',744,,9029,8,,,1,101,,9037,8,,,1,100,,9036,8,,,1,102,,9040,8,,,1,103,,9038,8,,,1,105,,9042,8,,,1,100,,9039,8,,,1,101,,9041,8,,,1,100,,9043,8,,,1,98,,9028,8,,,1,97,,9044,8,,,1,98,,9035,8,,,1,98,,9031,8,,,1,98,,9030,8,,,1,98,,9033,8,,,1,100,,9032,8,,,1,100,,9034,8,,,1
6001,'SAM',643,,9048,8,,,1,101,,9058,8,,,1,101,,9057,8,,,1,94,,9060,8,,,1,108,,9056,8,,,1,103,,9054,8,,,1,105,,9062,8,,,1,100,,9061,8,,,1,147,,9055,8,,,1,54,,9059,8,,,1,98,,9046,8,,,1,97,,9050,8,,,1,98,,9051,8,,,1,98,,9045,8,,,1,98,,9049,8,,,1,98,,9047,8,,,1,100,,9053,8,,,1,100,,9052,8,,,1
6001,'SEM',524,,9079,8,,,1,102,,9063,8,,,1,92,,9064,8,,,1,31,,9066,8,,,1,85,,9069,8,,,1,91,,9080,8,,,1,102,,9081,8,,,1,99,,9065,8,,,1,100,,9067,8,,,1,100,,9082,8,,,1,100,,9071,8,,,1,98,,9068,8,,,1,108,,9074,8,,,1,101,,9070,8,,,1,96,,9077,8,,,1,99,,9073,8,,,1,90,,9076,8,,,1,100,,9078,8,,,1,96,,9072,8,,,1,100,,9075,8,,,1
6602,'DIM',711,,9636,17,,,1,104,,3688,17,,,1,101,,9644,17,,,1,101,,3696,17,,,1,103,,9632,17,,,1,99,,9645,17,,,1,100,,9642,17,,,1,133,,9634,17,,,1,94,,9643,17,,,1,76,,9633,17,,,1,30,,9639,17,,,1,70,,9631,17,,,1,30,,9646,17,,,1,68,,9637,17,,,1,99,,9640,17,,,1,100,,9638,17,,,1,98,,9635,17,,,1,100,,9641,17,,,1
6602,'SAM',711,,9656,17,,,1,101,,9658,17,,,1,98,,9660,17,,,1,107,,9663,17,,,1,103,,9659,17,,,1,99,,9661,17,,,1,100,,9647,17,,,1,133,,9649,17,,,1,100,,9652,17,,,1,70,,9664,17,,,1,30,,9655,17,,,1,70,,9651,17,,,1,30,,9662,17,,,1,68,,9653,17,,,1,100,,9657,17,,,1,99,,9654,17,,,1,98,,9648,17,,,1,100,,9650,17,,,1
6602,'SEM',650,,9680,17,,,1,103,,9681,17,,,1,101,,9671,17,,,1,105,,9674,17,,,1,100,,9673,17,,,1,146,,9666,17,,,1,100,,9669,17,,,1,100,,9665,17,,,1,31,,9667,17,,,1,92,,9668,17,,,1,96,,9672,17,,,1,104,,9670,17,,,1,98,,9677,17,,,1,99,,9675,17,,,1,99,,9676,17,,,1,99,,9678,17,,,1,31,,9679,17,,,1
22602,'SEM',1535,,10862,12,,,2,16,,10866,12,,,2,55,,10863,12,,,2,17,,10860,12,,,2,183,,10861,12,,,2,19,,10864,12,,,2,20,,10865,12,,,2
