1704,'DIM',454,,6036,5,,,1,89,,6039,5,,,1,105,,6042,5,,,1,96,,6035,5,,,1,97,,6029,5,,,1,100,,6034,5,,,1,100,,6037,5,,,1,100,,6041,5,,,1,103,,6038,5,,,1,100,,6043,5,,,1,102,,6045,5,,,1,100,,6033,5,,,1,101,,6040,5,,,1,102,,6025,5,,,1,98,,6044,5,,,1,99,,6028,5,,,1,99,,6026,5,,,1,102,,6027,5,,,1,99,,6030,5,,,1,100,,6032,5,,,1,96,,6031,5,,,1
1704,'SAM',455,,6057,5,,,1,88,,6054,5,,,1,105,,6049,5,,,1,96,,6056,5,,,1,97,,6062,5,,,1,101,,6059,5,,,1,99,,6060,5,,,1,100,,6058,5,,,1,102,,6064,5,,,1,100,,6055,5,,,1,101,,6061,5,,,1,102,,6065,5,,,1,102,,6063,5,,,1,101,,6066,5,,,1,98,,6046,5,,,1,99,,6047,5,,,1,99,,6048,5,,,1,102,,6053,5,,,1,99,,6051,5,,,1,100,,6052,5,,,1,96,,6050,5,,,1
1704,'SEM',503,,6078,5,,,1,102,,6088,5,,,1,20,,6068,5,,,1,19,,6072,5,,,1,15,,6074,5,,,1,65,,6089,5,,,1,34,,6067,5,,,1,142,,6071,5,,,1,45,,6076,5,,,1,100,,6070,5,,,1,101,,6079,5,,,1,100,,6075,5,,,1,100,,6069,5,,,1,100,,6073,5,,,1,103,,6077,5,,,1,98,,6084,5,,,1,103,,6082,5,,,1,100,,6080,5,,,1,99,,6086,5,,,1,100,,6081,5,,,1,100,,6083,5,,,1,101,,6087,5,,,1,99,,6085,5,,,1
3904,'DIM',814,,1465,5,,,1,99,,7336,5,,,1,95,,7342,5,,,1,14,,7340,5,,,1,34,,7344,5,,,1,68,,7349,5,,,1,34,,7337,5,,,1,70,,7348,5,,,1,31,,7335,5,,,1,69,,7330,5,,,1,76,,7339,5,,,1,25,,7338,5,,,1,28,,7343,5,,,1,67,,7346,5,,,1,77,,7345,5,,,1,30,,7332,5,,,1,70,,7341,5,,,1,30,,7347,5,,,1,80,,7333,5,,,1,45,,7328,5,,,1,100,,7331,5,,,1,97,,7334,5,,,1,100,,7329,5,,,1
3904,'SAM',814,,7364,5,,,1,101,,7363,5,,,1,93,,7365,5,,,1,14,,7369,5,,,1,36,,7366,5,,,1,70,,7361,5,,,1,30,,7368,5,,,1,70,,7370,5,,,1,30,,7360,5,,,1,70,,7359,5,,,1,75,,7362,5,,,1,29,,7350,5,,,1,69,,7351,5,,,1,25,,7367,5,,,1,75,,7354,5,,,1,30,,7371,5,,,1,70,,7355,5,,,1,30,,7357,5,,,1,80,,7352,5,,,1,45,,7356,5,,,1,100,,7358,5,,,1,97,,7353,5,,,1,100,,1475,5,,,1
3904,'SEM',603,,7394,5,,,1,38,,7375,5,,,1,12,,7382,5,,,1,50,,7384,5,,,1,33,,7376,5,,,1,69,,7374,5,,,1,37,,11141,5,,,1,65,,7383,5,,,1,30,,7397,5,,,1,70,,7381,5,,,1,30,,7393,5,,,1,70,,7391,5,,,1,30,,7373,5,,,1,70,,7396,5,,,1,30,,7392,5,,,1,70,,7395,5,,,1,35,,11190,5,,,1,70,,7378,5,,,1,30,,7372,5,,,1,73,,7377,5,,,1,105,,7386,5,,,1,107,,7379,5,,,1,105,,7390,5,,,1,102,,7388,5,,,1,100,,7389,5,,,1,99,,7387,5,,,1
4504,'DIM',611,,2173,5,,,1,100,,8090,5,,,1,99,,2174,5,,,1,101,,8092,5,,,1,99,,8089,5,,,1,101,,8091,5,,,1,98,,8088,5,,,1,106,,8095,5,,,1,100,,8082,5,,,1,96,,8094,5,,,1,106,,8080,5,,,1,90,,8093,5,,,1,100,,8081,5,,,1,100,,8086,5,,,1,100,,8083,5,,,1,100,,8087,5,,,1,100,,8085,5,,,1,100,,8084,5,,,1
4504,'SAM',605,,8106,5,,,1,106,,8104,5,,,1,99,,8108,5,,,1,101,,8110,5,,,1,99,,8111,5,,,1,101,,8096,5,,,1,100,,8109,5,,,1,104,,8105,5,,,1,102,,8107,5,,,1,99,,8113,5,,,1,96,,8100,5,,,1,95,,8112,5,,,1,100,,8101,5,,,1,100,,8098,5,,,1,100,,8097,5,,,1,100,,8102,5,,,1,100,,8099,5,,,1,100,,8103,5,,,1
4504,'SEM',524,,8137,5,,,1,18,,8141,5,,,1,77,,8136,5,,,1,26,,8117,5,,,1,9,,8121,5,,,1,53,,8125,5,,,1,14,,8126,5,,,1,27,,8114,5,,,1,52,,8124,5,,,1,46,,8115,5,,,1,154,,8122,5,,,1,108,,8138,5,,,1,96,,11219,5,,,1,54,,8140,5,,,1,101,,8127,5,,,1,84,,8118,5,,,1,78,,8120,5,,,1,18,,8119,5,,,1,68,,8129,5,,,1,38,,8123,5,,,1,83,,8116,5,,,1,73,,8135,5,,,1,109,,8133,5,,,1,102,,8132,5,,,1,103,,8128,5,,,1,94,,8130,5,,,1,95,,8131,5,,,1,55,,8134,5,,,1
7402,'DIM',625,,10092,44,,,2,102,,10096,44,,,2,100,,10095,44,,,2,100,,10097,44,,,2,101,,10099,44,,,2,100,,10088,44,,,2,99,,10093,44,,,2,101,,10094,44,,,2,102,,10098,44,,,2,99,,10100,44,,,2,99,,10101,44,,,2,104,,10085,44,,,2,98,,10087,44,,,2,100,,10089,44,,,2,100,,10091,44,,,2,100,,10090,44,,,2,99,,10086,44,,,2
7402,'SAM',625,,10112,44,,,2,102,,10115,44,,,2,98,,10103,44,,,2,100,,10117,44,,,2,103,,10116,44,,,2,100,,10111,44,,,2,98,,10114,44,,,2,101,,10113,44,,,2,103,,10102,44,,,2,99,,10118,44,,,2,100,,10105,44,,,2,101,,10106,44,,,2,98,,10107,44,,,2,102,,10110,44,,,2,99,,10104,44,,,2,100,,10108,44,,,2,99,,10109,44,,,2
7402,'SEM',546,,10136,44,,,2,87,,10137,44,,,2,15,,10122,44,,,2,87,,10126,44,,,2,96,,10121,44,,,2,99,,10124,44,,,2,98,,10133,44,,,2,100,,10125,44,,,2,100,,10134,44,,,2,100,,10119,44,,,2,100,,10123,44,,,2,103,,10120,44,,,2,100,,10128,44,,,2,102,,10132,44,,,2,97,,10127,44,,,2,100,,10131,44,,,2,100,,10135,44,,,2,100,,10130,44,,,2,100,,10129,44,,,2
