2201,'DIM',643,,6206,37,,,2,100,,6207,37,,,2,104,,6204,37,,,2,100,,6211,37,,,2,100,,6202,37,,,2,101,,6209,37,,,2,99,,6205,37,,,2,103,,6210,37,,,2,95,,6208,37,,,2,97,,6213,37,,,2,104,,6199,37,,,2,103,,6212,37,,,2,98,,6203,37,,,2,101,,6201,37,,,2,100,,6198,37,,,2,100,,6200,37,,,2
2201,'SAM',644,,6225,37,,,2,101,,6216,37,,,2,100,,6226,37,,,2,103,,6227,37,,,2,100,,6228,37,,,2,98,,6229,37,,,2,100,,6230,37,,,2,104,,6215,37,,,2,95,,6218,37,,,2,99,,6214,37,,,2,102,,6219,37,,,2,101,,6221,37,,,2,100,,6224,37,,,2,102,,6217,37,,,2,100,,6222,37,,,2,98,,6220,37,,,2,101,,6223,37,,,2
2201,'SEM',636,,6250,37,,,2,73,,6249,37,,,2,28,,6232,37,,,2,95,,6236,37,,,2,80,,6238,37,,,2,34,,11268,37,,,2,98,,6237,37,,,2,100,,6244,37,,,2,100,,6239,37,,,2,100,,6231,37,,,2,95,,6234,37,,,2,107,,6235,37,,,2,102,,6246,37,,,2,100,,6241,37,,,2,100,,6242,37,,,2,96,,6248,37,,,2,100,,6240,37,,,2,100,,6243,37,,,2,100,,6247,37,,,2,101,,6245,37,,,2
5001,'DIM',545,,8425,44,,,1,100,,8438,44,,,1,101,,8432,44,,,1,101,,8437,44,,,1,101,,8440,44,,,1,66,,8431,44,,,1,32,,8433,44,,,1,68,,8444,44,,,1,39,,8436,44,,,1,68,,8434,44,,,1,37,,8443,44,,,1,64,,8430,44,,,1,35,,8435,44,,,1,62,,8419,44,,,1,33,,8421,44,,,1,71,,8418,44,,,1,34,,8441,44,,,1,66,,8439,44,,,1,36,,8426,44,,,1,81,,8442,44,,,1,61,,8428,44,,,1,57,,8429,44,,,1,101,,8420,44,,,1,99,,8423,44,,,1,100,,8422,44,,,1,99,,8424,44,,,1,100,,8427,44,,,1
5001,'SAM',545,,8452,44,,,1,100,,8445,44,,,1,101,,8462,44,,,1,103,,8466,44,,,1,102,,8458,44,,,1,63,,8468,44,,,1,35,,8471,44,,,1,68,,8460,44,,,1,36,,8467,44,,,1,66,,8469,44,,,1,34,,8461,44,,,1,68,,8463,44,,,1,34,,8470,44,,,1,71,,8448,44,,,1,32,,8464,44,,,1,63,,8447,44,,,1,32,,8465,44,,,1,70,,8453,44,,,1,36,,8455,44,,,1,81,,8446,44,,,1,61,,8454,44,,,1,100,,8456,44,,,1,58,,8449,44,,,1,100,,8450,44,,,1,100,,8457,44,,,1,98,,8451,44,,,1,100,,8459,44,,,1
5001,'SEM',541,,8497,44,,,1,99,,8499,44,,,1,80,,8481,44,,,1,20,,8503,44,,,1,78,,8474,44,,,1,28,,11291,44,,,1,67,,8478,44,,,1,30,,8500,44,,,1,69,,8501,44,,,1,30,,8484,44,,,1,70,,8479,44,,,1,30,,8477,44,,,1,71,,8502,44,,,1,31,,8498,44,,,1,70,,8473,44,,,1,30,,8488,44,,,1,70,,8475,44,,,1,31,,8472,44,,,1,90,,8480,44,,,1,67,,8485,44,,,1,30,,8482,44,,,1,70,,8476,44,,,1,30,,8491,44,,,1,69,,8486,44,,,1,30,,8489,44,,,1,25,,8487,44,,,1,79,,8493,44,,,1,104,,8495,44,,,1,104,,8490,44,,,1,104,,8492,44,,,1,102,,8494,44,,,1,104,,8496,44,,,1,91,,8504,34,,,1
5801,'DIM',545,,8918,52,,,2,101,,8910,52,,,2,91,,2987,52,,,2,102,,8908,52,,,2,100,,8909,52,,,2,99,,8914,52,,,2,100,,8911,52,,,2,101,,8907,52,,,2,100,,8912,52,,,2,100,,8916,52,,,2,98,,8913,52,,,2,109,,8917,52,,,2,94,,8901,52,,,2,102,,8915,52,,,2,97,,8906,52,,,2,100,,8903,52,,,2,99,,8905,52,,,2,100,,8902,52,,,2,99,,8900,52,,,2,109,,8904,52,,,2
5801,'SAM',550,,8935,52,,,2,96,,8931,52,,,2,94,,8933,52,,,2,99,,8936,52,,,2,100,,8921,52,,,2,99,,8923,52,,,2,103,,8934,52,,,2,98,,8926,52,,,2,105,,8932,52,,,2,94,,8919,52,,,2,111,,8920,52,,,2,99,,8938,52,,,2,100,,8937,52,,,2,88,,8928,52,,,2,107,,8925,52,,,2,96,,8922,52,,,2,99,,8924,52,,,2,100,,8929,52,,,2,99,,8930,52,,,2,109,,8927,52,,,2
5801,'SEM',533,,8943,52,,,2,69,,8965,52,,,2,43,,8963,52,,,2,72,,8967,34,,,2,10,,8939,52,,,2,89,,8940,52,,,2,43,,8949,52,,,2,100,,8948,52,,,2,100,,8962,52,,,2,100,,8944,52,,,2,100,,8964,52,,,2,100,,8946,52,,,2,82,,8945,52,,,2,87,,8966,52,,,2,31,,8952,52,,,2,72,,8950,52,,,2,20,,8947,52,,,2,59,,8942,52,,,2,20,,8953,52,,,2,20,,8957,52,,,2,55,,8941,52,,,2,24,,8960,52,,,2,19,,8954,52,,,2,69,,8951,52,,,2,99,,8959,52,,,2,100,,8955,52,,,2,101,,8958,52,,,2,105,,8956,52,,,2,99,,8961,52,,,2
22201,'DIM',1413,,10829,37,,,2,815,,10827,37,,,2,84,,10828,37,,,2
22201,'SAM',1414,,10834,37,,,2,814,,10833,37,,,2,82,,10832,37,,,2,102,,10830,37,,,2,112,,10831,37,,,2
22201,'SEM',717,,10836,37,,,2,10,,10835,37,,,2,682,,10840,37,,,2,106,,10841,37,,,2,101,,10839,37,,,2,102,,10838,37,,,2,90,,10837,37,,,2,621,,10842,37,,,2
32201,'DIM',525,,10973,38,,,2,798,,10975,37,,,2,802,,10974,37,,,2
32201,'SAM',525,,10976,38,,,2,798,,10977,37,,,2
32201,'SEM',526,,10978,38,,,2,18,,10979,38,,,2,69,,10980,38,,,2,711,,10982,37,,,2,798,,10981,37,,,2
