2201,'DIM',641,,6206,33,,,2,100,,6207,33,,,2,104,,6204,33,,,2,100,,6211,33,,,2,100,,6202,33,,,2,101,,6209,33,,,2,99,,6205,33,,,2,103,,6210,33,,,2,95,,6208,33,,,2,97,,6213,33,,,2,104,,6199,33,,,2,103,,6212,33,,,2,98,,6203,33,,,2,101,,6201,33,,,2,100,,6198,33,,,2,100,,6200,33,,,2
2201,'SAM',642,,6225,33,,,2,101,,6216,33,,,2,100,,6226,33,,,2,103,,6227,33,,,2,100,,6228,33,,,2,98,,6229,33,,,2,100,,6230,33,,,2,104,,6215,33,,,2,95,,6218,33,,,2,99,,6214,33,,,2,102,,6219,33,,,2,101,,6221,33,,,2,100,,6224,33,,,2,102,,6217,33,,,2,100,,6222,33,,,2,98,,6220,33,,,2,101,,6223,33,,,2
2201,'SEM',634,,6250,33,,,2,72,,6249,33,,,2,29,,6232,33,,,2,94,,6236,33,,,2,80,,6238,33,,,2,35,,6233,33,,,2,98,,6237,33,,,2,100,,6244,33,,,2,100,,6239,33,,,2,100,,6231,33,,,2,95,,6234,33,,,2,106,,6235,33,,,2,102,,6246,33,,,2,100,,6241,33,,,2,100,,6242,33,,,2,97,,6248,33,,,2,100,,6240,33,,,2,100,,6243,33,,,2,100,,6247,33,,,2,101,,6245,33,,,2
5801,'DIM',543,,8918,48,,,2,101,,8910,48,,,2,91,,2987,48,,,2,102,,8908,48,,,2,100,,8909,48,,,2,99,,8914,48,,,2,100,,8911,48,,,2,101,,8907,48,,,2,100,,8912,48,,,2,100,,8916,48,,,2,98,,8913,48,,,2,109,,8917,48,,,2,94,,8901,48,,,2,102,,8915,48,,,2,97,,8906,48,,,2,100,,8903,48,,,2,99,,8905,48,,,2,100,,8902,48,,,2,99,,8900,48,,,2,109,,8904,48,,,2
5801,'SAM',548,,8935,48,,,2,96,,8931,48,,,2,94,,8933,48,,,2,99,,8936,48,,,2,100,,8921,48,,,2,99,,8923,48,,,2,103,,8934,48,,,2,98,,8926,48,,,2,105,,8932,48,,,2,94,,8919,48,,,2,111,,8920,48,,,2,99,,8938,48,,,2,100,,8937,48,,,2,88,,8928,48,,,2,107,,8925,48,,,2,96,,8922,48,,,2,99,,8924,48,,,2,100,,8929,48,,,2,99,,8930,48,,,2,109,,8927,48,,,2
5801,'SEM',531,,8943,48,,,2,69,,8965,48,,,2,43,,8963,48,,,2,71,,8967,30,,,2,10,,8939,48,,,2,90,,8940,48,,,2,43,,8949,48,,,2,100,,8948,48,,,2,100,,8962,48,,,2,100,,8944,48,,,2,100,,8964,48,,,2,100,,8946,48,,,2,82,,8945,48,,,2,87,,8966,48,,,2,31,,8952,48,,,2,72,,8950,48,,,2,20,,8947,48,,,2,59,,8942,48,,,2,20,,8953,48,,,2,20,,8957,48,,,2,55,,8941,48,,,2,24,,8960,48,,,2,19,,8954,48,,,2,69,,8951,48,,,2,99,,8959,48,,,2,100,,8955,48,,,2,101,,8958,48,,,2,105,,8956,48,,,2,99,,8961,48,,,2
22201,'DIM',1411,,10829,33,,,2,815,,10827,33,,,2,84,,10828,33,,,2
22201,'SAM',1412,,10834,33,,,2,814,,10833,33,,,2,82,,10832,33,,,2,102,,10830,33,,,2,112,,10831,33,,,2
22201,'SEM',714,,10836,33,,,2,10,,10835,33,,,2,683,,10840,33,,,2,105,,10841,33,,,2,101,,10839,33,,,2,102,,10838,33,,,2,90,,10837,33,,,2,622,,10842,33,,,2
32201,'DIM',523,,10973,34,,,2,798,,10975,33,,,2,802,,10974,33,,,2
32201,'SAM',523,,10976,34,,,2,798,,10977,33,,,2
32201,'SEM',524,,10978,34,,,2,18,,10979,34,,,2,69,,10980,34,,,2,711,,10982,33,,,2,798,,10981,33,,,2
