1704,'DIM',509,,6036,38,,,1,50,,6039,38,,,1,146,,6042,38,,,1,97,,6035,38,,,1,100,,6029,38,,,1,101,,6034,38,,,1,100,,6037,38,,,1,100,,6041,38,,,1,103,,6038,38,,,1,100,,6043,38,,,1,102,,6045,38,,,1,99,,6033,38,,,1,101,,6040,38,,,1,100,,6025,38,,,1,98,,6044,38,,,1,99,,6028,38,,,1,99,,6026,38,,,1,99,,6027,38,,,1,99,,6030,38,,,1,99,,6032,38,,,1,56,,6031,38,,,1
1704,'SAM',510,,6057,38,,,1,49,,6054,38,,,1,146,,6049,38,,,1,97,,6056,38,,,1,100,,6062,38,,,1,102,,6059,38,,,1,99,,6060,38,,,1,100,,6058,38,,,1,102,,6064,38,,,1,100,,6055,38,,,1,101,,6061,38,,,1,101,,6065,38,,,1,102,,6063,38,,,1,99,,6066,38,,,1,98,,6046,38,,,1,99,,6047,38,,,1,99,,6048,38,,,1,99,,6053,38,,,1,99,,6051,38,,,1,99,,6052,38,,,1,56,,6050,38,,,1
1704,'SEM',522,,6078,38,,,1,102,,6088,38,,,1,20,,6068,38,,,1,62,,6072,38,,,1,16,,6074,38,,,1,25,,6089,38,,,1,74,,6067,38,,,1,101,,6071,38,,,1,84,,6076,38,,,1,99,,6070,38,,,1,101,,6079,38,,,1,100,,6075,38,,,1,100,,6069,38,,,1,102,,6073,38,,,1,103,,6077,38,,,1,98,,6084,38,,,1,101,,6082,38,,,1,99,,6080,38,,,1,98,,6086,38,,,1,100,,6081,38,,,1,98,,6083,38,,,1,100,,6087,38,,,1,99,,6085,38,,,1
2704,'DIM',755,,6871,43,,,2,101,,6872,43,,,2,100,,6874,43,,,2,99,,6869,43,,,2,95,,6870,43,,,2,105,,6873,43,,,2,102,,6868,43,,,2,100,,6867,43,,,2,95,,6861,43,,,2,101,,6862,43,,,2,105,,6866,43,,,2,99,,6860,43,,,2,100,,6859,43,,,2,98,,6865,43,,,2,100,,6863,43,,,2,100,,6864,43,,,2
2704,'SAM',655,,6890,43,,,2,100,,6887,43,,,2,100,,6885,43,,,2,96,,6889,43,,,2,104,,6891,43,,,2,95,,6884,43,,,2,105,,6875,43,,,2,96,,6886,43,,,2,106,,6888,43,,,2,146,,6880,43,,,2,55,,6882,43,,,2,100,,6883,43,,,2,99,,6878,43,,,2,100,,6881,43,,,2,98,,6877,43,,,2,100,,6879,43,,,2,99,,6876,43,,,2
2704,'SEM',619,,6911,43,,,2,29,,6895,43,,,2,74,,6893,43,,,2,24,,6898,43,,,2,64,,6913,43,,,2,29,,6910,43,,,2,79,,6892,43,,,2,40,,6897,43,,,2,96,,6914,43,,,2,150,,6912,43,,,2,55,,6894,43,,,2,90,,6915,43,,,2,101,,6901,43,,,2,105,,6896,43,,,2,79,,6900,43,,,2,80,,6899,43,,,2,16,,6908,43,,,2,27,,6904,43,,,2,73,,6906,43,,,2,73,,6905,43,,,2,100,,6903,43,,,2,45,,6909,43,,,2,100,,6902,43,,,2,100,,6907,43,,,2
3104,'DIM',629,,1107,48,,,1,103,,6985,48,,,1,100,,6984,48,,,1,101,,6989,48,,,1,102,,6992,48,,,1,100,,6993,48,,,1,101,,6990,48,,,1,101,,6986,48,,,1,102,,6988,48,,,1,102,,6976,48,,,1,96,,6987,48,,,1,101,,6991,48,,,1,98,,6979,48,,,1,100,,6978,48,,,1,99,,6980,48,,,1,99,,6977,48,,,1,99,,6983,48,,,1,98,,6982,48,,,1,101,,6981,48,,,1
3104,'SAM',528,,7010,48,,,1,99,,7004,48,,,1,105,,7006,48,,,1,101,,7009,48,,,1,100,,7007,48,,,1,101,,7011,48,,,1,99,,7013,48,,,1,101,,6994,48,,,1,103,,7003,48,,,1,101,,7008,48,,,1,101,,7005,48,,,1,102,,7012,48,,,1,97,,6997,48,,,1,100,,6998,48,,,1,98,,7000,48,,,1,99,,6995,48,,,1,99,,7001,48,,,1,99,,7002,48,,,1,98,,6996,48,,,1,101,,6999,48,,,1
3104,'SEM',459,,7030,48,,,1,71,,1143,48,,,1,85,,7031,48,,,1,22,,7033,48,,,1,63,,7016,48,,,1,33,,7018,48,,,1,72,,7029,48,,,1,30,,7015,48,,,1,70,,7017,48,,,1,31,,7034,48,,,1,100,,7036,48,,,1,100,,7035,48,,,1,100,,7014,48,,,1,100,,7032,48,,,1,100,,7019,48,,,1,104,,7020,48,,,1,102,,7023,48,,,1,101,,7021,48,,,1,97,,7028,48,,,1,98,,7025,48,,,1,101,,7026,48,,,1,99,,7022,48,,,1,99,,7024,48,,,1,105,,7027,48,,,1
3904,'DIM',839,,1465,48,,,1,99,,7336,48,,,1,95,,7342,48,,,1,14,,7340,48,,,1,74,,7344,48,,,1,28,,7349,48,,,1,74,,7337,48,,,1,31,,7348,48,,,1,71,,7335,48,,,1,29,,7330,48,,,1,76,,7339,48,,,1,25,,7338,48,,,1,68,,7343,48,,,1,27,,7346,48,,,1,76,,7345,48,,,1,30,,7332,48,,,1,70,,7341,48,,,1,30,,7347,48,,,1,79,,7333,48,,,1,85,,7328,48,,,1,100,,7331,48,,,1,97,,7334,48,,,1,100,,7329,48,,,1
3904,'SAM',839,,7364,48,,,1,101,,7363,48,,,1,93,,7365,48,,,1,14,,7369,48,,,1,76,,7366,48,,,1,30,,7361,48,,,1,70,,7368,48,,,1,31,,7370,48,,,1,70,,7360,48,,,1,30,,7359,48,,,1,75,,7362,48,,,1,29,,7350,48,,,1,69,,7351,48,,,1,25,,7367,48,,,1,74,,7354,48,,,1,30,,7371,48,,,1,70,,7355,48,,,1,30,,7357,48,,,1,79,,7352,48,,,1,85,,7356,48,,,1,100,,7358,48,,,1,97,,7353,48,,,1,100,,1475,48,,,1
3904,'SEM',628,,7394,48,,,1,81,,7375,48,,,1,12,,7382,48,,,1,10,,7384,48,,,1,74,,7376,48,,,1,28,,7374,48,,,1,75,,7385,48,,,1,27,,7383,48,,,1,70,,7397,48,,,1,29,,7381,48,,,1,70,,7393,48,,,1,30,,7391,48,,,1,70,,7373,48,,,1,30,,7396,48,,,1,70,,7392,48,,,1,30,,7395,48,,,1,75,,7380,48,,,1,30,,7378,48,,,1,70,,7372,48,,,1,33,,7377,48,,,1,106,,7386,48,,,1,107,,7379,48,,,1,102,,7390,48,,,1,101,,7388,48,,,1,99,,7389,48,,,1,99,,7387,48,,,1
4304,'DIM',506,,2049,23,,,1,102,,2043,23,,,1,101,,7958,23,,,1,102,,7959,23,,,1,101,,7960,23,,,1,100,,7953,23,,,1,106,,7954,23,,,1,102,,7961,23,,,1,99,,7964,23,,,1,102,,7962,23,,,1,98,,7965,23,,,1,102,,7963,23,,,1,100,,7948,23,,,1,105,,7952,23,,,1,95,,7957,23,,,1,100,,7956,23,,,1,100,,7950,23,,,1,99,,7949,23,,,1,99,,7951,23,,,1,91,,7955,23,,,1
4304,'SAM',506,,2068,23,,,1,102,,7976,23,,,1,101,,7972,23,,,1,102,,7973,23,,,1,101,,7977,23,,,1,104,,7980,23,,,1,103,,7983,23,,,1,101,,7981,23,,,1,100,,7966,23,,,1,104,,7982,23,,,1,98,,7979,23,,,1,98,,7978,23,,,1,101,,7985,23,,,1,100,,7984,23,,,1,102,,7967,23,,,1,98,,7969,23,,,1,100,,7968,23,,,1,99,,7974,23,,,1,99,,7971,23,,,1,91,,7970,23,,,1,100,,7975,23,,,1
4304,'SEM',526,,8011,23,,,1,32,,8014,23,,,1,76,,7987,23,,,1,20,,7991,23,,,1,60,,7994,23,,,1,21,,8001,23,,,1,23,,8015,23,,,1,67,,8007,23,,,1,33,,7990,23,,,1,70,,7993,23,,,1,73,,7998,23,,,1,28,,7989,23,,,1,30,,7986,23,,,1,70,,8018,23,,,1,30,,8002,23,,,1,70,,7992,23,,,1,30,,8016,23,,,1,70,,8017,23,,,1,30,,7997,23,,,1,71,,7999,23,,,1,71,,7996,23,,,1,31,,7988,23,,,1,72,,8000,23,,,1,26,,7995,23,,,1,70,,8005,23,,,1,57,,8004,23,,,1,95,,8003,23,,,1,99,,8013,23,,,1,100,,8009,23,,,1,99,,8010,23,,,1,100,,8006,23,,,1,150,,8008,23,,,1,22,,8012,23,,,1
7304,'DIM',544,,4008,66,,,1,70,,3997,66,,,1,102,,9957,66,,,1,101,,9963,66,,,1,100,,9958,66,,,1,102,,9960,66,,,1,101,,9956,66,,,1,100,,9959,66,,,1,101,,9961,66,,,1,101,,9950,66,,,1,101,,9955,66,,,1,101,,9962,66,,,1,100,,9964,66,,,1,99,,9948,66,,,1,98,,9949,66,,,1,99,,9946,66,,,1,99,,9951,66,,,1,99,,9953,66,,,1,98,,9947,66,,,1,101,,9952,66,,,1,99,,9954,66,,,1
7304,'SAM',544,,9987,66,,,1,70,,9975,66,,,1,104,,9979,66,,,1,99,,9967,66,,,1,100,,9983,66,,,1,102,,9981,66,,,1,102,,9968,66,,,1,101,,9980,66,,,1,99,,9984,66,,,1,101,,9982,66,,,1,101,,9965,66,,,1,102,,9985,66,,,1,99,,9986,66,,,1,99,,9971,66,,,1,98,,9966,66,,,1,99,,9973,66,,,1,99,,9972,66,,,1,99,,9969,66,,,1,98,,9970,66,,,1,101,,9974,66,,,1,99,,9976,66,,,1,100,,9978,66,,,1,99,,9977,66,,,1
7304,'SEM',508,,10017,66,,,1,44,,10015,66,,,1,80,,10026,66,,,1,18,,10028,66,,,1,66,,10027,66,,,1,12,,9994,66,,,1,12,,10023,66,,,1,13,,10000,66,,,1,61,,10003,66,,,1,16,,10024,66,,,1,15,,9995,66,,,1,66,,9992,66,,,1,29,,9998,66,,,1,82,,10007,66,,,1,29,,9993,66,,,1,70,,9990,66,,,1,30,,10029,66,,,1,70,,10002,66,,,1,35,,9996,66,,,1,66,,10025,66,,,1,30,,9997,66,,,1,70,,10004,66,,,1,30,,10030,66,,,1,72,,9991,66,,,1,82,,10005,66,,,1,13,,9989,66,,,1,19,,9988,66,,,1,75,,9999,66,,,1,15,,10012,66,,,1,25,,10011,66,,,1,73,,10001,66,,,1,75,,10018,66,,,1,23,,10016,66,,,1,32,,10008,66,,,1,66,,10014,66,,,1,31,,10020,66,,,1,71,,10006,66,,,1,27,,10009,66,,,1,70,,10021,66,,,1,29,,10010,66,,,1,70,,10013,66,,,1,100,,10019,66,,,1,94,,10022,66,,,1
7402,'DIM',644,,10092,79,,,2,102,,10096,79,,,2,101,,10095,79,,,2,101,,10097,79,,,2,102,,10099,79,,,2,101,,10088,79,,,2,100,,10093,79,,,2,101,,10094,79,,,2,102,,10098,79,,,2,99,,10100,79,,,2,99,,10101,79,,,2,101,,10085,79,,,2,98,,10087,79,,,2,98,,10089,79,,,2,99,,10091,79,,,2,100,,10090,79,,,2,99,,10086,79,,,2
7402,'SAM',644,,10112,79,,,2,102,,10115,79,,,2,99,,10103,79,,,2,101,,10117,79,,,2,104,,10116,79,,,2,101,,10111,79,,,2,99,,10114,79,,,2,101,,10113,79,,,2,103,,10102,79,,,2,99,,10118,79,,,2,100,,10105,79,,,2,98,,10106,79,,,2,98,,10107,79,,,2,100,,10110,79,,,2,98,,10104,79,,,2,100,,10108,79,,,2,99,,10109,79,,,2
7402,'SEM',607,,10136,79,,,2,48,,10137,79,,,2,55,,10122,79,,,2,47,,10126,79,,,2,96,,10121,79,,,2,98,,10124,79,,,2,98,,10133,79,,,2,100,,10125,79,,,2,100,,10134,79,,,2,100,,10119,79,,,2,100,,10123,79,,,2,106,,10120,79,,,2,99,,10128,79,,,2,101,,10132,79,,,2,96,,10127,79,,,2,99,,10131,79,,,2,99,,10135,79,,,2,99,,10130,79,,,2,100,,10129,79,,,2
