4002,'DIM',754,,7475,1,,,1,100,,7487,1,,,1,100,,7490,1,,,1,100,,7489,1,,,1,100,,7485,1,,,1,100,,7477,1,,,1,100,,7474,1,,,1,100,,7476,1,,,1,102,,7486,1,,,1,100,,7478,1,,,1,98,,7488,1,,,1,100,,7481,1,,,1,100,,7482,1,,,1,100,,7479,1,,,1,100,,7484,1,,,1,100,,7483,1,,,1,94,,7480,1,,,1
4002,'SAM',654,,7505,1,,,1,100,,7502,1,,,1,100,,7503,1,,,1,100,,7507,1,,,1,100,,7491,1,,,1,98,,7501,1,,,1,98,,7504,1,,,1,104,,7492,1,,,1,101,,7506,1,,,1,99,,7496,1,,,1,100,,7508,1,,,1,100,,7498,1,,,1,100,,7497,1,,,1,100,,7494,1,,,1,100,,7495,1,,,1,100,,7499,1,,,1,100,,7493,1,,,1,94,,7500,1,,,1
4002,'SEM',626,,7528,1,,,1,33,,7536,1,,,1,51,,7543,1,,,1,24,,7510,1,,,1,20,,7519,1,,,1,65,,7512,1,,,1,16,,7513,1,,,1,19,,7520,1,,,1,65,,7526,1,,,1,30,,7511,1,,,1,70,,7518,1,,,1,30,,7515,1,,,1,70,,7517,1,,,1,30,,7516,1,,,1,70,,7541,1,,,1,30,,11216,1,,,1,70,,7542,1,,,1,37,,7509,1,,,1,70,,7514,1,,,1,20,,7522,1,,,1,65,,7521,1,,,1,25,,7523,1,,,1,65,,7529,1,,,1,24,,7532,1,,,1,31,,7535,1,,,1,70,,7527,1,,,1,30,,7539,1,,,1,70,,7531,1,,,1,31,,7533,1,,,1,70,,7538,1,,,1,99,,7524,1,,,1,100,,7525,1,,,1,100,,7530,1,,,1,100,,7537,1,,,1,100,,7534,1,,,1
4503,'DIM',635,,8030,1,,,1,100,,2117,1,,,1,101,,2115,1,,,1,98,,8029,1,,,1,101,,8031,1,,,1,98,,8028,1,,,1,106,,8034,1,,,1,99,,8020,1,,,1,96,,8033,1,,,1,106,,8019,1,,,1,90,,8032,1,,,1,100,,8022,1,,,1,100,,8026,1,,,1,100,,8021,1,,,1,100,,8027,1,,,1,100,,8025,1,,,1,100,,8024,1,,,1,110,,8023,1,,,1
4503,'SAM',635,,8044,1,,,1,100,,8047,1,,,1,101,,8049,1,,,1,98,,8050,1,,,1,101,,8035,1,,,1,100,,8048,1,,,1,104,,8045,1,,,1,101,,8046,1,,,1,99,,8052,1,,,1,96,,8040,1,,,1,95,,8051,1,,,1,100,,8037,1,,,1,100,,8038,1,,,1,100,,8036,1,,,1,100,,8042,1,,,1,100,,8039,1,,,1,102,,8043,1,,,1,108,,8041,1,,,1
4503,'SEM',621,,8063,1,,,1,20,,8075,1,,,1,74,,8053,1,,,1,24,,8057,1,,,1,65,,8055,1,,,1,44,,8079,1,,,1,72,,8061,1,,,1,101,,8077,1,,,1,100,,11218,1,,,1,95,,8078,1,,,1,100,,8064,1,,,1,38,,8058,1,,,1,82,,8060,1,,,1,16,,8059,1,,,1,64,,8068,1,,,1,26,,8062,1,,,1,17,,8054,1,,,1,73,,8056,1,,,1,19,,8066,1,,,1,54,,8073,1,,,1,40,,8074,1,,,1,79,,8071,1,,,1,101,,8070,1,,,1,100,,8065,1,,,1,102,,8067,1,,,1,98,,8069,1,,,1,95,,8072,1,,,1
7602,'DIM',602,,10243,1,,,2,57,,10258,1,,,2,100,,10250,1,,,2,100,,10261,1,,,2,70,,10265,1,,,2,30,,10259,1,,,2,69,,10263,1,,,2,30,,10246,1,,,2,71,,10251,1,,,2,30,,10248,1,,,2,70,,10262,1,,,2,30,,10239,1,,,2,70,,10252,1,,,2,29,,10257,1,,,2,70,,10244,1,,,2,31,,4282,1,,,2,70,,10264,1,,,2,30,,10266,1,,,2,70,,10245,1,,,2,75,,10260,1,,,2,25,,10249,1,,,2,30,,10241,1,,,2,100,,10240,1,,,2,100,,10242,1,,,2,100,,10255,1,,,2,100,,10247,1,,,2,141,,10253,1,,,2,100,,10254,1,,,2,100,,10256,1,,,2
7602,'SAM',602,,10286,1,,,2,98,,10283,1,,,2,58,,10291,1,,,2,101,,10284,1,,,2,70,,10277,1,,,2,30,,10288,1,,,2,69,,10293,1,,,2,28,,10292,1,,,2,73,,10285,1,,,2,25,,10270,1,,,2,75,,10281,1,,,2,30,,10289,1,,,2,70,,10290,1,,,2,29,,10295,1,,,2,71,,10282,1,,,2,28,,10287,1,,,2,72,,10267,1,,,2,30,,10294,1,,,2,70,,10296,1,,,2,30,,10272,1,,,2,65,,10271,1,,,2,32,,10275,1,,,2,103,,10279,1,,,2,141,,10276,1,,,2,102,,10268,1,,,2,100,,10269,1,,,2,103,,10273,1,,,2,95,,10278,1,,,2,57,,10274,1,,,2,144,,10280,1,,,2
7602,'SEM',550,,10318,1,,,2,61,,10330,1,,,2,12,,10332,1,,,2,10,,10334,1,,,2,13,,10331,1,,,2,62,,10313,1,,,2,24,,10305,1,,,2,25,,10310,1,,,2,60,,10297,1,,,2,20,,10300,1,,,2,67,,10307,1,,,2,30,,11234,1,,,2,71,,10312,1,,,2,29,,10337,1,,,2,70,,10329,1,,,2,30,,10335,1,,,2,68,,11235,1,,,2,29,,10303,1,,,2,76,,10311,1,,,2,25,,10299,1,,,2,20,,10309,1,,,2,67,,10306,1,,,2,30,,10316,1,,,2,60,,10320,1,,,2,18,,10301,1,,,2,20,,10308,1,,,2,60,,10302,1,,,2,20,,10298,1,,,2,19,,10304,1,,,2,62,,10317,1,,,2,20,,10323,1,,,2,20,,10322,1,,,2,60,,10319,1,,,2,20,,10314,1,,,2,73,,10325,1,,,2,30,,10324,1,,,2,100,,10315,1,,,2,100,,10321,1,,,2,100,,10327,1,,,2,99,,10328,1,,,2,114,,10326,1,,,2
34503,'SEM',441,,10992,20,,,1,100,,10993,20,,,1
