4504,'DIM',632,,2173,46,,,1,100,,8090,46,,,1,100,,2174,46,,,1,101,,8092,46,,,1,100,,8089,46,,,1,101,,8091,46,,,1,98,,8088,46,,,1,106,,8095,46,,,1,100,,8082,46,,,1,96,,8094,46,,,1,106,,8080,46,,,1,90,,8093,46,,,1,100,,8081,46,,,1,99,,8086,46,,,1,99,,8083,46,,,1,100,,8087,46,,,1,100,,8085,46,,,1,99,,8084,46,,,1
4504,'SAM',626,,8106,46,,,1,106,,8104,46,,,1,100,,8108,46,,,1,101,,8110,46,,,1,100,,8111,46,,,1,101,,8096,46,,,1,100,,8109,46,,,1,104,,8105,46,,,1,102,,8107,46,,,1,99,,8113,46,,,1,96,,8100,46,,,1,95,,8112,46,,,1,100,,8101,46,,,1,99,,8098,46,,,1,99,,8097,46,,,1,100,,8102,46,,,1,100,,8099,46,,,1,99,,8103,46,,,1
4504,'SEM',548,,8137,46,,,1,58,,8141,46,,,1,41,,8136,46,,,1,67,,8117,46,,,1,11,,8121,46,,,1,13,,8125,46,,,1,14,,8126,46,,,1,65,,8114,46,,,1,12,,8124,46,,,1,85,,8115,46,,,1,112,,8122,46,,,1,108,,8138,46,,,1,96,,11145,46,,,1,94,,8140,46,,,1,101,,8127,46,,,1,85,,8118,46,,,1,40,,8120,46,,,1,57,,8119,46,,,1,28,,8129,46,,,1,78,,8123,46,,,1,40,,8116,46,,,1,73,,8135,46,,,1,107,,8133,46,,,1,102,,8132,46,,,1,102,,8128,46,,,1,93,,8130,46,,,1,95,,8131,46,,,1,95,,8134,46,,,1
5002,'DIM',621,,8511,37,,,1,100,,8523,37,,,1,101,,8518,37,,,1,101,,8524,37,,,1,101,,8527,37,,,1,24,,8517,37,,,1,72,,8519,37,,,1,28,,8530,37,,,1,79,,8522,37,,,1,28,,8520,37,,,1,77,,8529,37,,,1,24,,8516,37,,,1,76,,8521,37,,,1,21,,8525,37,,,1,74,,8507,37,,,1,31,,8505,37,,,1,74,,8528,37,,,1,26,,8526,37,,,1,76,,8512,37,,,1,101,,8514,37,,,1,99,,8515,37,,,1,99,,8506,37,,,1,100,,8509,37,,,1,100,,8508,37,,,1,96,,8510,37,,,1,100,,8513,37,,,1
5002,'SAM',616,,8536,37,,,1,105,,8544,37,,,1,101,,8547,37,,,1,101,,8551,37,,,1,102,,8542,37,,,1,23,,8553,37,,,1,76,,8556,37,,,1,27,,8545,37,,,1,76,,8552,37,,,1,26,,8554,37,,,1,74,,8546,37,,,1,28,,8548,37,,,1,75,,8555,37,,,1,71,,8532,37,,,1,32,,8549,37,,,1,23,,8531,37,,,1,72,,8550,37,,,1,30,,8537,37,,,1,76,,8539,37,,,1,101,,8538,37,,,1,99,,8540,37,,,1,99,,8533,37,,,1,100,,8534,37,,,1,99,,8541,37,,,1,97,,8535,37,,,1,100,,8543,37,,,1
5002,'SEM',512,,8563,37,,,1,35,,8586,37,,,1,69,,2661,37,,,1,30,,8559,37,,,1,71,,8587,37,,,1,13,,8571,37,,,1,75,,8558,37,,,1,17,,8568,37,,,1,32,,8557,37,,,1,69,,8572,37,,,1,27,,8565,37,,,1,70,,8588,37,,,1,30,,8589,37,,,1,70,,8573,37,,,1,30,,8566,37,,,1,69,,8564,37,,,1,30,,8590,37,,,1,71,,8585,37,,,1,30,,8560,37,,,1,70,,8576,37,,,1,39,,8561,37,,,1,81,,8577,37,,,1,75,,8569,37,,,1,27,,8574,37,,,1,67,,8570,37,,,1,30,,8562,37,,,1,69,,8567,37,,,1,29,,8575,37,,,1,71,,8582,37,,,1,104,,8580,37,,,1,105,,8583,37,,,1,100,,8578,37,,,1,111,,8579,37,,,1,99,,8581,37,,,1,96,,8584,37,,,1
5602,'DIM',806,,8837,6,,,2,30,,8838,6,,,2,70,,8839,6,,,2,30,,8823,6,,,2,70,,8842,6,,,2,29,,8825,6,,,2,70,,8836,6,,,2,30,,8841,6,,,2,69,,8840,6,,,2,30,,8835,6,,,2,71,,8834,6,,,2,29,,8819,6,,,2,70,,8843,6,,,2,30,,8832,6,,,2,70,,8820,6,,,2,27,,8833,6,,,2,73,,8824,6,,,2,30,,8827,6,,,2,72,,8830,6,,,2,99,,8828,6,,,2,100,,8831,6,,,2,100,,8826,6,,,2,101,,8821,6,,,2,100,,8822,6,,,2,99,,8829,6,,,2
5602,'SAM',707,,8854,6,,,2,99,,8852,6,,,2,30,,8855,6,,,2,70,,8857,6,,,2,30,,8862,6,,,2,70,,8868,6,,,2,26,,8858,6,,,2,74,,8863,6,,,2,32,,8853,6,,,2,66,,8859,6,,,2,30,,8864,6,,,2,71,,8861,6,,,2,27,,8866,6,,,2,73,,8860,6,,,2,29,,8865,6,,,2,70,,8867,6,,,2,30,,8856,6,,,2,70,,8869,6,,,2,30,,8844,6,,,2,72,,8847,6,,,2,99,,8850,6,,,2,100,,8845,6,,,2,100,,8848,6,,,2,101,,8851,6,,,2,100,,8849,6,,,2,99,,8846,6,,,2
5602,'SEM',627,,8871,6,,,2,107,,8873,6,,,2,69,,8875,6,,,2,35,,8872,6,,,2,67,,8897,6,,,2,31,,8876,6,,,2,69,,8887,6,,,2,31,,8895,6,,,2,69,,8893,6,,,2,30,,8898,6,,,2,71,,8882,6,,,2,30,,8894,6,,,2,70,,8896,6,,,2,30,,8870,6,,,2,70,,8899,6,,,2,30,,8878,6,,,2,78,,8880,6,,,2,28,,8881,6,,,2,65,,8883,6,,,2,19,,8874,6,,,2,22,,8877,6,,,2,69,,8884,6,,,2,31,,8888,6,,,2,70,,8892,6,,,2,30,,8890,6,,,2,89,,8886,6,,,2,90,,8891,6,,,2,90,,8889,6,,,2,105,,8879,6,,,2,99,,8885,6,,,2
6002,'DIM',702,,9084,19,,,1,100,,9093,19,,,1,100,,9092,19,,,1,101,,9096,19,,,1,100,,9094,19,,,1,101,,9098,19,,,1,100,,9095,19,,,1,100,,9097,19,,,1,100,,9099,19,,,1,99,,9083,19,,,1,100,,9100,19,,,1,100,,9090,19,,,1,99,,9086,19,,,1,101,,9085,19,,,1,100,,9088,19,,,1,100,,9087,19,,,1,100,,9089,19,,,1,98,,9091,19,,,1
6002,'SAM',702,,9114,19,,,1,100,,9113,19,,,1,54,,9116,19,,,1,147,,9112,19,,,1,100,,9110,19,,,1,101,,9118,19,,,1,100,,9117,19,,,1,97,,9111,19,,,1,103,,9115,19,,,1,99,,9102,19,,,1,100,,9106,19,,,1,100,,9107,19,,,1,99,,9101,19,,,1,101,,9105,19,,,1,100,,9103,19,,,1,100,,9109,19,,,1,100,,9108,19,,,1,98,,9104,19,,,1
6002,'SEM',638,,9119,19,,,1,118,,9135,19,,,1,82,,9134,19,,,1,102,,9122,19,,,1,96,,9121,19,,,1,100,,9123,19,,,1,100,,9137,19,,,1,100,,9136,19,,,1,97,,9124,19,,,1,104,,9120,19,,,1,101,,9125,19,,,1,99,,9131,19,,,1,100,,9127,19,,,1,98,,9130,19,,,1,99,,9133,19,,,1,99,,9126,19,,,1,100,,9129,19,,,1,89,,9128,19,,,1,100,,9132,19,,,1
34504,'SEM',2516,,10995,16,,,1,117,,10994,16,,,1
