3903,'DIM',917,,1387,4,,,1,16,,7266,4,,,1,74,,7269,4,,,1,28,,7274,4,,,1,72,,7263,4,,,1,31,,7273,4,,,1,71,,7262,4,,,1,29,,7255,4,,,1,74,,7265,4,,,1,25,,7264,4,,,1,68,,7268,4,,,1,27,,7271,4,,,1,76,,7270,4,,,1,30,,7258,4,,,1,70,,7267,4,,,1,30,,7272,4,,,1,66,,7260,4,,,1,10,,7253,4,,,1,24,,7259,4,,,1,65,,7252,4,,,1,100,,7257,4,,,1,100,,7261,4,,,1,100,,7254,4,,,1,104,,7256,4,,,1
3903,'SAM',917,,7291,4,,,1,16,,7295,4,,,1,74,,7292,4,,,1,30,,7288,4,,,1,70,,7294,4,,,1,31,,7296,4,,,1,68,,7287,4,,,1,32,,7286,4,,,1,73,,7289,4,,,1,27,,7276,4,,,1,71,,7277,4,,,1,25,,7293,4,,,1,74,,7280,4,,,1,30,,7297,4,,,1,70,,7281,4,,,1,30,,7283,4,,,1,66,,7290,4,,,1,11,,7284,4,,,1,23,,7298,4,,,1,65,,7282,4,,,1,102,,7285,4,,,1,98,,7278,4,,,1,100,,1409,4,,,1,104,,7279,4,,,1
3903,'SEM',712,,7304,4,,,1,101,,7310,4,,,1,101,,7309,4,,,1,31,,7305,4,,,1,68,,7324,4,,,1,30,,7303,4,,,1,70,,7327,4,,,1,30,,7325,4,,,1,70,,7326,4,,,1,30,,7302,4,,,1,70,,7308,4,,,1,33,,7300,4,,,1,71,,7306,4,,,1,16,,7313,4,,,1,24,,7314,4,,,1,56,,7315,4,,,1,24,,7320,4,,,1,16,,7301,4,,,1,66,,7307,4,,,1,30,,7322,4,,,1,74,,7312,4,,,1,35,,7311,4,,,1,80,,7319,4,,,1,100,,7321,4,,,1,105,,7317,4,,,1,100,,7316,4,,,1,100,,7318,4,,,1,78,,7323,4,,,1
5001,'DIM',521,,8425,4,,,1,100,,8438,4,,,1,100,,8432,4,,,1,100,,8437,4,,,1,100,,8440,4,,,1,25,,8431,4,,,1,72,,8433,4,,,1,27,,8444,4,,,1,78,,8436,4,,,1,28,,8434,4,,,1,77,,8443,4,,,1,24,,8430,4,,,1,75,,8435,4,,,1,22,,8419,4,,,1,73,,8421,4,,,1,30,,8418,4,,,1,74,,8441,4,,,1,26,,8439,4,,,1,76,,8426,4,,,1,81,,8442,4,,,1,21,,8428,4,,,1,97,,8429,4,,,1,102,,8420,4,,,1,100,,8423,4,,,1,100,,8422,4,,,1,100,,8424,4,,,1,100,,8427,4,,,1
5001,'SAM',521,,8452,4,,,1,100,,8445,4,,,1,100,,8462,4,,,1,102,,8466,4,,,1,101,,8458,4,,,1,22,,8468,4,,,1,75,,8471,4,,,1,27,,8460,4,,,1,75,,8467,4,,,1,26,,8469,4,,,1,74,,8461,4,,,1,28,,8463,4,,,1,74,,8470,4,,,1,31,,8448,4,,,1,72,,8464,4,,,1,22,,8447,4,,,1,72,,8465,4,,,1,30,,8453,4,,,1,76,,8455,4,,,1,81,,8446,4,,,1,21,,8454,4,,,1,100,,8456,4,,,1,99,,8449,4,,,1,101,,8450,4,,,1,100,,8457,4,,,1,99,,8451,4,,,1,100,,8459,4,,,1
5001,'SEM',511,,8497,4,,,1,98,,8499,4,,,1,37,,8481,4,,,1,60,,8503,4,,,1,39,,8474,4,,,1,69,,11291,4,,,1,28,,8478,4,,,1,70,,8500,4,,,1,30,,8501,4,,,1,70,,8484,4,,,1,30,,8479,4,,,1,70,,8477,4,,,1,30,,8502,4,,,1,70,,8498,4,,,1,30,,8473,4,,,1,70,,8488,4,,,1,30,,8475,4,,,1,70,,8472,4,,,1,43,,8480,4,,,1,69,,8485,4,,,1,30,,8482,4,,,1,70,,8476,4,,,1,30,,8491,4,,,1,72,,8486,4,,,1,31,,8489,4,,,1,68,,8487,4,,,1,80,,8493,4,,,1,104,,8495,4,,,1,104,,8490,4,,,1,105,,8492,4,,,1,105,,8494,4,,,1,105,,8496,4,,,1
6001,'DIM',802,,9029,31,,,1,102,,9037,31,,,1,100,,9036,31,,,1,102,,9040,31,,,1,104,,9038,31,,,1,107,,9042,31,,,1,100,,9039,31,,,1,101,,9041,31,,,1,100,,9043,31,,,1,98,,9028,31,,,1,96,,9044,31,,,1,96,,9035,31,,,1,97,,9031,31,,,1,97,,9030,31,,,1,98,,9033,31,,,1,100,,9032,31,,,1,100,,9034,31,,,1
6001,'SAM',659,,9048,31,,,1,143,,9058,31,,,1,102,,9057,31,,,1,54,,9060,31,,,1,148,,9056,31,,,1,104,,9054,31,,,1,107,,9062,31,,,1,100,,9061,31,,,1,107,,9055,31,,,1,94,,9059,31,,,1,98,,9046,31,,,1,96,,9050,31,,,1,96,,9051,31,,,1,97,,9045,31,,,1,97,,9049,31,,,1,98,,9047,31,,,1,100,,9053,31,,,1,100,,9052,31,,,1
6001,'SEM',539,,9079,31,,,1,103,,9063,31,,,1,94,,9064,31,,,1,72,,9066,31,,,1,45,,9069,31,,,1,91,,9080,31,,,1,103,,9081,31,,,1,99,,9065,31,,,1,100,,9067,31,,,1,101,,9082,31,,,1,100,,9071,31,,,1,99,,9068,31,,,1,108,,9074,31,,,1,101,,9070,31,,,1,94,,9077,31,,,1,98,,9073,31,,,1,89,,9076,31,,,1,99,,9078,31,,,1,95,,9072,31,,,1,100,,9075,31,,,1
6304,'DIM',748,,9342,45,,,1,100,,9348,45,,,1,102,,9343,45,,,1,102,,9345,45,,,1,95,,9344,45,,,1,107,,9349,45,,,1,95,,9346,45,,,1,103,,9347,45,,,1,100,,9336,45,,,1,102,,9350,45,,,1,102,,9334,45,,,1,97,,9341,45,,,1,99,,9335,45,,,1,99,,9337,45,,,1,100,,9339,45,,,1,100,,9338,45,,,1,100,,9340,45,,,1
6304,'SAM',643,,9365,45,,,1,102,,9361,45,,,1,103,,9357,45,,,1,102,,9364,45,,,1,102,,9363,45,,,1,103,,9366,45,,,1,99,,9368,45,,,1,96,,9362,45,,,1,104,,9369,45,,,1,146,,9353,45,,,1,55,,9367,45,,,1,101,,9351,45,,,1,98,,9354,45,,,1,102,,9352,45,,,1,95,,9355,45,,,1,100,,9358,45,,,1,100,,9356,45,,,1,99,,9359,45,,,1,95,,9360,45,,,1
6304,'SEM',505,,9401,45,,,1,112,,9399,45,,,1,22,,9402,45,,,1,80,,9379,45,,,1,9,,9382,45,,,1,75,,9386,45,,,1,26,,9370,45,,,1,18,,9404,45,,,1,67,,9375,45,,,1,29,,9384,45,,,1,70,,9385,45,,,1,30,,9372,45,,,1,64,,9371,45,,,1,30,,9400,45,,,1,71,,9377,45,,,1,31,,9378,45,,,1,72,,9383,45,,,1,30,,9403,45,,,1,70,,9373,45,,,1,31,,9374,45,,,1,72,,9376,45,,,1,38,,9380,45,,,1,6,,9390,45,,,1,71,,9381,45,,,1,22,,9387,45,,,1,74,,9393,45,,,1,14,,9392,45,,,1,68,,9396,45,,,1,32,,9398,45,,,1,77,,9391,45,,,1,94,,9395,45,,,1,39,,9397,45,,,1,90,,9388,45,,,1,99,,9389,45,,,1,93,,9394,45,,,1
6504,'DIM',721,,9501,61,,,2,102,,9500,61,,,2,101,,9504,61,,,2,102,,9505,61,,,2,97,,9499,61,,,2,107,,9506,61,,,2,102,,9491,61,,,2,100,,9503,61,,,2,94,,9492,61,,,2,106,,9502,61,,,2,97,,9493,61,,,2,101,,9498,61,,,2,98,,9507,61,,,2,100,,9494,61,,,2,100,,9496,61,,,2,97,,9495,61,,,2,98,,9497,61,,,2
6504,'SAM',721,,9518,61,,,2,102,,9516,61,,,2,101,,9517,61,,,2,102,,9522,61,,,2,98,,9521,61,,,2,105,,9524,61,,,2,102,,9520,61,,,2,101,,9519,61,,,2,100,,9509,61,,,2,100,,9523,61,,,2,97,,9508,61,,,2,98,,9525,61,,,2,101,,9513,61,,,2,100,,9511,61,,,2,100,,9515,61,,,2,97,,9510,61,,,2,98,,9512,61,,,2,99,,9514,61,,,2
6504,'SEM',537,,9543,61,,,2,90,,9557,61,,,2,16,,9569,61,,,2,16,,9527,61,,,2,45,,9571,46,,,2,12,,9554,61,,,2,5,,9572,46,,,2,4,,9560,61,,,2,4,,9573,46,,,2,4,,9532,61,,,2,3,,9574,46,,,2,7,,11303,61,,,2,8,,9570,61,,,2,8,,9559,61,,,2,54,,9528,61,,,2,21,,9531,61,,,2,10,,9561,61,,,2,13,,9566,61,,,2,56,,9535,61,,,2,24,,9558,61,,,2,69,,9536,61,,,2,31,,9567,61,,,2,69,,9529,61,,,2,30,,9565,61,,,2,73,,9564,61,,,2,26,,9549,61,,,2,79,,9563,61,,,2,21,,9526,61,,,2,70,,9568,61,,,2,30,,9533,61,,,2,70,,9534,61,,,2,38,,9537,61,,,2,67,,9544,61,,,2,31,,9546,61,,,2,16,,9547,61,,,2,70,,9553,61,,,2,16,,9541,61,,,2,67,,9530,61,,,2,36,,9548,61,,,2,72,,9556,61,,,2,27,,9539,61,,,2,70,,9551,61,,,2,44,,9538,61,,,2,70,,9540,61,,,2,30,,9542,61,,,2,61,,9545,61,,,2,36,,9552,61,,,2,100,,9550,61,,,2,100,,9555,61,,,2
7601,'DIM',508,,10168,36,,,2,100,,10145,81,,,2,25,,10156,81,,,2,104,,10142,81,,,2,101,,10158,81,,,2,100,,10150,81,,,2,70,,10163,81,,,2,30,,10161,81,,,2,70,,10166,81,,,2,30,,10159,81,,,2,70,,10164,81,,,2,29,,10146,81,,,2,71,,10151,81,,,2,32,,10149,81,,,2,70,,10162,81,,,2,30,,10138,81,,,2,70,,10152,81,,,2,29,,10157,81,,,2,70,,10143,81,,,2,31,,10147,81,,,2,70,,10165,81,,,2,31,,10167,81,,,2,69,,10144,81,,,2,35,,10160,81,,,2,96,,10140,81,,,2,100,,10139,81,,,2,100,,10141,81,,,2,98,,10155,81,,,2,100,,10148,81,,,2,100,,10153,81,,,2,95,,10154,81,,,2
7601,'SAM',508,,10199,36,,,2,106,,10173,81,,,2,19,,10181,81,,,2,104,,10187,81,,,2,101,,10184,81,,,2,102,,10192,81,,,2,68,,10194,81,,,2,30,,10185,81,,,2,70,,10178,81,,,2,30,,10189,81,,,2,70,,10195,81,,,2,27,,10193,81,,,2,73,,10186,81,,,2,26,,10172,81,,,2,76,,10182,81,,,2,30,,10190,81,,,2,70,,10191,81,,,2,29,,10197,81,,,2,71,,10183,81,,,2,28,,10188,81,,,2,72,,10169,81,,,2,31,,10196,81,,,2,75,,10198,81,,,2,27,,10174,81,,,2,98,,10176,81,,,2,100,,10180,81,,,2,99,,10177,81,,,2,99,,10170,81,,,2,100,,10171,81,,,2,102,,10175,81,,,2,93,,10179,81,,,2
7601,'SEM',529,,10204,81,,,2,89,,10230,81,,,2,21,,10228,81,,,2,63,,10237,81,,,2,12,,10234,81,,,2,9,,10200,81,,,2,13,,10220,81,,,2,19,,10209,81,,,2,52,,10231,81,,,2,18,,10229,81,,,2,25,,10238,81,,,2,58,,10214,81,,,2,19,,10205,81,,,2,20,,10211,81,,,2,75,,10202,81,,,2,25,,10208,81,,,2,70,,10232,81,,,2,30,,10213,81,,,2,70,,10236,81,,,2,30,,10227,81,,,2,70,,10233,81,,,2,30,,10235,81,,,2,70,,10207,81,,,2,35,,10212,81,,,2,69,,10201,81,,,2,29,,10210,81,,,2,65,,10206,81,,,2,33,,10218,81,,,2,61,,10221,81,,,2,29,,10203,81,,,2,66,,10224,81,,,2,28,,10225,81,,,2,70,,10219,81,,,2,32,,10223,81,,,2,77,,10215,81,,,2,98,,10216,81,,,2,99,,10217,81,,,2,100,,10222,81,,,2,103,,10226,81,,,2
