1703,'DIM',623,,5976,11,,,1,84,,94,11,,,1,99,,5966,11,,,1,99,,5971,11,,,1,99,,5972,11,,,1,101,,5975,11,,,1,101,,5973,11,,,1,100,,5977,11,,,1,100,,5979,11,,,1,99,,5970,11,,,1,102,,5974,11,,,1,96,,5962,11,,,1,100,,5978,11,,,1,100,,5965,11,,,1,102,,5963,11,,,1,99,,5964,11,,,1,101,,5967,11,,,1,100,,89,11,,,1,102,,5969,11,,,1,120,,5968,11,,,1
1703,'SAM',539,,5991,11,,,1,84,,5983,11,,,1,84,,5990,11,,,1,98,,5996,11,,,1,100,,5993,11,,,1,100,,5994,11,,,1,102,,5992,11,,,1,99,,5998,11,,,1,100,,5989,11,,,1,100,,5995,11,,,1,99,,5999,11,,,1,102,,5997,11,,,1,97,,6000,11,,,1,99,,5980,11,,,1,99,,5981,11,,,1,101,,5982,11,,,1,99,,5988,11,,,1,103,,5986,11,,,1,100,,5987,11,,,1,103,,5984,11,,,1,121,,5985,11,,,1
1703,'SEM',554,,6021,11,,,1,152,,6003,11,,,1,102,,6009,11,,,1,96,,6008,11,,,1,99,,6024,11,,,1,100,,6011,11,,,1,100,,6007,11,,,1,100,,6004,11,,,1,99,,6005,11,,,1,56,,6010,11,,,1,78,,6012,11,,,1,22,,6006,11,,,1,75,,6001,11,,,1,67,,6017,11,,,1,34,,6002,11,,,1,77,,6014,11,,,1,29,,6013,11,,,1,68,,6019,11,,,1,100,,6015,11,,,1,100,,6016,11,,,1,100,,6020,11,,,1,100,,6018,11,,,1,92,,6023,11,,,1,109,,6022,11,,,1
2703,'DIM',901,,6814,11,,,2,100,,6809,11,,,2,55,,6810,11,,,2,144,,6812,11,,,2,101,,6808,11,,,2,100,,6806,11,,,2,56,,6807,11,,,2,148,,6811,11,,,2,98,,6813,11,,,2,100,,6799,11,,,2,100,,6798,11,,,2,98,,6804,11,,,2,100,,6802,11,,,2,100,,6803,11,,,2,102,,6800,11,,,2,100,,6801,11,,,2,100,,6805,11,,,2
2703,'SAM',701,,6828,11,,,2,100,,6825,11,,,2,56,,6830,11,,,2,144,,6832,11,,,2,55,,6824,11,,,2,144,,6815,11,,,2,56,,6826,11,,,2,145,,6829,11,,,2,107,,6827,11,,,2,95,,6831,11,,,2,100,,6833,11,,,2,100,,6818,11,,,2,100,,6821,11,,,2,98,,6817,11,,,2,100,,6819,11,,,2,99,,6816,11,,,2,103,,6822,11,,,2,100,,6820,11,,,2,100,,6823,11,,,2
2703,'SEM',818,,6834,11,,,2,41,,6837,11,,,2,98,,6854,11,,,2,100,,6853,11,,,2,98,,6839,11,,,2,94,,6846,11,,,2,100,,6842,11,,,2,101,,6836,11,,,2,80,,6838,11,,,2,80,,6841,11,,,2,15,,6844,11,,,2,30,,6847,11,,,2,70,,6835,11,,,2,24,,6840,11,,,2,104,,6849,11,,,2,91,,6852,11,,,2,108,,6845,11,,,2,100,,6843,11,,,2,99,,6848,11,,,2,101,,6850,11,,,2,95,,6851,11,,,2
3103,'DIM',637,,6925,13,,,1,99,,6924,13,,,1,99,,6929,13,,,1,99,,6932,13,,,1,99,,6933,13,,,1,101,,6930,13,,,1,100,,6926,13,,,1,101,,6928,13,,,1,101,,6916,13,,,1,96,,6927,13,,,1,101,,6931,13,,,1,102,,6920,13,,,1,98,,6918,13,,,1,100,,6919,13,,,1,102,,6917,13,,,1,100,,6923,13,,,1,100,,6922,13,,,1,100,,6921,13,,,1
3103,'SAM',637,,6946,13,,,1,100,,6949,13,,,1,98,,6947,13,,,1,98,,6950,13,,,1,98,,6952,13,,,1,101,,6934,13,,,1,102,,6944,13,,,1,100,,6948,13,,,1,100,,6945,13,,,1,102,,6951,13,,,1,97,,6937,13,,,1,102,,6938,13,,,1,99,,6941,13,,,1,99,,6935,13,,,1,100,,6942,13,,,1,102,,6943,13,,,1,102,,6936,13,,,1,97,,6940,13,,,1,98,,6939,13,,,1
3103,'SEM',632,,6975,13,,,1,100,,6954,13,,,1,101,,6972,13,,,1,100,,6974,13,,,1,100,,6973,13,,,1,100,,6953,13,,,1,99,,6971,13,,,1,100,,6956,13,,,1,100,,6957,13,,,1,97,,6961,13,,,1,23,,6963,13,,,1,75,,6958,13,,,1,20,,6955,13,,,1,81,,6968,13,,,1,30,,6970,13,,,1,70,,6964,13,,,1,73,,6960,13,,,1,37,,6966,13,,,1,102,,6959,13,,,1,99,,6962,13,,,1,102,,6967,13,,,1,97,,6965,13,,,1,110,,6969,13,,,1
4303,'DIM',636,,7892,11,,,1,101,,7893,11,,,1,100,,7894,11,,,1,100,,7885,11,,,1,106,,7886,11,,,1,103,,7895,11,,,1,99,,7898,11,,,1,101,,7896,11,,,1,97,,7899,11,,,1,100,,7897,11,,,1,102,,7880,11,,,1,105,,7884,11,,,1,94,,7891,11,,,1,100,,7888,11,,,1,100,,7882,11,,,1,99,,7881,11,,,1,100,,7883,11,,,1,94,,7887,11,,,1,99,,7890,11,,,1,100,,7889,11,,,1
4303,'SAM',636,,7906,11,,,1,101,,7907,11,,,1,100,,7911,11,,,1,105,,7914,11,,,1,103,,7917,11,,,1,101,,7915,11,,,1,100,,7900,11,,,1,103,,7916,11,,,1,97,,7913,11,,,1,97,,7912,11,,,1,101,,7919,11,,,1,100,,7918,11,,,1,104,,7901,11,,,1,96,,7903,11,,,1,100,,7902,11,,,1,99,,7909,11,,,1,100,,7905,11,,,1,94,,7904,11,,,1,99,,7910,11,,,1,100,,7908,11,,,1
4303,'SEM',638,,7925,11,,,1,100,,7939,11,,,1,82,,7923,11,,,1,103,,7930,11,,,1,30,,7922,11,,,1,70,,7920,11,,,1,29,,7947,11,,,1,70,,7934,11,,,1,30,,7924,11,,,1,70,,7945,11,,,1,30,,7946,11,,,1,70,,7928,11,,,1,30,,7931,11,,,1,71,,7927,11,,,1,30,,7921,11,,,1,70,,7932,11,,,1,25,,7926,11,,,1,70,,7937,11,,,1,25,,7933,11,,,1,70,,7936,11,,,1,30,,7929,11,,,1,70,,7935,11,,,1,99,,7944,11,,,1,100,,7940,11,,,1,105,,7942,11,,,1,99,,7938,11,,,1,108,,7943,11,,,1,110,,7941,11,,,1
6002,'DIM',657,,9084,11,,,1,99,,9093,11,,,1,100,,9092,11,,,1,101,,9096,11,,,1,100,,9094,11,,,1,101,,9098,11,,,1,100,,9095,11,,,1,100,,9097,11,,,1,100,,9099,11,,,1,99,,9083,11,,,1,100,,9100,11,,,1,100,,9090,11,,,1,99,,9086,11,,,1,101,,9085,11,,,1,100,,9088,11,,,1,100,,9087,11,,,1,100,,9089,11,,,1,99,,9091,11,,,1
6002,'SAM',657,,9114,11,,,1,99,,9113,11,,,1,94,,9116,11,,,1,107,,9112,11,,,1,100,,9110,11,,,1,101,,9118,11,,,1,100,,9117,11,,,1,97,,9111,11,,,1,103,,9115,11,,,1,99,,9102,11,,,1,100,,9106,11,,,1,100,,9107,11,,,1,99,,9101,11,,,1,101,,9105,11,,,1,100,,9103,11,,,1,100,,9109,11,,,1,100,,9108,11,,,1,99,,9104,11,,,1
6002,'SEM',632,,9119,11,,,1,117,,9135,11,,,1,82,,9134,11,,,1,102,,11229,11,,,1,96,,9121,11,,,1,100,,9123,11,,,1,100,,9137,11,,,1,100,,9136,11,,,1,96,,9124,11,,,1,104,,9120,11,,,1,101,,9125,11,,,1,100,,9131,11,,,1,101,,9127,11,,,1,98,,9130,11,,,1,99,,9133,11,,,1,99,,9126,11,,,1,100,,9129,11,,,1,90,,9128,11,,,1,100,,9132,11,,,1
7303,'DIM',652,,9874,11,,,1,99,,9869,11,,,1,99,,9871,11,,,1,99,,9868,11,,,1,101,,9870,11,,,1,99,,9872,11,,,1,102,,9861,11,,,1,98,,9867,11,,,1,100,,9873,11,,,1,100,,9875,11,,,1,101,,9859,11,,,1,100,,9860,11,,,1,98,,9857,11,,,1,102,,9862,11,,,1,100,,9865,11,,,1,100,,9858,11,,,1,100,,9863,11,,,1,101,,9866,11,,,1,106,,9864,11,,,1
7303,'SAM',556,,9890,11,,,1,96,,9877,11,,,1,99,,9894,11,,,1,99,,9892,11,,,1,99,,9879,11,,,1,101,,9891,11,,,1,100,,9895,11,,,1,100,,9893,11,,,1,100,,9876,11,,,1,100,,9896,11,,,1,100,,9897,11,,,1,100,,9882,11,,,1,100,,9878,11,,,1,99,,9884,11,,,1,101,,9883,11,,,1,100,,9880,11,,,1,100,,9881,11,,,1,100,,9885,11,,,1,102,,9886,11,,,1,105,,9888,11,,,1,102,,9887,11,,,1,98,,9889,11,,,1
7303,'SEM',545,,9942,11,,,1,65,,9939,11,,,1,37,,9940,11,,,1,7,,9908,11,,,1,77,,9904,11,,,1,23,,9911,11,,,1,81,,9913,11,,,1,14,,9921,11,,,1,69,,9903,11,,,1,30,,9901,11,,,1,70,,9943,11,,,1,30,,9915,11,,,1,70,,9909,11,,,1,30,,9941,11,,,1,69,,9910,11,,,1,30,,9918,11,,,1,70,,9944,11,,,1,30,,9902,11,,,1,70,,9919,11,,,1,26,,9899,11,,,1,72,,9912,11,,,1,30,,9945,11,,,1,60,,9898,11,,,1,17,,9926,11,,,1,18,,9914,11,,,1,13,,9900,11,,,1,54,,9905,11,,,1,14,,9907,11,,,1,15,,9906,11,,,1,14,,9929,11,,,1,53,,9916,11,,,1,17,,9922,11,,,1,14,,9917,11,,,1,19,,9928,11,,,1,75,,9932,11,,,1,26,,9920,11,,,1,73,,9923,11,,,1,28,,9935,11,,,1,71,,9925,11,,,1,30,,9927,11,,,1,67,,9924,11,,,1,33,,9931,11,,,1,70,,9936,11,,,1,30,,9938,11,,,1,75,,9930,11,,,1,70,,9933,11,,,1,27,,9934,11,,,1,122,,9937,11,,,1
7401,'DIM',722,,10038,11,,,2,98,,10039,11,,,2,100,,10045,11,,,2,99,,10043,11,,,2,101,,10040,11,,,2,100,,10041,11,,,2,101,,10042,11,,,2,100,,10046,11,,,2,100,,10044,11,,,2,99,,10047,11,,,2,100,,10031,11,,,2,98,,10035,11,,,2,100,,10037,11,,,2,102,,10036,11,,,2,101,,10034,11,,,2,99,,10032,11,,,2,100,,10033,11,,,2
7401,'SAM',723,,10058,11,,,2,99,,10056,11,,,2,100,,10061,11,,,2,99,,10064,11,,,2,100,,10059,11,,,2,100,,10062,11,,,2,98,,10057,11,,,2,102,,10063,11,,,2,100,,10060,11,,,2,101,,10050,11,,,2,98,,10048,11,,,2,100,,10054,11,,,2,100,,10055,11,,,2,102,,10053,11,,,2,101,,10049,11,,,2,97,,10051,11,,,2,100,,10052,11,,,2
7401,'SEM',624,,10082,11,,,2,95,,10083,11,,,2,100,,10069,11,,,2,106,,10071,11,,,2,97,,10068,11,,,2,100,,10081,11,,,2,101,,10084,11,,,2,100,,10067,11,,,2,99,,10065,11,,,2,99,,10072,11,,,2,91,,10066,11,,,2,102,,10075,11,,,2,29,,10070,11,,,2,80,,10079,11,,,2,99,,10073,11,,,2,100,,10077,11,,,2,100,,10076,11,,,2,97,,10074,11,,,2,103,,10078,11,,,2,98,,10080,11,,,2
