4201,'DIM',524,,7552,32,,,2,102,,7578,32,,,2,30,,7581,32,,,2,70,,7584,32,,,2,28,,7553,32,,,2,73,,7589,32,,,2,30,,7586,32,,,2,70,,7593,32,,,2,73,,7585,32,,,2,21,,7580,32,,,2,20,,7577,32,,,2,62,,7590,32,,,2,20,,7596,32,,,2,23,,7579,32,,,2,58,,7594,32,,,2,22,,7550,32,,,2,20,,7598,32,,,2,58,,7582,32,,,2,22,,7583,32,,,2,19,,7587,32,,,2,61,,7555,32,,,2,20,,7591,32,,,2,15,,7556,32,,,2,64,,7592,32,,,2,21,,7597,32,,,2,19,,7559,32,,,2,61,,7588,32,,,2,17,,7562,32,,,2,22,,7563,32,,,2,61,,7565,32,,,2,15,,7566,32,,,2,18,,7569,32,,,2,12,,7570,32,,,2,54,,7595,32,,,2,16,,7551,32,,,2,33,,7574,32,,,2,70,,7557,32,,,2,29,,7560,32,,,2,68,,7554,32,,,2,29,,7567,32,,,2,72,,7571,32,,,2,28,,7558,32,,,2,70,,7561,32,,,2,32,,7564,32,,,2,70,,7568,32,,,2,34,,7575,32,,,2,68,,7572,32,,,2,34,,7573,32,,,2,75,,7576,32,,,2
4201,'SAM',521,,7639,32,,,2,105,,7625,32,,,2,74,,7609,32,,,2,32,,7640,32,,,2,24,,7629,32,,,2,70,,7631,32,,,2,32,,7635,32,,,2,69,,7626,32,,,2,73,,7642,32,,,2,21,,7624,32,,,2,20,,7647,32,,,2,60,,7633,32,,,2,21,,7617,32,,,2,24,,7643,32,,,2,56,,7627,32,,,2,22,,7648,32,,,2,22,,7628,32,,,2,56,,7630,32,,,2,24,,7619,32,,,2,20,,7634,32,,,2,59,,7645,32,,,2,23,,7632,32,,,2,13,,7636,32,,,2,63,,7602,32,,,2,21,,7644,32,,,2,20,,7641,32,,,2,62,,7610,32,,,2,18,,7637,32,,,2,21,,7612,32,,,2,62,,7638,32,,,2,14,,7646,32,,,2,15,,7615,32,,,2,16,,7616,32,,,2,52,,7599,32,,,2,16,,7600,32,,,2,30,,7603,32,,,2,68,,7605,32,,,2,34,,7607,32,,,2,68,,7608,32,,,2,29,,7601,32,,,2,71,,7604,32,,,2,24,,7606,32,,,2,74,,7611,32,,,2,31,,7613,32,,,2,73,,7614,32,,,2,78,,7621,32,,,2,23,,7623,32,,,2,35,,7618,32,,,2,71,,7620,32,,,2,72,,7622,32,,,2
4201,'SEM',627,,7711,18,,,2,13,,7654,32,,,2,11,,7717,18,,,2,51,,7662,32,,,2,8,,7701,32,,,2,6,,7671,32,,,2,11,,7718,18,,,2,8,,7705,32,,,2,14,,7707,32,,,2,57,,7710,32,,,2,15,,7651,32,,,2,17,,7659,32,,,2,64,,7655,32,,,2,16,,7664,32,,,2,29,,7699,32,,,2,9,,7706,32,,,2,65,,7697,32,,,2,16,,7652,32,,,2,64,,7702,32,,,2,21,,7703,32,,,2,14,,7698,32,,,2,66,,7704,32,,,2,20,,7700,32,,,2,20,,7708,32,,,2,60,,7653,32,,,2,15,,7670,32,,,2,20,,7668,32,,,2,15,,7650,32,,,2,56,,7661,32,,,2,15,,7672,32,,,2,16,,7669,32,,,2,16,,7667,32,,,2,54,,7657,32,,,2,15,,7666,32,,,2,2,,7676,32,,,2,7,,7709,32,,,2,8,,7679,32,,,2,8,,7683,32,,,2,8,,7686,32,,,2,48,,7689,32,,,2,6,,7658,32,,,2,9,,7712,18,,,2,5,,7649,32,,,2,7,,7713,18,,,2,8,,7663,32,,,2,10,,7681,32,,,2,8,,7656,32,,,2,51,,7692,32,,,2,10,,7660,32,,,2,10,,7665,32,,,2,10,,7685,32,,,2,9,,7673,32,,,2,10,,7682,32,,,2,51,,7687,32,,,2,7,,7677,32,,,2,13,,7680,32,,,2,15,,7691,32,,,2,15,,7684,32,,,2,70,,7696,32,,,2,71,,7694,32,,,2,30,,7674,32,,,2,70,,7675,32,,,2,40,,7678,32,,,2,69,,7688,32,,,2,33,,7714,18,,,2,70,,7690,32,,,2,30,,7715,18,,,2,72,,7693,32,,,2,30,,7716,18,,,2,90,,7695,32,,,2
4803,'DIM',705,,8297,12,,,1,103,,8293,12,,,1,102,,8298,12,,,1,100,,8296,12,,,1,99,,8299,12,,,1,102,,8302,12,,,1,96,,8294,12,,,1,104,,8300,12,,,1,100,,8295,12,,,1,99,,8301,12,,,1,102,,8290,12,,,1,100,,8303,12,,,1,100,,8287,12,,,1,100,,8285,12,,,1,99,,8291,12,,,1,100,,8286,12,,,1,100,,8289,12,,,1,30,,8288,12,,,1,161,,8292,12,,,1
4803,'SAM',607,,8320,12,,,1,99,,8316,12,,,1,102,,8304,12,,,1,102,,8317,12,,,1,100,,8322,12,,,1,100,,8321,12,,,1,95,,8323,12,,,1,106,,8318,12,,,1,100,,8319,12,,,1,100,,8315,12,,,1,99,,8305,12,,,1,102,,8308,12,,,1,100,,8306,12,,,1,100,,8313,12,,,1,100,,8311,12,,,1,99,,8307,12,,,1,100,,8309,12,,,1,100,,8310,12,,,1,30,,8312,12,,,1,161,,8314,12,,,1
4803,'SEM',533,,8326,12,,,1,68,,8340,12,,,1,20,,8344,12,,,1,38,,8350,12,,,1,73,,11289,12,,,1,70,,8330,12,,,1,21,,8329,12,,,1,33,,8339,12,,,1,75,,8353,12,,,1,105,,8348,12,,,1,100,,8349,12,,,1,100,,8352,12,,,1,94,,8351,12,,,1,80,,8334,12,,,1,30,,8328,12,,,1,75,,8325,12,,,1,31,,8332,12,,,1,65,,8335,12,,,1,29,,8331,12,,,1,72,,8324,12,,,1,29,,8333,12,,,1,71,,8336,12,,,1,89,,8342,12,,,1,104,,8341,12,,,1,100,,8338,12,,,1,99,,8337,12,,,1,100,,8346,12,,,1,54,,8343,12,,,1,91,,8345,12,,,1,79,,8347,12,,,1
5801,'DIM',526,,8918,12,,,2,100,,8910,12,,,2,90,,2987,12,,,2,101,,8908,12,,,2,100,,8909,12,,,2,99,,8914,12,,,2,100,,8911,12,,,2,101,,8907,12,,,2,100,,8912,12,,,2,100,,8916,12,,,2,98,,8913,12,,,2,109,,8917,12,,,2,94,,8901,12,,,2,102,,8915,12,,,2,97,,8906,12,,,2,100,,8903,12,,,2,100,,8905,12,,,2,100,,8902,12,,,2,99,,8900,12,,,2,109,,8904,12,,,2
5801,'SAM',531,,8935,12,,,2,95,,8931,12,,,2,93,,8933,12,,,2,98,,8936,12,,,2,100,,8921,12,,,2,99,,8923,12,,,2,103,,8934,12,,,2,98,,8926,12,,,2,105,,8932,12,,,2,94,,8919,12,,,2,111,,8920,12,,,2,99,,8938,12,,,2,100,,8937,12,,,2,88,,8928,12,,,2,107,,8925,12,,,2,96,,8922,12,,,2,100,,8924,12,,,2,100,,8929,12,,,2,99,,8930,12,,,2,109,,8927,12,,,2
5801,'SEM',513,,8943,12,,,2,28,,8965,12,,,2,82,,8963,12,,,2,79,,8939,12,,,2,51,,8940,12,,,2,84,,8949,12,,,2,100,,8948,12,,,2,100,,8962,12,,,2,100,,8944,12,,,2,100,,8964,12,,,2,100,,8946,12,,,2,81,,8945,12,,,2,87,,8966,12,,,2,31,,8952,12,,,2,71,,8950,12,,,2,20,,8947,12,,,2,19,,8942,12,,,2,60,,8953,12,,,2,20,,8957,12,,,2,15,,8941,12,,,2,65,,8960,12,,,2,19,,8954,12,,,2,30,,8951,12,,,2,99,,8959,12,,,2,100,,8955,12,,,2,102,,8958,12,,,2,145,,8956,12,,,2,99,,8961,12,,,2
7002,'DIM',700,,3827,12,,,1,101,,9785,12,,,1,100,,9786,12,,,1,101,,9783,12,,,1,27,,9781,12,,,1,73,,9772,12,,,1,32,,9793,12,,,1,69,,9782,12,,,1,27,,9778,12,,,1,73,,9780,12,,,1,30,,9789,12,,,1,70,,9787,12,,,1,30,,9788,12,,,1,70,,9776,12,,,1,31,,9784,12,,,1,24,,9790,12,,,1,78,,9773,12,,,1,74,,9792,12,,,1,34,,9771,12,,,1,74,,9791,12,,,1,95,,9794,12,,,1,95,,9774,12,,,1,95,,9770,12,,,1,99,,9777,12,,,1,99,,9775,12,,,1,103,,9779,12,,,1
7002,'SAM',700,,9814,12,,,1,57,,9812,12,,,1,99,,9817,12,,,1,100,,9816,12,,,1,75,,9810,12,,,1,71,,9813,12,,,1,32,,9809,12,,,1,69,,9802,12,,,1,32,,9815,12,,,1,67,,9807,12,,,1,35,,9820,12,,,1,66,,9798,12,,,1,36,,9808,12,,,1,69,,9819,12,,,1,23,,9811,12,,,1,72,,9822,12,,,1,29,,9821,12,,,1,72,,9818,12,,,1,42,,9797,12,,,1,72,,9804,12,,,1,95,,9806,12,,,1,90,,9805,12,,,1,98,,9799,12,,,1,100,,9800,12,,,1,100,,9801,12,,,1,101,,9803,12,,,1
7002,'SEM',533,,9844,12,,,1,98,,9829,12,,,1,25,,9850,12,,,1,71,,9856,12,,,1,73,,9828,12,,,1,32,,9830,12,,,1,71,,9854,12,,,1,30,,9853,12,,,1,70,,9826,12,,,1,30,,9843,12,,,1,70,,9851,12,,,1,30,,9825,12,,,1,70,,9852,12,,,1,31,,9845,12,,,1,70,,9855,12,,,1,40,,9827,12,,,1,60,,9824,12,,,1,27,,9832,12,,,1,71,,9836,12,,,1,30,,9831,12,,,1,71,,9838,12,,,1,31,,9833,12,,,1,69,,9834,12,,,1,33,,9837,12,,,1,75,,9835,12,,,1,31,,9841,12,,,1,81,,9842,12,,,1,86,,9848,12,,,1,100,,9839,12,,,1,104,,9840,12,,,1,105,,9846,12,,,1,102,,9849,12,,,1,104,,9847,12,,,1
