1703,'DIM',634,,5976,33,,,1,84,,94,33,,,1,100,,5966,33,,,1,101,,5971,33,,,1,99,,5972,33,,,1,101,,5975,33,,,1,101,,5973,33,,,1,100,,5977,33,,,1,101,,5979,33,,,1,99,,5970,33,,,1,102,,5974,33,,,1,96,,5962,33,,,1,100,,5978,33,,,1,99,,5965,33,,,1,101,,5963,33,,,1,99,,5964,33,,,1,100,,5967,33,,,1,100,,89,33,,,1,102,,5969,33,,,1,118,,5968,33,,,1
1703,'SAM',550,,5991,33,,,1,84,,5983,33,,,1,84,,5990,33,,,1,99,,5996,33,,,1,102,,5993,33,,,1,100,,5994,33,,,1,102,,5992,33,,,1,99,,5998,33,,,1,100,,5989,33,,,1,101,,5995,33,,,1,99,,5999,33,,,1,102,,5997,33,,,1,97,,6000,33,,,1,99,,5980,33,,,1,98,,5981,33,,,1,100,,5982,33,,,1,99,,5988,33,,,1,102,,5986,33,,,1,100,,5987,33,,,1,103,,5984,33,,,1,119,,5985,33,,,1
1703,'SEM',605,,6021,33,,,1,115,,6003,33,,,1,103,,6009,33,,,1,96,,6008,33,,,1,99,,6024,33,,,1,100,,6011,33,,,1,101,,6007,33,,,1,101,,6004,33,,,1,99,,6005,33,,,1,97,,11267,33,,,1,38,,6012,33,,,1,64,,6006,33,,,1,36,,6001,33,,,1,66,,6017,33,,,1,32,,6002,33,,,1,75,,6014,33,,,1,28,,6013,33,,,1,68,,6019,33,,,1,99,,6015,33,,,1,99,,6016,33,,,1,99,,6020,33,,,1,100,,6018,33,,,1,91,,6023,33,,,1,108,,6022,33,,,1
3103,'DIM',648,,6925,35,,,1,100,,6924,35,,,1,100,,6929,35,,,1,100,,6932,35,,,1,100,,6933,35,,,1,101,,6930,35,,,1,100,,6926,35,,,1,102,,6928,35,,,1,101,,6916,35,,,1,96,,6927,35,,,1,101,,6931,35,,,1,100,,6920,35,,,1,98,,6918,35,,,1,99,,6919,35,,,1,102,,6917,35,,,1,99,,6923,35,,,1,100,,6922,35,,,1,100,,6921,35,,,1
3103,'SAM',648,,6946,35,,,1,101,,6949,35,,,1,99,,6947,35,,,1,99,,6950,35,,,1,99,,6952,35,,,1,101,,6934,35,,,1,102,,6944,35,,,1,101,,6948,35,,,1,100,,6945,35,,,1,102,,6951,35,,,1,97,,6937,35,,,1,100,,6938,35,,,1,99,,6941,35,,,1,98,,6935,35,,,1,100,,6942,35,,,1,101,,6943,35,,,1,102,,6936,35,,,1,97,,6940,35,,,1,98,,6939,35,,,1
3103,'SEM',646,,6975,35,,,1,101,,6954,35,,,1,101,,6972,35,,,1,99,,6974,35,,,1,100,,6973,35,,,1,100,,6953,35,,,1,101,,6971,35,,,1,100,,6956,35,,,1,101,,6957,35,,,1,99,,6961,35,,,1,63,,6963,35,,,1,36,,6958,35,,,1,60,,6955,35,,,1,40,,6968,35,,,1,68,,6970,35,,,1,29,,6964,35,,,1,72,,6960,35,,,1,36,,6966,35,,,1,102,,6959,35,,,1,99,,6962,35,,,1,101,,6967,35,,,1,96,,6965,35,,,1,109,,6969,35,,,1
3903,'DIM',852,,7275,46,,,1,100,,1387,56,,,1,56,,7266,56,,,1,34,,7269,56,,,1,68,,7274,56,,,1,32,,7263,56,,,1,71,,7273,56,,,1,31,,7262,56,,,1,69,,7255,56,,,1,36,,7265,56,,,1,65,,7264,56,,,1,28,,7268,56,,,1,67,,7271,56,,,1,37,,7270,56,,,1,70,,7258,56,,,1,29,,7267,56,,,1,70,,7272,56,,,1,26,,7260,56,,,1,10,,7253,56,,,1,64,,7259,56,,,1,25,,7252,56,,,1,99,,7257,56,,,1,98,,7261,56,,,1,98,,7254,56,,,1,104,,7256,56,,,1
3903,'SAM',852,,7299,46,,,1,100,,7291,56,,,1,56,,7295,56,,,1,34,,7292,56,,,1,70,,7288,56,,,1,30,,7294,56,,,1,71,,7296,56,,,1,28,,7287,56,,,1,72,,7286,56,,,1,35,,7289,56,,,1,67,,7276,56,,,1,31,,7277,56,,,1,65,,7293,56,,,1,35,,7280,56,,,1,70,,7297,56,,,1,29,,7281,56,,,1,70,,7283,56,,,1,26,,7290,56,,,1,11,,7284,56,,,1,63,,7298,56,,,1,25,,7282,56,,,1,101,,7285,56,,,1,96,,7278,56,,,1,98,,1409,56,,,1,104,,7279,56,,,1
3903,'SEM',749,,7304,56,,,1,103,,7310,56,,,1,100,,7309,56,,,1,70,,7305,56,,,1,28,,7324,56,,,1,70,,7303,56,,,1,30,,7327,56,,,1,72,,7325,56,,,1,30,,7326,56,,,1,71,,7302,56,,,1,31,,7308,56,,,1,73,,7300,56,,,1,32,,7306,56,,,1,56,,7313,56,,,1,30,,7314,56,,,1,14,,7315,56,,,1,65,,7320,56,,,1,16,,7301,56,,,1,66,,7307,56,,,1,29,,7322,56,,,1,72,,7312,56,,,1,34,,7311,56,,,1,77,,7319,56,,,1,97,,7321,56,,,1,103,,7317,56,,,1,99,,7316,56,,,1,98,,7318,56,,,1,36,,7323,56,,,1
7303,'DIM',704,,9874,33,,,1,99,,9869,33,,,1,101,,9871,33,,,1,99,,9868,33,,,1,101,,9870,33,,,1,99,,9872,33,,,1,103,,9861,33,,,1,99,,9867,33,,,1,100,,9873,33,,,1,100,,9875,33,,,1,101,,9859,33,,,1,100,,9860,33,,,1,96,,9857,33,,,1,101,,9862,33,,,1,100,,9865,33,,,1,100,,9858,33,,,1,99,,9863,33,,,1,101,,9866,33,,,1,106,,9864,33,,,1
7303,'SAM',608,,9890,33,,,1,96,,9877,33,,,1,99,,9894,33,,,1,101,,9892,33,,,1,99,,9879,33,,,1,101,,9891,33,,,1,100,,9895,33,,,1,101,,9893,33,,,1,101,,9876,33,,,1,100,,9896,33,,,1,100,,9897,33,,,1,100,,9882,33,,,1,100,,9878,33,,,1,97,,9884,33,,,1,100,,9883,33,,,1,100,,9880,33,,,1,100,,9881,33,,,1,99,,9885,33,,,1,102,,9886,33,,,1,105,,9888,33,,,1,102,,9887,33,,,1,98,,9889,33,,,1
7303,'SEM',558,,9942,33,,,1,65,,9939,33,,,1,78,,9940,33,,,1,8,,9908,33,,,1,37,,9904,33,,,1,63,,9911,33,,,1,42,,9913,33,,,1,54,,9921,33,,,1,29,,9903,33,,,1,69,,9901,33,,,1,30,,9943,33,,,1,70,,9915,33,,,1,30,,9909,33,,,1,70,,9941,33,,,1,31,,9910,33,,,1,70,,9918,33,,,1,30,,9944,33,,,1,70,,9902,33,,,1,30,,9919,33,,,1,67,,9899,33,,,1,32,,9912,33,,,1,71,,9945,33,,,1,21,,9898,33,,,1,17,,9926,33,,,1,58,,9914,33,,,1,13,,9900,33,,,1,12,,9905,33,,,1,14,,9907,33,,,1,14,,9906,33,,,1,53,,9929,33,,,1,13,,9916,33,,,1,17,,9922,33,,,1,14,,9917,33,,,1,58,,9928,33,,,1,34,,9932,33,,,1,66,,9920,33,,,1,33,,9923,33,,,1,68,,9935,33,,,1,30,,9925,33,,,1,70,,9927,33,,,1,26,,9924,33,,,1,73,,9931,33,,,1,30,,9936,33,,,1,70,,9938,33,,,1,35,,9930,33,,,1,70,,9933,33,,,1,27,,9934,33,,,1,162,,9937,33,,,1
