2601,'DIM',508,,627,51,,,2,51,,619,51,,,2,83,,6506,51,,,2,83,,620,51,,,2,25,,6512,51,,,2,66,,6510,51,,,2,30,,6517,51,,,2,71,,6513,51,,,2,31,,6511,51,,,2,70,,6520,51,,,2,30,,6514,51,,,2,65,,6516,51,,,2,25,,6519,51,,,2,62,,6524,51,,,2,18,,6509,51,,,2,20,,6486,51,,,2,20,,6518,51,,,2,60,,6490,51,,,2,20,,6521,51,,,2,20,,6507,51,,,2,63,,6508,51,,,2,19,,6525,51,,,2,19,,6491,51,,,2,58,,6515,51,,,2,24,,6492,51,,,2,18,,6494,51,,,2,60,,6495,51,,,2,20,,6496,51,,,2,62,,6523,51,,,2,18,,6498,51,,,2,21,,6500,51,,,2,63,,6502,51,,,2,42,,6522,51,,,2,70,,6501,51,,,2,30,,615,51,,,2,68,,6489,51,,,2,30,,6487,51,,,2,70,,6493,51,,,2,30,,6504,51,,,2,69,,6488,51,,,2,29,,6499,51,,,2,69,,6497,51,,,2,30,,6505,51,,,2,68,,6503,51,,,2
2601,'SAM',508,,678,51,,,2,51,,6541,51,,,2,83,,6553,51,,,2,85,,6558,51,,,2,23,,6561,51,,,2,66,,6557,51,,,2,31,,6564,51,,,2,72,,6566,51,,,2,29,,6552,51,,,2,70,,6565,51,,,2,31,,6559,51,,,2,63,,6555,51,,,2,24,,6568,51,,,2,64,,6571,51,,,2,18,,6527,51,,,2,20,,6560,51,,,2,20,,6526,51,,,2,60,,6562,51,,,2,20,,6572,51,,,2,62,,6554,51,,,2,19,,6556,51,,,2,21,,6570,51,,,2,18,,6563,51,,,2,60,,6569,51,,,2,21,,6528,51,,,2,20,,6529,51,,,2,60,,6532,51,,,2,19,,6533,51,,,2,63,,6530,51,,,2,19,,6538,51,,,2,22,,6539,51,,,2,60,,6535,51,,,2,45,,6567,51,,,2,74,,6540,51,,,2,24,,6542,51,,,2,70,,6544,51,,,2,28,,6550,51,,,2,70,,6534,51,,,2,30,,6549,51,,,2,69,,6545,51,,,2,29,,6536,51,,,2,69,,6531,51,,,2,27,,6546,51,,,2,71,,6537,51,,,2,29,,6543,51,,,2,69,,6547,51,,,2,31,,6548,51,,,2,81,,6551,51,,,2
2601,'SEM',511,,6574,51,,,2,31,,6616,51,,,2,72,,6609,51,,,2,23,,6575,51,,,2,11,,6635,51,,,2,6,,6573,51,,,2,47,,6576,51,,,2,8,,6582,51,,,2,6,,6585,51,,,2,2,,6588,51,,,2,4,,6590,51,,,2,5,,6580,51,,,2,4,,6595,51,,,2,7,,6631,51,,,2,10,,6604,51,,,2,12,,6634,51,,,2,55,,6605,51,,,2,19,,6638,51,,,2,17,,6601,51,,,2,50,,6596,51,,,2,12,,6583,51,,,2,13,,6599,51,,,2,15,,6606,51,,,2,15,,6598,51,,,2,62,,6636,51,,,2,18,,6591,51,,,2,20,,6594,51,,,2,60,,6603,51,,,2,20,,6617,51,,,2,20,,6632,51,,,2,60,,6584,51,,,2,21,,6577,51,,,2,20,,6608,51,,,2,60,,6630,51,,,2,20,,6633,51,,,2,66,,6581,51,,,2,25,,6593,51,,,2,15,,6578,51,,,2,60,,6637,51,,,2,15,,6607,51,,,2,20,,6586,51,,,2,17,,6589,51,,,2,62,,6602,51,,,2,17,,6579,51,,,2,15,,6592,51,,,2,56,,6597,51,,,2,16,,6587,51,,,2,15,,6614,51,,,2,17,,6610,51,,,2,55,,6611,51,,,2,16,,6600,51,,,2,14,,6622,51,,,2,64,,6618,51,,,2,21,,6624,51,,,2,34,,6626,51,,,2,69,,6623,51,,,2,29,,6621,51,,,2,78,,6627,51,,,2,20,,6612,51,,,2,61,,6615,51,,,2,29,,6613,51,,,2,75,,6620,51,,,2,88,,6625,51,,,2,13,,6619,51,,,2,29,,6628,51,,,2,76,,6629,51,,,2
3601,'SEM',631,,7135,28,,,2,20,,7132,28,,,2,55,,7127,28,,,2,14,,7129,28,,,2,9,,7130,28,,,2,11,,7133,28,,,2,62,,7134,28,,,2,33,,7128,28,,,2,71,,7131,28,,,2
4604,'DIM',545,,2298,59,,,1,100,,2304,59,,,1,101,,8226,59,,,1,100,,8227,59,,,1,101,,8224,59,,,1,103,,8229,59,,,1,103,,8231,59,,,1,99,,8232,59,,,1,96,,8225,59,,,1,102,,8216,59,,,1,107,,8228,59,,,1,96,,8219,59,,,1,102,,8220,59,,,1,98,,8230,59,,,1,99,,8222,59,,,1,99,,8217,59,,,1,100,,8221,59,,,1,99,,8223,59,,,1,100,,8218,59,,,1
4604,'SAM',545,,8234,59,,,1,100,,2327,59,,,1,101,,8245,59,,,1,100,,8246,59,,,1,101,,8250,59,,,1,103,,8248,59,,,1,103,,8247,59,,,1,101,,8251,59,,,1,97,,8233,59,,,1,102,,8244,59,,,1,105,,8243,59,,,1,97,,8249,59,,,1,99,,8236,59,,,1,99,,8239,59,,,1,99,,8242,59,,,1,99,,8237,59,,,1,100,,8240,59,,,1,95,,8235,59,,,1,100,,8238,59,,,1,103,,8241,59,,,1
4604,'SEM',507,,8283,59,,,1,48,,8278,59,,,1,69,,8280,59,,,1,27,,8252,59,,,1,63,,8258,59,,,1,12,,8260,59,,,1,11,,8263,59,,,1,68,,8253,59,,,1,33,,8266,59,,,1,65,,8261,59,,,1,31,,8267,59,,,1,25,,8262,59,,,1,70,,8255,59,,,1,30,,8264,59,,,1,70,,8272,59,,,1,30,,8281,59,,,1,70,,8282,59,,,1,30,,8284,59,,,1,70,,8279,59,,,1,76,,8254,59,,,1,24,,8257,59,,,1,72,,8256,59,,,1,33,,8270,59,,,1,84,,8259,59,,,1,34,,8273,59,,,1,61,,8265,59,,,1,94,,8268,59,,,1,51,,8276,59,,,1,95,,8269,59,,,1,99,,8277,59,,,1,98,,8271,59,,,1,100,,8274,59,,,1,99,,8275,59,,,1
6002,'DIM',728,,9084,50,,,1,102,,9093,50,,,1,101,,9092,50,,,1,102,,9096,50,,,1,103,,9094,50,,,1,104,,9098,50,,,1,100,,9095,50,,,1,100,,9097,50,,,1,100,,9099,50,,,1,99,,9083,50,,,1,99,,9100,50,,,1,97,,9090,50,,,1,96,,9086,50,,,1,100,,9085,50,,,1,99,,9088,50,,,1,100,,9087,50,,,1,99,,9089,50,,,1,97,,9091,50,,,1
6002,'SAM',728,,9114,50,,,1,102,,9113,50,,,1,95,,9116,50,,,1,108,,9112,50,,,1,103,,9110,50,,,1,104,,9118,50,,,1,100,,9117,50,,,1,97,,9111,50,,,1,103,,9115,50,,,1,99,,9102,50,,,1,99,,9106,50,,,1,97,,9107,50,,,1,96,,9101,50,,,1,100,,9105,50,,,1,99,,9103,50,,,1,100,,9109,50,,,1,99,,9108,50,,,1,97,,9104,50,,,1
6002,'SEM',705,,9119,50,,,1,124,,9135,50,,,1,82,,9134,50,,,1,102,,9122,50,,,1,96,,9121,50,,,1,102,,9123,50,,,1,100,,9137,50,,,1,100,,9136,50,,,1,97,,9124,50,,,1,106,,9120,50,,,1,102,,9125,50,,,1,98,,9131,50,,,1,95,,9127,50,,,1,96,,9130,50,,,1,97,,9133,50,,,1,99,,9126,50,,,1,58,,9129,50,,,1,89,,9128,50,,,1,100,,9132,50,,,1
6601,'DIM',558,,9585,36,,,1,100,,9584,36,,,1,142,,9590,36,,,1,101,,9586,36,,,1,30,,9588,36,,,1,72,,9587,36,,,1,30,,3640,36,,,1,75,,9593,36,,,1,30,,9591,36,,,1,70,,9577,36,,,1,101,,9592,36,,,1,100,,9583,36,,,1,100,,9589,36,,,1,100,,9575,36,,,1,101,,9578,36,,,1,100,,9576,36,,,1,99,,9580,36,,,1,97,,9582,36,,,1,100,,9581,36,,,1,100,,9579,36,,,1
6601,'SAM',558,,9602,36,,,1,100,,9605,36,,,1,142,,9599,36,,,1,58,,9601,36,,,1,73,,9603,36,,,1,72,,9604,36,,,1,30,,9609,36,,,1,75,,9613,36,,,1,30,,9610,36,,,1,70,,9608,36,,,1,101,,9611,36,,,1,100,,9594,36,,,1,100,,9607,36,,,1,100,,9606,36,,,1,101,,9612,36,,,1,100,,9596,36,,,1,99,,9597,36,,,1,97,,9600,36,,,1,100,,9598,36,,,1,100,,9595,36,,,1
6601,'SEM',641,,9630,36,,,1,104,,9622,36,,,1,91,,9617,36,,,1,106,,9621,36,,,1,105,,9624,36,,,1,100,,9623,36,,,1,106,,9616,36,,,1,100,,9619,36,,,1,100,,9615,36,,,1,75,,9614,36,,,1,90,,9618,36,,,1,95,,9627,36,,,1,104,,9620,36,,,1,97,,9626,36,,,1,98,,9628,36,,,1,99,,9629,36,,,1,97,,9625,36,,,1
22601,'SEM',734,,10859,23,,,2,8,,10856,23,,,2,12,,10854,23,,,2,53,,10855,23,,,2,16,,10857,23,,,2,18,,10858,23,,,2
