1704,'DIM',510,,6036,41,,,1,90,,6039,41,,,1,106,,6042,41,,,1,97,,6035,41,,,1,100,,6029,41,,,1,102,,6034,41,,,1,100,,6037,41,,,1,100,,6041,41,,,1,103,,6038,41,,,1,100,,6043,41,,,1,102,,6045,41,,,1,99,,6033,41,,,1,101,,6040,41,,,1,99,,6025,41,,,1,98,,6044,41,,,1,99,,6028,41,,,1,99,,6026,41,,,1,99,,6027,41,,,1,99,,6030,41,,,1,99,,6032,41,,,1,56,,6031,41,,,1
1704,'SAM',511,,6057,41,,,1,89,,6054,41,,,1,106,,6049,41,,,1,97,,6056,41,,,1,100,,6062,41,,,1,103,,6059,41,,,1,99,,6060,41,,,1,100,,6058,41,,,1,102,,6064,41,,,1,100,,6055,41,,,1,101,,6061,41,,,1,101,,6065,41,,,1,102,,6063,41,,,1,98,,6066,41,,,1,98,,6046,41,,,1,99,,6047,41,,,1,99,,6048,41,,,1,99,,6053,41,,,1,99,,6051,41,,,1,99,,6052,41,,,1,56,,6050,41,,,1
1704,'SEM',523,,6078,41,,,1,103,,6088,41,,,1,20,,6068,41,,,1,63,,6072,41,,,1,16,,6074,41,,,1,25,,6089,41,,,1,74,,6067,41,,,1,101,,6071,41,,,1,84,,6076,41,,,1,99,,6070,41,,,1,101,,6079,41,,,1,100,,6075,41,,,1,100,,6069,41,,,1,102,,6073,41,,,1,103,,6077,41,,,1,98,,6084,41,,,1,101,,6082,41,,,1,97,,6080,41,,,1,98,,6086,41,,,1,100,,6081,41,,,1,98,,6083,41,,,1,100,,6087,41,,,1,99,,6085,41,,,1
2704,'DIM',757,,6871,46,,,2,101,,6872,46,,,2,100,,6874,46,,,2,99,,6869,46,,,2,95,,6870,46,,,2,105,,6873,46,,,2,102,,6868,46,,,2,100,,6867,46,,,2,95,,6861,46,,,2,101,,6862,46,,,2,145,,6866,46,,,2,59,,6860,46,,,2,100,,6859,46,,,2,98,,6865,46,,,2,100,,6863,46,,,2,100,,6864,46,,,2
2704,'SAM',656,,6890,46,,,2,101,,6887,46,,,2,100,,6885,46,,,2,96,,6889,46,,,2,104,,6891,46,,,2,95,,6884,46,,,2,105,,6875,46,,,2,96,,6886,46,,,2,106,,6888,46,,,2,146,,6880,46,,,2,95,,6882,46,,,2,100,,6883,46,,,2,59,,6878,46,,,2,100,,6881,46,,,2,98,,6877,46,,,2,100,,6879,46,,,2,99,,6876,46,,,2
2704,'SEM',621,,6911,46,,,2,29,,6895,46,,,2,75,,6893,46,,,2,24,,6898,46,,,2,64,,6913,46,,,2,29,,6910,46,,,2,79,,6892,46,,,2,79,,6897,46,,,2,56,,6914,46,,,2,150,,6912,46,,,2,95,,6894,46,,,2,50,,6915,46,,,2,101,,6901,46,,,2,106,,6896,46,,,2,79,,6900,46,,,2,79,,6899,46,,,2,16,,6908,46,,,2,27,,6904,46,,,2,73,,6906,46,,,2,73,,6905,46,,,2,100,,6903,46,,,2,45,,6909,46,,,2,99,,6902,46,,,2,100,,6907,46,,,2
3104,'DIM',630,,1107,51,,,1,103,,6985,51,,,1,100,,6984,51,,,1,102,,6989,51,,,1,102,,6992,51,,,1,100,,6993,51,,,1,101,,6990,51,,,1,101,,6986,51,,,1,102,,6988,51,,,1,102,,6976,51,,,1,96,,6987,51,,,1,101,,6991,51,,,1,97,,6979,51,,,1,100,,6978,51,,,1,99,,6980,51,,,1,99,,6977,51,,,1,99,,6983,51,,,1,98,,6982,51,,,1,101,,6981,51,,,1
3104,'SAM',529,,7010,51,,,1,99,,7004,51,,,1,105,,7006,51,,,1,101,,7009,51,,,1,101,,7007,51,,,1,101,,7011,51,,,1,99,,7013,51,,,1,101,,6994,51,,,1,103,,7003,51,,,1,101,,7008,51,,,1,101,,7005,51,,,1,102,,7012,51,,,1,97,,6997,51,,,1,99,,6998,51,,,1,98,,7000,51,,,1,99,,6995,51,,,1,99,,7001,51,,,1,99,,7002,51,,,1,98,,6996,51,,,1,101,,6999,51,,,1
3104,'SEM',500,,7030,51,,,1,31,,1143,51,,,1,85,,7031,51,,,1,22,,7033,51,,,1,64,,7016,51,,,1,34,,7018,51,,,1,72,,7029,51,,,1,30,,7015,51,,,1,69,,7017,51,,,1,31,,7034,51,,,1,100,,7036,51,,,1,100,,7035,51,,,1,100,,7014,51,,,1,100,,7032,51,,,1,101,,7019,51,,,1,104,,7020,51,,,1,102,,7023,51,,,1,101,,7021,51,,,1,96,,7028,51,,,1,97,,7025,51,,,1,101,,7026,51,,,1,99,,7022,51,,,1,99,,7024,51,,,1,105,,7027,51,,,1
4304,'DIM',507,,2049,26,,,1,102,,2043,26,,,1,101,,7958,26,,,1,102,,7959,26,,,1,101,,7960,26,,,1,100,,7953,26,,,1,106,,7954,26,,,1,102,,7961,26,,,1,99,,7964,26,,,1,102,,7962,26,,,1,98,,7965,26,,,1,102,,7963,26,,,1,100,,7948,26,,,1,105,,7952,26,,,1,95,,7957,26,,,1,100,,7956,26,,,1,100,,7950,26,,,1,99,,7949,26,,,1,99,,7951,26,,,1,91,,7955,26,,,1
4304,'SAM',507,,2068,26,,,1,102,,7976,26,,,1,101,,7972,26,,,1,102,,7973,26,,,1,101,,7977,26,,,1,104,,7980,26,,,1,103,,7983,26,,,1,101,,7981,26,,,1,100,,7966,26,,,1,104,,7982,26,,,1,98,,7979,26,,,1,98,,7978,26,,,1,101,,7985,26,,,1,100,,7984,26,,,1,102,,7967,26,,,1,98,,7969,26,,,1,100,,7968,26,,,1,99,,7974,26,,,1,99,,7971,26,,,1,91,,7970,26,,,1,100,,7975,26,,,1
4304,'SEM',527,,8011,26,,,1,32,,8014,26,,,1,76,,7987,26,,,1,20,,7991,26,,,1,60,,7994,26,,,1,22,,8001,26,,,1,63,,8015,26,,,1,27,,8007,26,,,1,73,,7990,26,,,1,29,,7993,26,,,1,73,,7998,26,,,1,28,,7989,26,,,1,70,,7986,26,,,1,30,,8018,26,,,1,70,,8002,26,,,1,30,,7992,26,,,1,70,,8016,26,,,1,30,,8017,26,,,1,70,,7997,26,,,1,32,,7999,26,,,1,71,,7996,26,,,1,31,,7988,26,,,1,72,,8000,26,,,1,26,,7995,26,,,1,70,,8005,26,,,1,56,,8004,26,,,1,95,,8003,26,,,1,99,,8013,26,,,1,100,,8009,26,,,1,99,,8010,26,,,1,100,,8006,26,,,1,150,,8008,26,,,1,22,,8012,26,,,1
6001,'DIM',813,,9029,50,,,1,103,,9037,50,,,1,101,,9036,50,,,1,103,,9040,50,,,1,104,,9038,50,,,1,107,,9042,50,,,1,100,,9039,50,,,1,101,,9041,50,,,1,100,,9043,50,,,1,98,,9028,50,,,1,95,,9044,50,,,1,95,,9035,50,,,1,97,,9031,50,,,1,97,,9030,50,,,1,97,,9033,50,,,1,100,,9032,50,,,1,100,,9034,50,,,1
6001,'SAM',709,,9048,50,,,1,104,,9058,50,,,1,103,,9057,50,,,1,95,,9060,50,,,1,109,,9056,50,,,1,104,,9054,50,,,1,107,,9062,50,,,1,100,,9061,50,,,1,107,,9055,50,,,1,94,,9059,50,,,1,98,,9046,50,,,1,95,,9050,50,,,1,95,,9051,50,,,1,97,,9045,50,,,1,97,,9049,50,,,1,97,,9047,50,,,1,100,,9053,50,,,1,100,,9052,50,,,1
6001,'SEM',550,,9079,50,,,1,105,,9063,50,,,1,95,,9064,50,,,1,72,,9066,50,,,1,85,,9069,50,,,1,52,,9080,50,,,1,143,,9081,50,,,1,99,,9065,50,,,1,101,,9067,50,,,1,102,,9082,50,,,1,100,,9071,50,,,1,101,,9068,50,,,1,108,,9074,50,,,1,97,,9070,50,,,1,92,,9077,50,,,1,57,,9073,50,,,1,89,,9076,50,,,1,99,,9078,50,,,1,95,,9072,50,,,1,100,,9075,50,,,1
7304,'DIM',545,,4008,69,,,1,70,,3997,69,,,1,102,,9957,69,,,1,101,,9963,69,,,1,101,,9958,69,,,1,102,,9960,69,,,1,101,,9956,69,,,1,100,,9959,69,,,1,101,,9961,69,,,1,101,,9950,69,,,1,101,,9955,69,,,1,101,,9962,69,,,1,100,,9964,69,,,1,98,,9948,69,,,1,98,,9949,69,,,1,99,,9946,69,,,1,99,,9951,69,,,1,99,,9953,69,,,1,98,,9947,69,,,1,101,,9952,69,,,1,99,,9954,69,,,1
7304,'SAM',545,,9987,69,,,1,70,,9975,69,,,1,104,,9979,69,,,1,99,,9967,69,,,1,101,,9983,69,,,1,102,,9981,69,,,1,102,,9968,69,,,1,101,,9980,69,,,1,99,,9984,69,,,1,101,,9982,69,,,1,101,,9965,69,,,1,102,,9985,69,,,1,99,,9986,69,,,1,98,,9971,69,,,1,98,,9966,69,,,1,99,,9973,69,,,1,99,,9972,69,,,1,99,,9969,69,,,1,98,,9970,69,,,1,101,,9974,69,,,1,99,,9976,69,,,1,100,,9978,69,,,1,99,,9977,69,,,1
7304,'SEM',509,,10017,69,,,1,44,,10015,69,,,1,81,,10026,69,,,1,18,,10028,69,,,1,67,,10027,69,,,1,12,,9994,69,,,1,12,,10023,69,,,1,13,,10000,69,,,1,61,,10003,69,,,1,16,,10024,69,,,1,15,,9995,69,,,1,66,,9992,69,,,1,29,,9998,69,,,1,82,,10007,69,,,1,29,,9993,69,,,1,70,,9990,69,,,1,30,,10029,69,,,1,70,,10002,69,,,1,35,,9996,69,,,1,66,,10025,69,,,1,30,,9997,69,,,1,70,,10004,69,,,1,30,,10030,69,,,1,72,,9991,69,,,1,82,,10005,69,,,1,13,,11305,69,,,1,19,,9988,69,,,1,75,,9999,69,,,1,15,,10012,69,,,1,25,,10011,69,,,1,73,,10001,69,,,1,73,,10018,69,,,1,23,,10016,69,,,1,32,,10008,69,,,1,66,,10014,69,,,1,31,,10020,69,,,1,71,,10006,69,,,1,27,,10009,69,,,1,70,,10021,69,,,1,29,,10010,69,,,1,70,,10013,69,,,1,100,,10019,69,,,1,94,,10022,69,,,1
7402,'DIM',645,,10092,82,,,2,102,,10096,82,,,2,102,,10095,82,,,2,101,,10097,82,,,2,102,,10099,82,,,2,101,,10088,82,,,2,100,,10093,82,,,2,101,,10094,82,,,2,102,,10098,82,,,2,99,,10100,82,,,2,99,,10101,82,,,2,100,,10085,82,,,2,98,,10087,82,,,2,98,,10089,82,,,2,99,,10091,82,,,2,100,,10090,82,,,2,99,,10086,82,,,2
7402,'SAM',645,,10112,82,,,2,102,,10115,82,,,2,100,,10103,82,,,2,101,,10117,82,,,2,104,,10116,82,,,2,101,,10111,82,,,2,99,,10114,82,,,2,101,,10113,82,,,2,103,,10102,82,,,2,99,,10118,82,,,2,100,,10105,82,,,2,97,,10106,82,,,2,98,,10107,82,,,2,100,,10110,82,,,2,98,,10104,82,,,2,100,,10108,82,,,2,99,,10109,82,,,2
7402,'SEM',608,,10136,82,,,2,49,,10137,82,,,2,56,,10122,82,,,2,87,,10126,82,,,2,56,,10121,82,,,2,98,,10124,82,,,2,98,,10133,82,,,2,100,,10125,82,,,2,100,,10134,82,,,2,100,,10119,82,,,2,100,,10123,82,,,2,106,,10120,82,,,2,99,,10128,82,,,2,100,,10132,82,,,2,96,,10127,82,,,2,98,,10131,82,,,2,99,,10135,82,,,2,99,,10130,82,,,2,100,,10129,82,,,2
