1601,'SEM',1622,,5951,18,,,1,30,,5952,18,,,1,71,,5953,18,,,1,28,,5954,18,,,1,70,,5955,18,,,1
3903,'DIM',923,,1387,9,,,1,16,,7266,9,,,1,74,,7269,9,,,1,28,,7274,9,,,1,72,,7263,9,,,1,31,,7273,9,,,1,71,,7262,9,,,1,29,,7255,9,,,1,74,,7265,9,,,1,25,,7264,9,,,1,68,,7268,9,,,1,27,,7271,9,,,1,76,,7270,9,,,1,30,,7258,9,,,1,70,,7267,9,,,1,30,,7272,9,,,1,66,,7260,9,,,1,10,,7253,9,,,1,24,,7259,9,,,1,65,,7252,9,,,1,99,,7257,9,,,1,100,,7261,9,,,1,99,,7254,9,,,1,104,,7256,9,,,1
3903,'SAM',923,,7291,9,,,1,16,,7295,9,,,1,74,,7292,9,,,1,30,,7288,9,,,1,70,,7294,9,,,1,31,,7296,9,,,1,68,,7287,9,,,1,32,,7286,9,,,1,73,,7289,9,,,1,27,,7276,9,,,1,71,,7277,9,,,1,25,,7293,9,,,1,74,,7280,9,,,1,30,,7297,9,,,1,70,,7281,9,,,1,30,,7283,9,,,1,66,,7290,9,,,1,11,,7284,9,,,1,23,,7298,9,,,1,65,,7282,9,,,1,101,,7285,9,,,1,98,,7278,9,,,1,99,,1409,9,,,1,104,,7279,9,,,1
3903,'SEM',717,,7304,9,,,1,102,,7310,9,,,1,101,,7309,9,,,1,31,,7305,9,,,1,68,,7324,9,,,1,30,,7303,9,,,1,70,,7327,9,,,1,30,,7325,9,,,1,70,,7326,9,,,1,30,,7302,9,,,1,70,,7308,9,,,1,33,,7300,9,,,1,71,,7306,9,,,1,16,,7313,9,,,1,65,,7314,9,,,1,15,,7315,9,,,1,24,,7320,9,,,1,16,,7301,9,,,1,66,,7307,9,,,1,31,,7322,9,,,1,74,,7312,9,,,1,75,,7311,9,,,1,39,,7319,9,,,1,100,,7321,9,,,1,105,,7317,9,,,1,99,,7316,9,,,1,99,,7318,9,,,1,78,,7323,9,,,1
4001,'DIM',834,,7399,28,,,1,102,,7411,28,,,1,101,,7414,28,,,1,101,,7413,28,,,1,100,,7409,28,,,1,100,,7401,28,,,1,99,,7398,28,,,1,100,,7400,28,,,1,102,,7410,28,,,1,101,,7402,28,,,1,98,,7412,28,,,1,98,,7405,28,,,1,99,,7406,28,,,1,99,,7403,28,,,1,98,,7408,28,,,1,100,,7407,28,,,1,93,,7404,28,,,1
4001,'SAM',731,,7429,28,,,1,103,,7426,28,,,1,102,,7427,28,,,1,101,,7431,28,,,1,101,,7415,28,,,1,98,,7425,28,,,1,98,,7428,28,,,1,103,,7416,28,,,1,101,,7430,28,,,1,99,,7420,28,,,1,101,,7432,28,,,1,100,,7422,28,,,1,98,,7421,28,,,1,99,,7418,28,,,1,99,,7419,28,,,1,98,,7423,28,,,1,100,,7417,28,,,1,93,,7424,28,,,1
4001,'SEM',503,,1559,28,,,1,30,,7455,28,,,1,72,,7469,28,,,1,32,,7468,28,,,1,20,,7439,28,,,1,53,,7454,28,,,1,17,,7446,28,,,1,10,,7472,28,,,1,13,,7463,28,,,1,51,,7473,28,,,1,25,,7434,28,,,1,19,,7444,28,,,1,62,,7436,28,,,1,14,,7437,28,,,1,17,,7445,28,,,1,65,,7452,28,,,1,30,,7435,28,,,1,69,,7443,28,,,1,30,,7440,28,,,1,70,,7442,28,,,1,32,,7441,28,,,1,71,,7470,28,,,1,30,,11158,28,,,1,71,,7471,28,,,1,38,,7433,28,,,1,70,,7438,28,,,1,24,,7448,28,,,1,67,,7447,28,,,1,26,,7449,28,,,1,25,,7456,28,,,1,64,,7459,28,,,1,30,,7462,28,,,1,69,,7453,28,,,1,27,,7466,28,,,1,65,,7458,28,,,1,28,,7460,28,,,1,70,,7465,28,,,1,98,,7450,28,,,1,98,,7451,28,,,1,98,,7457,28,,,1,100,,7464,28,,,1,99,,7461,28,,,1
4201,'DIM',514,,7552,13,,,2,102,,7578,13,,,2,30,,7581,13,,,2,70,,7584,13,,,2,28,,7553,13,,,2,73,,7589,13,,,2,27,,7586,13,,,2,70,,7593,13,,,2,33,,7585,13,,,2,61,,7580,13,,,2,20,,7577,13,,,2,20,,7590,13,,,2,60,,7596,13,,,2,23,,7579,13,,,2,18,,7594,13,,,2,62,,7550,13,,,2,20,,7598,13,,,2,18,,7582,13,,,2,62,,7583,13,,,2,19,,7587,13,,,2,21,,7555,13,,,2,60,,7591,13,,,2,15,,7556,13,,,2,24,,7592,13,,,2,61,,7597,13,,,2,19,,7559,13,,,2,21,,7588,13,,,2,56,,7562,13,,,2,22,,7563,13,,,2,21,,7565,13,,,2,55,,7566,13,,,2,18,,7569,13,,,2,12,,7570,13,,,2,15,,7595,13,,,2,56,,7551,13,,,2,33,,7574,13,,,2,70,,7557,13,,,2,30,,7560,13,,,2,69,,7554,13,,,2,29,,7567,13,,,2,72,,7571,13,,,2,28,,7558,13,,,2,70,,7561,13,,,2,32,,7564,13,,,2,70,,7568,13,,,2,35,,7575,13,,,2,70,,7572,13,,,2,34,,7573,13,,,2,75,,7576,13,,,2
4201,'SAM',511,,7639,13,,,2,105,,7625,13,,,2,34,,7609,13,,,2,72,,7640,13,,,2,24,,7629,13,,,2,70,,7631,13,,,2,29,,7635,13,,,2,69,,7626,13,,,2,33,,7642,13,,,2,61,,7624,13,,,2,20,,7647,13,,,2,18,,7633,13,,,2,61,,7617,13,,,2,24,,7643,13,,,2,16,,7627,13,,,2,62,,7648,13,,,2,22,,7628,13,,,2,16,,7630,13,,,2,64,,7619,13,,,2,20,,7634,13,,,2,19,,7645,13,,,2,63,,7632,13,,,2,13,,7636,13,,,2,23,,7602,13,,,2,61,,7644,13,,,2,20,,7641,13,,,2,22,,7610,13,,,2,57,,7637,13,,,2,21,,7612,13,,,2,22,,7638,13,,,2,54,,7646,13,,,2,15,,7615,13,,,2,16,,7616,13,,,2,13,,7599,13,,,2,56,,7600,13,,,2,30,,7603,13,,,2,68,,7605,13,,,2,35,,7607,13,,,2,69,,7608,13,,,2,29,,7601,13,,,2,71,,7604,13,,,2,24,,7606,13,,,2,74,,7611,13,,,2,31,,7613,13,,,2,73,,7614,13,,,2,39,,7621,13,,,2,65,,7623,13,,,2,35,,7618,13,,,2,71,,7620,13,,,2,32,,7622,13,,,2
4201,'SEM',627,,7654,13,,,2,21,,7662,13,,,2,8,,7701,13,,,2,46,,7671,13,,,2,18,,7705,13,,,2,14,,7707,13,,,2,17,,7710,13,,,2,55,,7651,13,,,2,17,,7659,13,,,2,24,,7655,13,,,2,57,,7664,13,,,2,29,,7699,13,,,2,10,,7706,13,,,2,65,,7697,13,,,2,16,,7652,13,,,2,23,,7702,13,,,2,61,,7703,13,,,2,14,,7698,13,,,2,26,,7704,13,,,2,60,,7700,13,,,2,20,,7708,13,,,2,20,,7653,13,,,2,55,,7670,13,,,2,20,,7668,13,,,2,15,,7650,13,,,2,14,,7661,13,,,2,55,,7672,13,,,2,15,,7669,13,,,2,16,,7667,13,,,2,14,,7657,13,,,2,52,,7666,13,,,2,2,,7676,13,,,2,8,,7709,13,,,2,8,,7679,13,,,2,8,,7683,13,,,2,8,,7686,13,,,2,8,,7689,13,,,2,6,,7658,13,,,2,54,,7649,13,,,2,13,,7663,13,,,2,10,,7681,13,,,2,9,,7656,13,,,2,11,,7692,13,,,2,10,,7660,13,,,2,50,,7665,13,,,2,10,,7685,13,,,2,10,,7673,13,,,2,10,,7682,13,,,2,12,,7687,13,,,2,49,,7677,13,,,2,14,,7680,13,,,2,15,,7691,13,,,2,16,,7684,13,,,2,70,,7696,13,,,2,32,,7694,13,,,2,70,,7674,13,,,2,30,,7675,13,,,2,80,,7678,13,,,2,29,,7688,13,,,2,145,,7690,13,,,2,102,,7693,13,,,2,120,,7695,13,,,2
5001,'DIM',525,,8425,9,,,1,100,,8438,9,,,1,100,,8432,9,,,1,100,,8437,9,,,1,101,,8440,9,,,1,26,,8431,9,,,1,72,,8433,9,,,1,27,,8444,9,,,1,78,,8436,9,,,1,28,,8434,9,,,1,77,,8443,9,,,1,24,,8430,9,,,1,75,,8435,9,,,1,22,,8419,9,,,1,73,,8421,9,,,1,30,,8418,9,,,1,74,,8441,9,,,1,26,,8439,9,,,1,76,,8426,9,,,1,81,,8442,9,,,1,21,,8428,9,,,1,97,,8429,9,,,1,102,,8420,9,,,1,99,,8423,9,,,1,100,,8422,9,,,1,99,,8424,9,,,1,100,,8427,9,,,1
5001,'SAM',525,,8452,9,,,1,100,,8445,9,,,1,100,,8462,9,,,1,102,,8466,9,,,1,102,,8458,9,,,1,23,,8468,9,,,1,75,,8471,9,,,1,27,,8460,9,,,1,75,,8467,9,,,1,26,,8469,9,,,1,74,,8461,9,,,1,28,,8463,9,,,1,74,,8470,9,,,1,71,,8448,9,,,1,32,,8464,9,,,1,22,,8447,9,,,1,72,,8465,9,,,1,30,,8453,9,,,1,76,,8455,9,,,1,81,,8446,9,,,1,21,,8454,9,,,1,100,,8456,9,,,1,99,,8449,9,,,1,100,,8450,9,,,1,100,,8457,9,,,1,98,,8451,9,,,1,100,,8459,9,,,1
5001,'SEM',516,,8497,9,,,1,98,,8499,9,,,1,38,,8481,9,,,1,60,,8503,9,,,1,40,,8474,9,,,1,68,,8483,9,,,1,28,,8478,9,,,1,70,,8500,9,,,1,30,,8501,9,,,1,70,,8484,9,,,1,30,,8479,9,,,1,70,,8477,9,,,1,30,,8502,9,,,1,70,,8498,9,,,1,30,,8473,9,,,1,70,,8488,9,,,1,30,,8475,9,,,1,70,,8472,9,,,1,85,,8480,9,,,1,28,,8485,9,,,1,70,,8482,9,,,1,30,,8476,9,,,1,70,,8491,9,,,1,32,,8486,9,,,1,71,,8489,9,,,1,27,,8487,9,,,1,79,,8493,9,,,1,104,,8495,9,,,1,104,,8490,9,,,1,104,,8492,9,,,1,105,,8494,9,,,1,105,,8496,9,,,1
6104,'DIM',658,,9210,58,,,2,100,,9207,58,,,2,143,,9211,58,,,2,100,,9212,58,,,2,102,,9214,58,,,2,102,,9208,58,,,2,102,,9213,58,,,2,106,,9209,58,,,2,99,,9206,58,,,2,103,,9201,58,,,2,100,,9204,58,,,2,100,,9203,58,,,2,93,,9198,58,,,2,97,,9215,58,,,2,95,,9205,58,,,2,100,,9199,58,,,2,59,,9200,58,,,2,99,,9202,58,,,2
6104,'SAM',658,,9228,58,,,2,144,,9226,58,,,2,99,,9223,58,,,2,100,,9231,58,,,2,99,,9233,58,,,2,105,,9227,58,,,2,108,,9232,58,,,2,100,,9216,58,,,2,102,,9229,58,,,2,95,,9218,58,,,2,102,,9230,58,,,2,101,,9221,58,,,2,98,,9217,58,,,2,94,,9225,58,,,2,95,,9219,58,,,2,100,,9224,58,,,2,59,,9220,58,,,2,99,,9222,58,,,2
6104,'SEM',516,,9256,58,,,2,104,,9254,58,,,2,30,,9255,58,,,2,65,,9236,58,,,2,16,,9251,58,,,2,7,,9238,58,,,2,69,,9257,58,,,2,30,,9237,58,,,2,97,,9240,58,,,2,96,,9242,58,,,2,100,,9241,58,,,2,100,,9252,58,,,2,100,,9253,58,,,2,100,,9235,58,,,2,105,,9239,58,,,2,76,,9234,58,,,2,99,,9245,58,,,2,100,,9248,58,,,2,49,,9246,58,,,2,98,,9243,58,,,2,99,,9249,58,,,2,87,,9250,58,,,2,92,,9244,58,,,2,98,,9247,58,,,2
6304,'DIM',752,,9342,50,,,1,101,,9348,50,,,1,102,,9343,50,,,1,102,,9345,50,,,1,95,,9344,50,,,1,107,,9349,50,,,1,95,,9346,50,,,1,103,,9347,50,,,1,100,,9336,50,,,1,102,,9350,50,,,1,142,,9334,50,,,1,57,,9341,50,,,1,99,,9335,50,,,1,98,,9337,50,,,1,100,,9339,50,,,1,100,,9338,50,,,1,100,,9340,50,,,1
6304,'SAM',647,,9365,50,,,1,102,,9361,50,,,1,104,,9357,50,,,1,102,,9364,50,,,1,102,,9363,50,,,1,143,,9366,50,,,1,59,,9368,50,,,1,96,,9362,50,,,1,104,,9369,50,,,1,146,,9353,50,,,1,95,,9367,50,,,1,101,,9351,50,,,1,58,,9354,50,,,1,142,,9352,50,,,1,54,,9355,50,,,1,100,,9358,50,,,1,100,,9356,50,,,1,99,,9359,50,,,1,95,,9360,50,,,1
6304,'SEM',509,,9401,50,,,1,112,,9399,50,,,1,23,,9402,50,,,1,81,,9379,50,,,1,10,,9382,50,,,1,75,,9386,50,,,1,26,,9370,50,,,1,17,,9404,50,,,1,67,,9375,50,,,1,29,,9384,50,,,1,70,,9385,50,,,1,30,,9372,50,,,1,64,,9371,50,,,1,30,,9400,50,,,1,71,,9377,50,,,1,31,,9378,50,,,1,72,,9383,50,,,1,30,,9403,50,,,1,70,,9373,50,,,1,31,,9374,50,,,1,72,,9376,50,,,1,38,,9380,50,,,1,46,,9390,50,,,1,31,,9381,50,,,1,22,,9387,50,,,1,74,,9393,50,,,1,14,,9392,50,,,1,68,,9396,50,,,1,32,,9398,50,,,1,77,,9391,50,,,1,94,,9395,50,,,1,38,,9397,50,,,1,90,,9388,50,,,1,98,,9389,50,,,1,93,,9394,50,,,1
6504,'DIM',725,,9501,66,,,2,102,,9500,66,,,2,101,,9504,66,,,2,102,,9505,66,,,2,97,,9499,66,,,2,108,,9506,66,,,2,102,,9491,66,,,2,100,,9503,66,,,2,94,,9492,66,,,2,105,,9502,66,,,2,97,,9493,66,,,2,101,,9498,66,,,2,98,,9507,66,,,2,100,,9494,66,,,2,100,,9496,66,,,2,97,,9495,66,,,2,98,,9497,66,,,2
6504,'SAM',725,,9518,66,,,2,102,,9516,66,,,2,101,,9517,66,,,2,102,,9522,66,,,2,98,,9521,66,,,2,106,,9524,66,,,2,102,,9520,66,,,2,101,,9519,66,,,2,100,,9509,66,,,2,99,,9523,66,,,2,97,,9508,66,,,2,98,,9525,66,,,2,101,,9513,66,,,2,100,,9511,66,,,2,100,,9515,66,,,2,97,,9510,66,,,2,98,,9512,66,,,2,99,,9514,66,,,2
6504,'SEM',541,,9543,66,,,2,90,,9557,66,,,2,16,,9569,66,,,2,57,,9527,66,,,2,5,,9571,51,,,2,13,,9554,66,,,2,5,,9572,51,,,2,4,,9560,66,,,2,4,,9573,51,,,2,4,,9532,66,,,2,3,,9574,51,,,2,7,,9562,66,,,2,8,,9570,66,,,2,48,,9559,66,,,2,13,,9528,66,,,2,21,,9531,66,,,2,10,,9561,66,,,2,53,,9566,66,,,2,16,,9535,66,,,2,24,,9558,66,,,2,69,,9536,66,,,2,31,,9567,66,,,2,69,,9529,66,,,2,30,,9565,66,,,2,73,,9564,66,,,2,26,,9549,66,,,2,79,,9563,66,,,2,21,,9526,66,,,2,71,,9568,66,,,2,30,,9533,66,,,2,70,,9534,66,,,2,38,,9537,66,,,2,67,,9544,66,,,2,31,,9546,66,,,2,56,,9547,66,,,2,30,,9553,66,,,2,16,,9541,66,,,2,67,,9530,66,,,2,34,,9548,66,,,2,72,,9556,66,,,2,27,,9539,66,,,2,70,,9551,66,,,2,84,,9538,66,,,2,30,,9540,66,,,2,70,,9542,66,,,2,21,,9545,66,,,2,76,,9552,66,,,2,100,,9550,66,,,2,100,,9555,66,,,2
7002,'DIM',619,,9795,66,,,1,40,,9796,66,,,1,90,,3827,89,,,1,102,,9785,89,,,1,101,,9786,89,,,1,102,,9783,89,,,1,67,,9781,89,,,1,34,,9772,89,,,1,72,,9793,89,,,1,29,,9782,89,,,1,67,,9778,89,,,1,33,,9780,89,,,1,70,,9789,89,,,1,31,,9787,89,,,1,70,,9788,89,,,1,30,,9776,89,,,1,71,,9784,89,,,1,24,,9790,89,,,1,78,,9773,89,,,1,73,,9792,89,,,1,33,,9771,89,,,1,73,,9791,89,,,1,95,,9794,89,,,1,54,,9774,89,,,1,95,,9770,89,,,1,96,,9777,89,,,1,99,,9775,89,,,1,103,,9779,89,,,1
7002,'SAM',619,,9823,66,,,1,40,,3875,66,,,1,90,,9814,89,,,1,98,,9812,89,,,1,100,,9817,89,,,1,101,,9816,89,,,1,75,,9810,89,,,1,32,,9813,89,,,1,72,,9809,89,,,1,29,,9802,89,,,1,72,,9815,89,,,1,27,,9807,89,,,1,75,,9820,89,,,1,27,,9798,89,,,1,76,,9808,89,,,1,69,,9819,89,,,1,23,,9811,89,,,1,32,,9822,89,,,1,69,,9821,89,,,1,31,,9818,89,,,1,81,,9797,89,,,1,71,,9804,89,,,1,95,,9806,89,,,1,49,,9805,89,,,1,98,,9799,89,,,1,97,,9800,89,,,1,100,,9801,89,,,1,101,,9803,89,,,1
7002,'SEM',627,,9844,89,,,1,102,,9829,89,,,1,29,,9850,89,,,1,70,,9856,89,,,1,31,,9828,89,,,1,69,,9830,89,,,1,30,,9854,89,,,1,70,,9853,89,,,1,30,,9826,89,,,1,70,,9843,89,,,1,30,,9851,89,,,1,70,,9825,89,,,1,30,,9852,89,,,1,71,,9845,89,,,1,71,,9855,89,,,1,40,,9827,89,,,1,62,,9824,89,,,1,29,,9832,89,,,1,74,,9836,89,,,1,31,,9831,89,,,1,72,,9838,89,,,1,31,,9833,89,,,1,64,,9834,89,,,1,30,,9837,89,,,1,74,,9835,89,,,1,30,,9841,89,,,1,77,,9842,89,,,1,45,,9848,89,,,1,99,,9839,89,,,1,101,,9840,89,,,1,145,,9846,89,,,1,101,,9849,89,,,1,104,,9847,89,,,1
7601,'DIM',512,,10168,41,,,2,100,,10145,86,,,2,25,,10156,86,,,2,104,,10142,86,,,2,101,,10158,86,,,2,100,,10150,86,,,2,70,,10163,86,,,2,30,,10161,86,,,2,71,,10166,86,,,2,30,,10159,86,,,2,70,,10164,86,,,2,29,,10146,86,,,2,71,,10151,86,,,2,32,,10149,86,,,2,70,,10162,86,,,2,30,,10138,86,,,2,70,,10152,86,,,2,29,,10157,86,,,2,70,,10143,86,,,2,30,,10147,86,,,2,70,,10165,86,,,2,31,,10167,86,,,2,69,,10144,86,,,2,35,,10160,86,,,2,96,,10140,86,,,2,100,,10139,86,,,2,100,,10141,86,,,2,98,,10155,86,,,2,100,,10148,86,,,2,100,,10153,86,,,2,95,,10154,86,,,2
7601,'SAM',512,,10199,41,,,2,106,,10173,86,,,2,19,,10181,86,,,2,104,,10187,86,,,2,101,,10184,86,,,2,102,,10192,86,,,2,68,,10194,86,,,2,30,,10185,86,,,2,71,,10178,86,,,2,30,,10189,86,,,2,70,,10195,86,,,2,27,,10193,86,,,2,73,,10186,86,,,2,26,,10172,86,,,2,76,,10182,86,,,2,30,,10190,86,,,2,70,,10191,86,,,2,29,,10197,86,,,2,71,,10183,86,,,2,27,,10188,86,,,2,72,,10169,86,,,2,31,,10196,86,,,2,75,,10198,86,,,2,27,,10174,86,,,2,98,,10176,86,,,2,100,,10180,86,,,2,99,,10177,86,,,2,99,,10170,86,,,2,100,,10171,86,,,2,102,,10175,86,,,2,93,,10179,86,,,2
7601,'SEM',533,,10204,86,,,2,89,,10230,86,,,2,21,,10228,86,,,2,64,,10237,86,,,2,12,,10234,86,,,2,10,,10200,86,,,2,14,,10220,86,,,2,58,,10209,86,,,2,12,,10231,86,,,2,17,,10229,86,,,2,24,,10238,86,,,2,58,,10214,86,,,2,19,,10205,86,,,2,20,,10211,86,,,2,75,,10202,86,,,2,26,,10208,86,,,2,70,,10232,86,,,2,30,,10213,86,,,2,70,,10236,86,,,2,30,,10227,86,,,2,71,,10233,86,,,2,30,,10235,86,,,2,70,,10207,86,,,2,35,,10212,86,,,2,69,,10201,86,,,2,29,,10210,86,,,2,65,,10206,86,,,2,33,,10218,86,,,2,61,,10221,86,,,2,29,,10203,86,,,2,66,,10224,86,,,2,27,,10225,86,,,2,70,,10219,86,,,2,32,,10223,86,,,2,77,,10215,86,,,2,98,,10216,86,,,2,99,,10217,86,,,2,100,,10222,86,,,2,103,,10226,86,,,2
