1703,'DIM',633,,5976,31,,,1,84,,94,31,,,1,100,,5966,31,,,1,100,,5971,31,,,1,99,,5972,31,,,1,102,,5975,31,,,1,101,,5973,31,,,1,100,,5977,31,,,1,101,,5979,31,,,1,99,,5970,31,,,1,102,,5974,31,,,1,96,,5962,31,,,1,99,,5978,31,,,1,99,,5965,31,,,1,101,,5963,31,,,1,99,,5964,31,,,1,101,,5967,31,,,1,100,,89,31,,,1,102,,5969,31,,,1,119,,5968,31,,,1
1703,'SAM',549,,5991,31,,,1,84,,5983,31,,,1,84,,5990,31,,,1,99,,5996,31,,,1,101,,5993,31,,,1,100,,5994,31,,,1,103,,5992,31,,,1,99,,5998,31,,,1,100,,5989,31,,,1,101,,5995,31,,,1,99,,5999,31,,,1,102,,5997,31,,,1,97,,6000,31,,,1,98,,5980,31,,,1,98,,5981,31,,,1,100,,5982,31,,,1,99,,5988,31,,,1,103,,5986,31,,,1,100,,5987,31,,,1,103,,5984,31,,,1,120,,5985,31,,,1
1703,'SEM',604,,6021,31,,,1,114,,6003,31,,,1,103,,6009,31,,,1,96,,6008,31,,,1,99,,6024,31,,,1,101,,6011,31,,,1,101,,6007,31,,,1,100,,6004,31,,,1,99,,6005,31,,,1,97,,6010,31,,,1,38,,6012,31,,,1,64,,6006,31,,,1,36,,6001,31,,,1,66,,6017,31,,,1,32,,6002,31,,,1,75,,6014,31,,,1,29,,6013,31,,,1,68,,6019,31,,,1,98,,6015,31,,,1,99,,6016,31,,,1,100,,6020,31,,,1,100,,6018,31,,,1,91,,6023,31,,,1,108,,6022,31,,,1
3103,'DIM',647,,6925,33,,,1,100,,6924,33,,,1,99,,6929,33,,,1,101,,6932,33,,,1,99,,6933,33,,,1,101,,6930,33,,,1,100,,6926,33,,,1,102,,6928,33,,,1,101,,6916,33,,,1,96,,6927,33,,,1,101,,6931,33,,,1,101,,6920,33,,,1,98,,6918,33,,,1,98,,6919,33,,,1,102,,6917,33,,,1,100,,6923,33,,,1,100,,6922,33,,,1,100,,6921,33,,,1
3103,'SAM',647,,6946,33,,,1,101,,6949,33,,,1,98,,6947,33,,,1,100,,6950,33,,,1,98,,6952,33,,,1,101,,6934,33,,,1,102,,6944,33,,,1,101,,6948,33,,,1,100,,6945,33,,,1,102,,6951,33,,,1,97,,6937,33,,,1,101,,6938,33,,,1,99,,6941,33,,,1,97,,6935,33,,,1,100,,6942,33,,,1,102,,6943,33,,,1,102,,6936,33,,,1,97,,6940,33,,,1,98,,6939,33,,,1
3103,'SEM',644,,6975,33,,,1,101,,6954,33,,,1,101,,6972,33,,,1,99,,6974,33,,,1,100,,6973,33,,,1,101,,6953,33,,,1,101,,6971,33,,,1,100,,6956,33,,,1,100,,6957,33,,,1,99,,6961,33,,,1,63,,6963,33,,,1,37,,6958,33,,,1,60,,6955,33,,,1,39,,6968,33,,,1,68,,6970,33,,,1,30,,6964,33,,,1,72,,6960,33,,,1,36,,6966,33,,,1,101,,6959,33,,,1,99,,6962,33,,,1,101,,6967,33,,,1,97,,6965,33,,,1,109,,6969,33,,,1
3903,'DIM',851,,7275,44,,,1,100,,1387,54,,,1,56,,7266,54,,,1,34,,7269,54,,,1,68,,7274,54,,,1,32,,7263,54,,,1,71,,7273,54,,,1,31,,7262,54,,,1,69,,7255,54,,,1,35,,7265,54,,,1,65,,7264,54,,,1,28,,7268,54,,,1,67,,7271,54,,,1,37,,7270,54,,,1,70,,7258,54,,,1,29,,7267,54,,,1,70,,7272,54,,,1,26,,7260,54,,,1,10,,7253,54,,,1,64,,7259,54,,,1,25,,7252,54,,,1,99,,7257,54,,,1,99,,7261,54,,,1,98,,7254,54,,,1,104,,7256,54,,,1
3903,'SAM',851,,7299,44,,,1,100,,7291,54,,,1,56,,7295,54,,,1,34,,7292,54,,,1,70,,7288,54,,,1,30,,7294,54,,,1,71,,7296,54,,,1,28,,7287,54,,,1,72,,7286,54,,,1,34,,7289,54,,,1,67,,7276,54,,,1,31,,7277,54,,,1,65,,7293,54,,,1,35,,7280,54,,,1,70,,7297,54,,,1,29,,7281,54,,,1,70,,7283,54,,,1,26,,7290,54,,,1,11,,7284,54,,,1,63,,7298,54,,,1,25,,7282,54,,,1,101,,7285,54,,,1,97,,7278,54,,,1,98,,1409,54,,,1,104,,7279,54,,,1
3903,'SEM',748,,7304,54,,,1,103,,7310,54,,,1,100,,7309,54,,,1,70,,7305,54,,,1,28,,7324,54,,,1,70,,7303,54,,,1,30,,7327,54,,,1,71,,7325,54,,,1,30,,7326,54,,,1,71,,7302,54,,,1,31,,7308,54,,,1,73,,7300,54,,,1,32,,7306,54,,,1,56,,7313,54,,,1,31,,7314,54,,,1,14,,7315,54,,,1,65,,7320,54,,,1,16,,7301,54,,,1,66,,7307,54,,,1,29,,7322,54,,,1,72,,7312,54,,,1,33,,7311,54,,,1,77,,7319,54,,,1,97,,7321,54,,,1,104,,7317,54,,,1,99,,7316,54,,,1,98,,7318,54,,,1,36,,7323,54,,,1
7303,'DIM',703,,9874,31,,,1,99,,9869,31,,,1,101,,9871,31,,,1,99,,9868,31,,,1,101,,9870,31,,,1,99,,9872,31,,,1,102,,9861,31,,,1,99,,9867,31,,,1,100,,9873,31,,,1,100,,9875,31,,,1,101,,9859,31,,,1,100,,9860,31,,,1,97,,9857,31,,,1,100,,9862,31,,,1,100,,9865,31,,,1,100,,9858,31,,,1,100,,9863,31,,,1,101,,9866,31,,,1,106,,9864,31,,,1
7303,'SAM',607,,9890,31,,,1,96,,9877,31,,,1,99,,9894,31,,,1,101,,9892,31,,,1,99,,9879,31,,,1,101,,9891,31,,,1,100,,9895,31,,,1,100,,9893,31,,,1,101,,9876,31,,,1,100,,9896,31,,,1,100,,9897,31,,,1,100,,9882,31,,,1,100,,9878,31,,,1,98,,9884,31,,,1,99,,9883,31,,,1,100,,9880,31,,,1,100,,9881,31,,,1,100,,9885,31,,,1,102,,9886,31,,,1,105,,9888,31,,,1,102,,9887,31,,,1,98,,9889,31,,,1
7303,'SEM',556,,9942,31,,,1,65,,9939,31,,,1,79,,9940,31,,,1,8,,9908,31,,,1,37,,9904,31,,,1,63,,9911,31,,,1,41,,9913,31,,,1,54,,9921,31,,,1,29,,9903,31,,,1,70,,9901,31,,,1,30,,9943,31,,,1,70,,9915,31,,,1,30,,9909,31,,,1,70,,9941,31,,,1,30,,9910,31,,,1,70,,9918,31,,,1,30,,9944,31,,,1,70,,9902,31,,,1,30,,9919,31,,,1,68,,9899,31,,,1,32,,9912,31,,,1,70,,9945,31,,,1,21,,9898,31,,,1,17,,9926,31,,,1,18,,9914,31,,,1,53,,9900,31,,,1,13,,9905,31,,,1,14,,9907,31,,,1,14,,9906,31,,,1,52,,9929,31,,,1,13,,9916,31,,,1,17,,9922,31,,,1,14,,9917,31,,,1,59,,9928,31,,,1,34,,9932,31,,,1,66,,9920,31,,,1,33,,9923,31,,,1,68,,9935,31,,,1,29,,9925,31,,,1,70,,9927,31,,,1,27,,9924,31,,,1,73,,9931,31,,,1,30,,9936,31,,,1,70,,9938,31,,,1,35,,9930,31,,,1,70,,9933,31,,,1,27,,9934,31,,,1,162,,9937,31,,,1
7401,'DIM',733,,10038,31,,,2,99,,10039,31,,,2,101,,10045,31,,,2,99,,10043,31,,,2,101,,10040,31,,,2,100,,10041,31,,,2,102,,10042,31,,,2,100,,10046,31,,,2,100,,10044,31,,,2,99,,10047,31,,,2,100,,10031,31,,,2,98,,10035,31,,,2,100,,10037,31,,,2,101,,10036,31,,,2,101,,10034,31,,,2,98,,10032,31,,,2,99,,10033,31,,,2
7401,'SAM',734,,10058,31,,,2,100,,10056,31,,,2,101,,10061,31,,,2,99,,10064,31,,,2,100,,10059,31,,,2,100,,10062,31,,,2,99,,10057,31,,,2,102,,10063,31,,,2,100,,10060,31,,,2,101,,10050,31,,,2,98,,10048,31,,,2,100,,10054,31,,,2,100,,10055,31,,,2,101,,10053,31,,,2,101,,10049,31,,,2,96,,10051,31,,,2,99,,10052,31,,,2
7401,'SEM',635,,10082,31,,,2,98,,10083,31,,,2,100,,10069,31,,,2,105,,10071,31,,,2,97,,10068,31,,,2,100,,10081,31,,,2,101,,10084,31,,,2,101,,10067,31,,,2,100,,10065,31,,,2,100,,10072,31,,,2,93,,10066,31,,,2,101,,10075,31,,,2,27,,10070,31,,,2,79,,10079,31,,,2,98,,10073,31,,,2,99,,10077,31,,,2,99,,10076,31,,,2,97,,10074,31,,,2,103,,10078,31,,,2,98,,10080,31,,,2
