1703,'DIM',636,,5976,37,,,1,84,,94,37,,,1,100,,5966,37,,,1,101,,5971,37,,,1,99,,5972,37,,,1,102,,5975,37,,,1,101,,5973,37,,,1,100,,5977,37,,,1,101,,5979,37,,,1,99,,5970,37,,,1,102,,5974,37,,,1,96,,5962,37,,,1,99,,5978,37,,,1,99,,5965,37,,,1,101,,5963,37,,,1,99,,5964,37,,,1,100,,5967,37,,,1,100,,89,37,,,1,102,,5969,37,,,1,118,,5968,37,,,1
1703,'SAM',552,,5991,37,,,1,84,,5983,37,,,1,84,,5990,37,,,1,99,,5996,37,,,1,102,,5993,37,,,1,100,,5994,37,,,1,103,,5992,37,,,1,99,,5998,37,,,1,100,,5989,37,,,1,101,,5995,37,,,1,99,,5999,37,,,1,102,,5997,37,,,1,97,,6000,37,,,1,98,,5980,37,,,1,98,,5981,37,,,1,100,,5982,37,,,1,99,,5988,37,,,1,102,,5986,37,,,1,100,,5987,37,,,1,103,,5984,37,,,1,119,,5985,37,,,1
1703,'SEM',607,,6021,37,,,1,115,,6003,37,,,1,103,,6009,37,,,1,96,,6008,37,,,1,99,,6024,37,,,1,101,,6011,37,,,1,101,,6007,37,,,1,101,,6004,37,,,1,99,,6005,37,,,1,97,,6010,37,,,1,38,,6012,37,,,1,64,,6006,37,,,1,36,,6001,37,,,1,66,,6017,37,,,1,32,,6002,37,,,1,75,,6014,37,,,1,28,,6013,37,,,1,68,,6019,37,,,1,98,,6015,37,,,1,99,,6016,37,,,1,99,,6020,37,,,1,100,,6018,37,,,1,91,,6023,37,,,1,108,,6022,37,,,1
3103,'DIM',650,,6925,39,,,1,100,,6924,39,,,1,100,,6929,39,,,1,101,,6932,39,,,1,100,,6933,39,,,1,101,,6930,39,,,1,100,,6926,39,,,1,102,,6928,39,,,1,101,,6916,39,,,1,96,,6927,39,,,1,101,,6931,39,,,1,100,,6920,39,,,1,98,,6918,39,,,1,98,,6919,39,,,1,102,,6917,39,,,1,99,,6923,39,,,1,100,,6922,39,,,1,100,,6921,39,,,1
3103,'SAM',650,,6946,39,,,1,101,,6949,39,,,1,99,,6947,39,,,1,100,,6950,39,,,1,99,,6952,39,,,1,101,,6934,39,,,1,102,,6944,39,,,1,101,,6948,39,,,1,100,,6945,39,,,1,102,,6951,39,,,1,97,,6937,39,,,1,100,,6938,39,,,1,99,,6941,39,,,1,97,,6935,39,,,1,100,,6942,39,,,1,101,,6943,39,,,1,102,,6936,39,,,1,97,,6940,39,,,1,98,,6939,39,,,1
3103,'SEM',648,,6975,39,,,1,101,,6954,39,,,1,101,,6972,39,,,1,99,,6974,39,,,1,100,,6973,39,,,1,101,,6953,39,,,1,101,,6971,39,,,1,100,,6956,39,,,1,101,,6957,39,,,1,99,,6961,39,,,1,63,,6963,39,,,1,37,,6958,39,,,1,60,,6955,39,,,1,39,,6968,39,,,1,68,,6970,39,,,1,29,,6964,39,,,1,72,,6960,39,,,1,36,,6966,39,,,1,101,,6959,39,,,1,99,,6962,39,,,1,101,,6967,39,,,1,96,,6965,39,,,1,149,,6969,39,,,1
3903,'DIM',854,,7275,50,,,1,100,,1387,60,,,1,56,,7266,60,,,1,34,,7269,60,,,1,68,,7274,60,,,1,32,,7263,60,,,1,71,,7273,60,,,1,31,,7262,60,,,1,69,,7255,60,,,1,36,,7265,60,,,1,65,,7264,60,,,1,28,,7268,60,,,1,67,,7271,60,,,1,37,,7270,60,,,1,70,,7258,60,,,1,29,,7267,60,,,1,70,,7272,60,,,1,26,,7260,60,,,1,10,,7253,60,,,1,64,,7259,60,,,1,25,,7252,60,,,1,99,,7257,60,,,1,98,,7261,60,,,1,98,,7254,60,,,1,104,,7256,60,,,1
3903,'SAM',854,,7299,50,,,1,100,,7291,60,,,1,56,,7295,60,,,1,34,,7292,60,,,1,70,,7288,60,,,1,30,,7294,60,,,1,71,,7296,60,,,1,28,,7287,60,,,1,72,,7286,60,,,1,35,,7289,60,,,1,67,,7276,60,,,1,31,,7277,60,,,1,65,,7293,60,,,1,35,,7280,60,,,1,70,,7297,60,,,1,29,,7281,60,,,1,70,,7283,60,,,1,26,,7290,60,,,1,11,,7284,60,,,1,63,,7298,60,,,1,25,,7282,60,,,1,101,,7285,60,,,1,96,,7278,60,,,1,98,,1409,60,,,1,104,,7279,60,,,1
3903,'SEM',751,,7304,60,,,1,103,,7310,60,,,1,100,,7309,60,,,1,70,,7305,60,,,1,28,,7324,60,,,1,70,,7303,60,,,1,30,,7327,60,,,1,72,,7325,60,,,1,30,,7326,60,,,1,71,,7302,60,,,1,31,,7308,60,,,1,73,,7300,60,,,1,72,,7306,60,,,1,16,,7313,60,,,1,31,,7314,60,,,1,54,,7315,60,,,1,25,,7320,60,,,1,16,,7301,60,,,1,66,,7307,60,,,1,29,,7322,60,,,1,72,,7312,60,,,1,33,,7311,60,,,1,77,,7319,60,,,1,97,,7321,60,,,1,103,,7317,60,,,1,99,,7316,60,,,1,98,,7318,60,,,1,36,,7323,60,,,1
4503,'DIM',658,,8030,38,,,1,100,,2117,38,,,1,101,,2115,38,,,1,99,,8029,38,,,1,101,,8031,38,,,1,98,,8028,38,,,1,146,,8034,38,,,1,100,,8020,38,,,1,56,,8033,38,,,1,146,,8019,38,,,1,50,,8032,38,,,1,100,,8022,38,,,1,99,,8026,38,,,1,100,,8021,38,,,1,99,,8027,38,,,1,100,,8025,38,,,1,100,,8024,38,,,1,149,,8023,38,,,1
4503,'SAM',658,,8044,38,,,1,100,,8047,38,,,1,101,,8049,38,,,1,99,,8050,38,,,1,101,,8035,38,,,1,100,,8048,38,,,1,144,,8045,38,,,1,102,,8046,38,,,1,99,,8052,38,,,1,96,,8040,38,,,1,55,,8051,38,,,1,100,,8037,38,,,1,99,,8038,38,,,1,100,,8036,38,,,1,99,,8042,38,,,1,100,,8039,38,,,1,102,,8043,38,,,1,147,,8041,38,,,1
4503,'SEM',649,,8063,38,,,1,60,,8075,38,,,1,35,,8053,38,,,1,65,,8057,38,,,1,23,,8055,38,,,1,84,,8079,38,,,1,31,,8061,38,,,1,101,,8077,38,,,1,100,,11193,38,,,1,96,,8078,38,,,1,100,,8064,38,,,1,78,,8058,38,,,1,84,,8060,38,,,1,17,,8059,38,,,1,25,,8068,38,,,1,71,,8062,38,,,1,17,,8054,38,,,1,73,,8056,38,,,1,18,,8066,38,,,1,13,,8073,38,,,1,76,,8074,38,,,1,36,,8071,38,,,1,99,,8070,38,,,1,99,,8065,38,,,1,102,,8067,38,,,1,97,,8069,38,,,1,94,,8072,38,,,1
