4202,'DIM',512,,7724,78,,,2,40,,7761,78,,,2,68,,7734,78,,,2,30,,7721,78,,,2,70,,7745,78,,,2,29,,7743,78,,,2,73,,7748,78,,,2,31,,7751,78,,,2,70,,7722,78,,,2,33,,7756,78,,,2,71,,7753,78,,,2,30,,7759,78,,,2,55,,7746,78,,,2,18,,7752,78,,,2,22,,7747,78,,,2,60,,7742,78,,,2,21,,1847,78,,,2,21,,7762,78,,,2,62,,7744,78,,,2,18,,7760,78,,,2,23,,7719,78,,,2,60,,7764,78,,,2,18,,7749,78,,,2,22,,7750,78,,,2,59,,7754,78,,,2,21,,7725,78,,,2,20,,7757,78,,,2,57,,7726,78,,,2,23,,7758,78,,,2,20,,7763,78,,,2,59,,7729,78,,,2,25,,7755,78,,,2,75,,7732,78,,,2,36,,7735,78,,,2,69,,7738,78,,,2,29,,7720,78,,,2,72,,7740,78,,,2,30,,7727,78,,,2,70,,7730,78,,,2,27,,7723,78,,,2,68,,7736,78,,,2,31,,7739,78,,,2,68,,7728,78,,,2,30,,7731,78,,,2,68,,7733,78,,,2,29,,7737,78,,,2,79,,7741,78,,,2
4202,'SAM',512,,7767,78,,,2,41,,7765,78,,,2,67,,7781,78,,,2,23,,7803,78,,,2,83,,7794,78,,,2,25,,7788,78,,,2,75,,7776,78,,,2,33,,7804,78,,,2,66,,7792,78,,,2,30,,7795,78,,,2,74,,7799,78,,,2,28,,7789,78,,,2,54,,7811,78,,,2,21,,7806,78,,,2,20,,7787,78,,,2,60,,7810,78,,,2,19,,7797,78,,,2,21,,7783,78,,,2,64,,7807,78,,,2,16,,7790,78,,,2,23,,7812,78,,,2,62,,7791,78,,,2,16,,7793,78,,,2,24,,7784,78,,,2,60,,7798,78,,,2,19,,7809,78,,,2,23,,7796,78,,,2,55,,7800,78,,,2,22,,7769,78,,,2,20,,7808,78,,,2,60,,7805,78,,,2,25,,7777,78,,,2,75,,7801,78,,,2,36,,7802,78,,,2,71,,7782,78,,,2,27,,7766,78,,,2,69,,7770,78,,,2,28,,7772,78,,,2,75,,7774,78,,,2,26,,7775,78,,,2,69,,7768,78,,,2,31,,7771,78,,,2,64,,7773,78,,,2,33,,7778,78,,,2,68,,7779,78,,,2,31,,7780,78,,,2,78,,7785,78,,,2,30,,7786,78,,,2
4202,'SEM',510,,7837,78,,,2,104,,7861,78,,,2,23,,7867,78,,,2,13,,7871,78,,,2,9,,7875,78,,,2,45,,7877,78,,,2,7,,7814,78,,,2,6,,7817,78,,,2,3,,7879,20,,,2,3,,7820,78,,,2,2,,7878,20,,,2,2,,7822,78,,,2,6,,7824,78,,,2,6,,7828,78,,,2,9,,7858,78,,,2,55,,7865,78,,,2,11,,7818,78,,,2,9,,7869,78,,,2,12,,7827,78,,,2,11,,7862,78,,,2,13,,7874,78,,,2,49,,7868,78,,,2,11,,7872,78,,,2,17,,7876,78,,,2,18,,7839,78,,,2,54,,7825,78,,,2,24,,7819,78,,,2,16,,7830,78,,,2,69,,7860,78,,,2,10,,7870,78,,,2,25,,7838,78,,,2,56,,7816,78,,,2,24,,7863,78,,,2,21,,7864,78,,,2,54,,7859,78,,,2,27,,7866,78,,,2,20,,7821,78,,,2,60,,7873,78,,,2,22,,7815,78,,,2,15,,7834,78,,,2,60,,7832,78,,,2,19,,7813,78,,,2,13,,7826,78,,,2,57,,7835,78,,,2,16,,7833,78,,,2,15,,7831,78,,,2,15,,7823,78,,,2,57,,7842,78,,,2,15,,7844,78,,,2,13,,7846,78,,,2,15,,7849,78,,,2,56,,7829,78,,,2,15,,7836,78,,,2,15,,7845,78,,,2,14,,7854,78,,,2,69,,7856,78,,,2,27,,7847,78,,,2,76,,7853,78,,,2,40,,7857,78,,,2,70,,7855,78,,,2,30,,7840,78,,,2,70,,7841,78,,,2,76,,7843,78,,,2,27,,7848,78,,,2,73,,7850,78,,,2,27,,7852,78,,,2,70,,7851,78,,,2
4804,'DIM',608,,2444,59,,,1,110,,8366,59,,,1,103,,8365,59,,,1,108,,8362,59,,,1,108,,8367,59,,,1,101,,8364,59,,,1,99,,8368,59,,,1,104,,8370,59,,,1,97,,8363,59,,,1,106,,8369,59,,,1,100,,8357,59,,,1,99,,8360,59,,,1,97,,8358,59,,,1,98,,8361,59,,,1,97,,8356,59,,,1,100,,8354,59,,,1,100,,8359,59,,,1,99,,8355,59,,,1
4804,'SAM',607,,8382,59,,,1,113,,8387,59,,,1,102,,8384,59,,,1,107,,8371,59,,,1,108,,8385,59,,,1,101,,8389,59,,,1,100,,8388,59,,,1,97,,8390,59,,,1,107,,8386,59,,,1,102,,8372,59,,,1,100,,8375,59,,,1,99,,8379,59,,,1,97,,8376,59,,,1,98,,8373,59,,,1,97,,8383,59,,,1,100,,8380,59,,,1,100,,8374,59,,,1,99,,8377,59,,,1,92,,8378,59,,,1,26,,8381,59,,,1
4804,'SEM',539,,2475,59,,,1,85,,8411,59,,,1,20,,8413,59,,,1,60,,8393,59,,,1,24,,8404,59,,,1,25,,8407,59,,,1,59,,8399,59,,,1,22,,8416,59,,,1,69,,11290,59,,,1,29,,8397,59,,,1,70,,8396,59,,,1,30,,8412,59,,,1,27,,8417,59,,,1,147,,8414,59,,,1,100,,8415,59,,,1,101,,8391,59,,,1,99,,8401,59,,,1,39,,8398,59,,,1,74,,8395,59,,,1,37,,8392,59,,,1,92,,8402,59,,,1,68,,8409,59,,,1,103,,8400,59,,,1,106,,8406,59,,,1,103,,8405,59,,,1,97,,8403,59,,,1,98,,8410,59,,,1,100,,8408,59,,,1
5802,'DIM',625,,8984,57,,,2,101,,8981,57,,,2,93,,3051,57,,,2,100,,8975,57,,,2,100,,8976,57,,,2,99,,8980,57,,,2,100,,8977,57,,,2,101,,8974,57,,,2,101,,8978,57,,,2,100,,8982,57,,,2,98,,8979,57,,,2,109,,8983,57,,,2,94,,8968,57,,,2,99,,8970,57,,,2,99,,8973,57,,,2,99,,8971,57,,,2,99,,8972,57,,,2,99,,8969,57,,,2
5802,'SAM',625,,9000,57,,,2,101,,8985,57,,,2,93,,8998,57,,,2,100,,9001,57,,,2,100,,8989,57,,,2,99,,8991,57,,,2,103,,8999,57,,,2,98,,8994,57,,,2,106,,8997,57,,,2,94,,8986,57,,,2,111,,8988,57,,,2,99,,9002,57,,,2,92,,8987,57,,,2,99,,8995,57,,,2,102,,8993,57,,,2,96,,8990,57,,,2,99,,8992,57,,,2,99,,8996,57,,,2
5802,'SEM',547,,9022,57,,,2,66,,9006,57,,,2,39,,9026,57,,,2,53,,11297,57,,,2,18,,9027,49,,,2,9,,9024,57,,,2,70,,9009,57,,,2,16,,9003,57,,,2,82,,9004,57,,,2,41,,9011,57,,,2,100,,9010,57,,,2,100,,9023,57,,,2,100,,9007,57,,,2,101,,9025,57,,,2,102,,9008,57,,,2,65,,9015,57,,,2,31,,9012,57,,,2,105,,9014,57,,,2,69,,9021,57,,,2,98,,9016,57,,,2,99,,9017,57,,,2,46,,9013,57,,,2,98,,9020,57,,,2,100,,9018,57,,,2,100,,9019,57,,,2
7001,'DIM',741,,9696,77,,,1,100,,9699,77,,,1,102,,9698,77,,,1,100,,9702,77,,,1,66,,9703,77,,,1,31,,9705,77,,,1,64,,9700,77,,,1,43,,9704,77,,,1,60,,9701,77,,,1,38,,9707,77,,,1,71,,9706,77,,,1,32,,9683,77,,,1,61,,9697,77,,,1,38,,9682,77,,,1,60,,9687,77,,,1,34,,9684,77,,,1,75,,9689,77,,,1,32,,9686,77,,,1,74,,9688,77,,,1,30,,9693,77,,,1,94,,9691,77,,,1,99,,9690,77,,,1,100,,9685,77,,,1,99,,9694,77,,,1,98,,9695,77,,,1,96,,9692,77,,,1
7001,'SAM',741,,9728,77,,,1,100,,9726,77,,,1,102,,9731,77,,,1,100,,9727,77,,,1,67,,9733,77,,,1,28,,9732,77,,,1,67,,9730,77,,,1,42,,9708,77,,,1,64,,9709,77,,,1,33,,9729,77,,,1,67,,9711,77,,,1,33,,9725,77,,,1,64,,9710,77,,,1,39,,9713,77,,,1,69,,9714,77,,,1,27,,9717,77,,,1,71,,9712,77,,,1,34,,9718,77,,,1,74,,9719,77,,,1,30,,9722,77,,,1,94,,9721,77,,,1,99,,9723,77,,,1,100,,9720,77,,,1,99,,9716,77,,,1,99,,9715,77,,,1,95,,9724,77,,,1
7001,'SEM',556,,9735,77,,,1,57,,9769,77,,,1,29,,9739,77,,,1,14,,9768,77,,,1,71,,9748,77,,,1,30,,9767,77,,,1,75,,9738,77,,,1,15,,9743,77,,,1,73,,9734,77,,,1,27,,9744,77,,,1,67,,9745,77,,,1,35,,9740,77,,,1,67,,9765,77,,,1,30,,9766,77,,,1,71,,9754,77,,,1,29,,9737,77,,,1,72,,9736,77,,,1,30,,9741,77,,,1,72,,9746,77,,,1,29,,9747,77,,,1,78,,9749,77,,,1,30,,9751,77,,,1,69,,9755,77,,,1,26,,9757,77,,,1,79,,9742,77,,,1,27,,9760,77,,,1,69,,9761,77,,,1,25,,9756,77,,,1,80,,9752,77,,,1,75,,9750,77,,,1,42,,9759,77,,,1,100,,9753,77,,,1,101,,9758,77,,,1,104,,9763,77,,,1,91,,9762,77,,,1,174,,9764,77,,,1
