20301,'DIM',1820,,10785,1,,,2,100,,10786,1,,,2,100,,10787,1,,,2,100,,10784,1,,,2,100,,10782,1,,,2,100,,10783,1,,,2
20301,'SAM',1820,,10788,1,,,2,100,,10792,1,,,2,100,,10793,1,,,2,100,,10789,1,,,2,100,,10790,1,,,2,100,,10791,1,,,2
20301,'SEM',1532,,10804,1,,,2,94,,10797,1,,,2,105,,10801,1,,,2,100,,10794,1,,,2,80,,10796,1,,,2,43,,10800,1,,,2,101,,10795,1,,,2,100,,10798,1,,,2,100,,10799,1,,,2,145,,10802,1,,,2,109,,10803,1,,,2
20302,'DIM',606,,4812,48,4,,2,100,,10811,48,4,,2,99,,10810,48,4,,2,1202,,10808,48,4,,2,100,,10809,48,4,,2,100,,10807,48,4,,2,100,,10805,48,4,,2,100,,10806,48,4,,2
20302,'SAM',606,,10817,48,4,,2,100,,10818,48,4,,2,99,,10819,48,4,,2,1202,,10815,48,4,,2,100,,10816,48,4,,2,100,,10812,48,4,,2,100,,10813,48,4,,2,100,,10814,48,4,,2
20302,'SEM',527,,10823,48,4,,2,87,,10826,48,4,,2,36,,10821,48,4,,2,89,,10822,48,4,,2,109,,10820,48,4,,2,1499,,10824,48,4,,2,105,,10825,48,4,,2
90301,'DIM',812,,11037,1,,,2,105,,11041,1,,,2,100,,11039,1,,,2,96,,11040,1,,,2,100,,11042,1,,,2,105,,11043,1,,,2,95,,11038,1,,,2,106,,11036,1,,,2,100,,11035,1,,,2,104,,11044,1,,,2
90301,'SAM',618,,11046,1,,,2,99,,11048,1,,,2,95,,11051,1,,,2,105,,11050,1,,,2,100,,11055,1,,,2,100,,11052,1,,,2,96,,11049,1,,,2,101,,11047,1,,,2,105,,11045,1,,,2,100,,11053,1,,,2,100,,11054,1,,,2,100,,11056,1,,,2
90301,'SEM',502,,11060,1,,,2,32,,11068,1,,,2,66,,11063,1,,,2,12,,11076,1,,,2,8,,11077,1,,,2,14,,11073,1,,,2,10,,11059,1,,,2,56,,11070,1,,,2,20,,11072,1,,,2,23,,11071,1,,,2,74,,11069,1,,,2,99,,11057,1,,,2,100,,11061,1,,,2,100,,11074,1,,,2,100,,11067,1,,,2,100,,11075,1,,,2,100,,11062,1,,,2,84,,11058,1,,,2,110,,11064,1,,,2,99,,11065,1,,,2,102,,11066,1,,,2
90302,'DIM',910,,11084,58,4,,2,100,,11082,58,4,,2,96,,11083,58,4,,2,100,,11085,58,4,,2,104,,11086,58,4,,2,96,,11087,58,4,,2,101,,11081,58,4,,2,104,,11078,58,4,,2,105,,11088,58,4,,2,96,,11079,58,4,,2,100,,11080,58,4,,2
90302,'SAM',910,,11094,58,4,,2,100,,11098,58,4,,2,100,,11095,58,4,,2,96,,11093,58,4,,2,99,,11092,58,4,,2,106,,11089,58,4,,2,100,,11096,58,4,,2,100,,11097,58,4,,2,101,,11099,58,4,,2,100,,11090,58,4,,2,100,,11091,58,4,,2
90302,'SEM',807,,11109,58,4,,2,100,,11117,58,4,,2,102,,11103,58,4,,2,100,,11118,58,4,,2,100,,11108,58,4,,2,99,,11119,58,4,,2,100,,11105,58,4,,2,45,,11102,58,4,,2,153,,11100,58,4,,2,13,,11110,58,4,,2,22,,11101,58,4,,2,18,,11106,58,4,,2,78,,11114,58,4,,2,64,,11116,58,4,,2,29,,11104,58,4,,2,27,,11107,58,4,,2,88,,11113,58,4,,2,99,,11115,58,4,,2,104,,11111,58,4,,2,99,,11112,58,4,,2
