1704,'DIM',509,,6036,39,,,1,50,,6039,39,,,1,146,,6042,39,,,1,97,,6035,39,,,1,100,,6029,39,,,1,102,,6034,39,,,1,100,,6037,39,,,1,100,,6041,39,,,1,103,,6038,39,,,1,100,,6043,39,,,1,102,,6045,39,,,1,99,,6033,39,,,1,101,,6040,39,,,1,99,,6025,39,,,1,98,,6044,39,,,1,99,,6028,39,,,1,99,,6026,39,,,1,99,,6027,39,,,1,99,,6030,39,,,1,99,,6032,39,,,1,56,,6031,39,,,1
1704,'SAM',510,,6057,39,,,1,49,,6054,39,,,1,146,,6049,39,,,1,97,,6056,39,,,1,100,,6062,39,,,1,103,,6059,39,,,1,99,,6060,39,,,1,100,,6058,39,,,1,102,,6064,39,,,1,100,,6055,39,,,1,101,,6061,39,,,1,101,,6065,39,,,1,102,,6063,39,,,1,98,,6066,39,,,1,98,,6046,39,,,1,99,,6047,39,,,1,99,,6048,39,,,1,99,,6053,39,,,1,99,,6051,39,,,1,99,,6052,39,,,1,56,,6050,39,,,1
1704,'SEM',522,,6078,39,,,1,103,,6088,39,,,1,20,,6068,39,,,1,62,,6072,39,,,1,16,,6074,39,,,1,25,,6089,39,,,1,74,,6067,39,,,1,101,,6071,39,,,1,84,,6076,39,,,1,99,,6070,39,,,1,101,,6079,39,,,1,100,,6075,39,,,1,100,,6069,39,,,1,102,,6073,39,,,1,103,,6077,39,,,1,98,,6084,39,,,1,101,,6082,39,,,1,98,,6080,39,,,1,98,,6086,39,,,1,100,,6081,39,,,1,98,,6083,39,,,1,100,,6087,39,,,1,99,,6085,39,,,1
2704,'DIM',756,,6871,44,,,2,101,,6872,44,,,2,100,,6874,44,,,2,99,,6869,44,,,2,95,,6870,44,,,2,105,,6873,44,,,2,102,,6868,44,,,2,100,,6867,44,,,2,95,,6861,44,,,2,101,,6862,44,,,2,105,,6866,44,,,2,99,,6860,44,,,2,100,,6859,44,,,2,98,,6865,44,,,2,100,,6863,44,,,2,100,,6864,44,,,2
2704,'SAM',655,,6890,44,,,2,101,,6887,44,,,2,100,,6885,44,,,2,96,,6889,44,,,2,104,,6891,44,,,2,95,,6884,44,,,2,105,,6875,44,,,2,96,,6886,44,,,2,106,,6888,44,,,2,146,,6880,44,,,2,55,,6882,44,,,2,100,,6883,44,,,2,99,,6878,44,,,2,100,,6881,44,,,2,98,,6877,44,,,2,100,,6879,44,,,2,99,,6876,44,,,2
2704,'SEM',620,,6911,44,,,2,29,,6895,44,,,2,74,,6893,44,,,2,24,,6898,44,,,2,64,,6913,44,,,2,29,,6910,44,,,2,79,,6892,44,,,2,40,,6897,44,,,2,96,,6914,44,,,2,150,,6912,44,,,2,95,,6894,44,,,2,50,,6915,44,,,2,101,,6901,44,,,2,105,,6896,44,,,2,79,,6900,44,,,2,80,,6899,44,,,2,16,,6908,44,,,2,27,,6904,44,,,2,73,,6906,44,,,2,73,,6905,44,,,2,100,,6903,44,,,2,45,,6909,44,,,2,99,,6902,44,,,2,100,,6907,44,,,2
3104,'DIM',629,,1107,49,,,1,103,,6985,49,,,1,100,,6984,49,,,1,102,,6989,49,,,1,102,,6992,49,,,1,100,,6993,49,,,1,101,,6990,49,,,1,101,,6986,49,,,1,102,,6988,49,,,1,102,,6976,49,,,1,96,,6987,49,,,1,101,,6991,49,,,1,97,,6979,49,,,1,100,,6978,49,,,1,99,,6980,49,,,1,99,,6977,49,,,1,99,,6983,49,,,1,98,,6982,49,,,1,101,,6981,49,,,1
3104,'SAM',528,,7010,49,,,1,99,,7004,49,,,1,105,,7006,49,,,1,101,,7009,49,,,1,101,,7007,49,,,1,101,,7011,49,,,1,99,,7013,49,,,1,101,,6994,49,,,1,103,,7003,49,,,1,101,,7008,49,,,1,101,,7005,49,,,1,102,,7012,49,,,1,97,,6997,49,,,1,99,,6998,49,,,1,98,,7000,49,,,1,99,,6995,49,,,1,99,,7001,49,,,1,99,,7002,49,,,1,98,,6996,49,,,1,101,,6999,49,,,1
3104,'SEM',459,,7030,49,,,1,71,,1143,49,,,1,85,,7031,49,,,1,22,,7033,49,,,1,63,,7016,49,,,1,34,,7018,49,,,1,72,,7029,49,,,1,30,,7015,49,,,1,70,,7017,49,,,1,31,,7034,49,,,1,100,,7036,49,,,1,100,,7035,49,,,1,100,,7014,49,,,1,100,,7032,49,,,1,100,,7019,49,,,1,104,,7020,49,,,1,102,,7023,49,,,1,101,,7021,49,,,1,97,,7028,49,,,1,97,,7025,49,,,1,101,,7026,49,,,1,99,,7022,49,,,1,99,,7024,49,,,1,105,,7027,49,,,1
3904,'DIM',840,,1465,49,,,1,99,,7336,49,,,1,95,,7342,49,,,1,14,,7340,49,,,1,74,,7344,49,,,1,28,,7349,49,,,1,74,,7337,49,,,1,31,,7348,49,,,1,71,,7335,49,,,1,29,,7330,49,,,1,76,,7339,49,,,1,25,,7338,49,,,1,68,,7343,49,,,1,27,,7346,49,,,1,76,,7345,49,,,1,30,,7332,49,,,1,70,,7341,49,,,1,30,,7347,49,,,1,79,,7333,49,,,1,85,,7328,49,,,1,100,,7331,49,,,1,97,,7334,49,,,1,99,,7329,49,,,1
3904,'SAM',840,,7364,49,,,1,101,,7363,49,,,1,93,,7365,49,,,1,14,,7369,49,,,1,76,,7366,49,,,1,30,,7361,49,,,1,70,,7368,49,,,1,31,,7370,49,,,1,70,,7360,49,,,1,30,,7359,49,,,1,75,,7362,49,,,1,29,,7350,49,,,1,69,,7351,49,,,1,25,,7367,49,,,1,74,,7354,49,,,1,30,,7371,49,,,1,70,,7355,49,,,1,30,,7357,49,,,1,79,,7352,49,,,1,85,,7356,49,,,1,100,,7358,49,,,1,97,,7353,49,,,1,99,,1475,49,,,1
3904,'SEM',629,,7394,49,,,1,81,,7375,49,,,1,12,,7382,49,,,1,10,,7384,49,,,1,74,,7376,49,,,1,28,,7374,49,,,1,77,,11141,49,,,1,25,,7383,49,,,1,70,,7397,49,,,1,29,,7381,49,,,1,70,,7393,49,,,1,30,,7391,49,,,1,70,,7373,49,,,1,30,,7396,49,,,1,70,,7392,49,,,1,30,,7395,49,,,1,75,,11190,49,,,1,30,,7378,49,,,1,70,,7372,49,,,1,33,,7377,49,,,1,106,,7386,49,,,1,107,,7379,49,,,1,102,,7390,49,,,1,100,,7388,49,,,1,99,,7389,49,,,1,99,,7387,49,,,1
4304,'DIM',506,,2049,24,,,1,102,,2043,24,,,1,101,,7958,24,,,1,102,,7959,24,,,1,101,,7960,24,,,1,100,,7953,24,,,1,106,,7954,24,,,1,102,,7961,24,,,1,99,,7964,24,,,1,102,,7962,24,,,1,98,,7965,24,,,1,102,,7963,24,,,1,100,,7948,24,,,1,105,,7952,24,,,1,95,,7957,24,,,1,100,,7956,24,,,1,100,,7950,24,,,1,99,,7949,24,,,1,99,,7951,24,,,1,91,,7955,24,,,1
4304,'SAM',506,,2068,24,,,1,102,,7976,24,,,1,101,,7972,24,,,1,102,,7973,24,,,1,101,,7977,24,,,1,104,,7980,24,,,1,103,,7983,24,,,1,101,,7981,24,,,1,100,,7966,24,,,1,104,,7982,24,,,1,98,,7979,24,,,1,98,,7978,24,,,1,101,,7985,24,,,1,100,,7984,24,,,1,102,,7967,24,,,1,98,,7969,24,,,1,100,,7968,24,,,1,99,,7974,24,,,1,99,,7971,24,,,1,91,,7970,24,,,1,100,,7975,24,,,1
4304,'SEM',526,,8011,24,,,1,32,,8014,24,,,1,76,,7987,24,,,1,20,,7991,24,,,1,60,,7994,24,,,1,21,,8001,24,,,1,23,,8015,24,,,1,67,,8007,24,,,1,33,,7990,24,,,1,70,,7993,24,,,1,73,,7998,24,,,1,28,,7989,24,,,1,30,,7986,24,,,1,70,,8018,24,,,1,30,,8002,24,,,1,70,,7992,24,,,1,30,,8016,24,,,1,70,,8017,24,,,1,30,,7997,24,,,1,71,,7999,24,,,1,71,,7996,24,,,1,31,,7988,24,,,1,72,,8000,24,,,1,26,,7995,24,,,1,70,,8005,24,,,1,57,,8004,24,,,1,95,,8003,24,,,1,99,,8013,24,,,1,100,,8009,24,,,1,99,,8010,24,,,1,100,,8006,24,,,1,150,,8008,24,,,1,22,,8012,24,,,1
7304,'DIM',544,,4008,67,,,1,70,,3997,67,,,1,102,,9957,67,,,1,101,,9963,67,,,1,101,,9958,67,,,1,102,,9960,67,,,1,101,,9956,67,,,1,100,,9959,67,,,1,101,,9961,67,,,1,101,,9950,67,,,1,101,,9955,67,,,1,101,,9962,67,,,1,100,,9964,67,,,1,98,,9948,67,,,1,98,,9949,67,,,1,99,,9946,67,,,1,99,,9951,67,,,1,99,,9953,67,,,1,98,,9947,67,,,1,101,,9952,67,,,1,99,,9954,67,,,1
7304,'SAM',544,,9987,67,,,1,70,,9975,67,,,1,104,,9979,67,,,1,99,,9967,67,,,1,101,,9983,67,,,1,102,,9981,67,,,1,102,,9968,67,,,1,101,,9980,67,,,1,99,,9984,67,,,1,101,,9982,67,,,1,101,,9965,67,,,1,102,,9985,67,,,1,99,,9986,67,,,1,98,,9971,67,,,1,98,,9966,67,,,1,99,,9973,67,,,1,99,,9972,67,,,1,99,,9969,67,,,1,98,,9970,67,,,1,101,,9974,67,,,1,99,,9976,67,,,1,100,,9978,67,,,1,99,,9977,67,,,1
7304,'SEM',508,,10017,67,,,1,44,,10015,67,,,1,81,,10026,67,,,1,18,,10028,67,,,1,66,,10027,67,,,1,12,,9994,67,,,1,12,,10023,67,,,1,13,,10000,67,,,1,61,,10003,67,,,1,16,,10024,67,,,1,15,,9995,67,,,1,66,,9992,67,,,1,29,,9998,67,,,1,82,,10007,67,,,1,29,,9993,67,,,1,70,,9990,67,,,1,30,,10029,67,,,1,70,,10002,67,,,1,35,,9996,67,,,1,66,,10025,67,,,1,30,,9997,67,,,1,70,,10004,67,,,1,30,,10030,67,,,1,72,,9991,67,,,1,82,,10005,67,,,1,13,,11305,67,,,1,19,,9988,67,,,1,75,,9999,67,,,1,15,,10012,67,,,1,25,,10011,67,,,1,73,,10001,67,,,1,74,,10018,67,,,1,23,,10016,67,,,1,32,,10008,67,,,1,66,,10014,67,,,1,31,,10020,67,,,1,71,,10006,67,,,1,27,,10009,67,,,1,70,,10021,67,,,1,29,,10010,67,,,1,70,,10013,67,,,1,100,,10019,67,,,1,94,,10022,67,,,1
7402,'DIM',644,,10092,80,,,2,102,,10096,80,,,2,102,,10095,80,,,2,101,,10097,80,,,2,102,,10099,80,,,2,101,,10088,80,,,2,100,,10093,80,,,2,101,,10094,80,,,2,102,,10098,80,,,2,99,,10100,80,,,2,99,,10101,80,,,2,100,,10085,80,,,2,98,,10087,80,,,2,98,,10089,80,,,2,99,,10091,80,,,2,100,,10090,80,,,2,99,,10086,80,,,2
7402,'SAM',644,,10112,80,,,2,102,,10115,80,,,2,100,,10103,80,,,2,101,,10117,80,,,2,104,,10116,80,,,2,101,,10111,80,,,2,99,,10114,80,,,2,101,,10113,80,,,2,103,,10102,80,,,2,99,,10118,80,,,2,100,,10105,80,,,2,97,,10106,80,,,2,98,,10107,80,,,2,100,,10110,80,,,2,98,,10104,80,,,2,100,,10108,80,,,2,99,,10109,80,,,2
7402,'SEM',607,,10136,80,,,2,48,,10137,80,,,2,56,,10122,80,,,2,47,,10126,80,,,2,96,,10121,80,,,2,98,,10124,80,,,2,98,,10133,80,,,2,100,,10125,80,,,2,100,,10134,80,,,2,100,,10119,80,,,2,100,,10123,80,,,2,106,,10120,80,,,2,99,,10128,80,,,2,101,,10132,80,,,2,96,,10127,80,,,2,98,,10131,80,,,2,99,,10135,80,,,2,99,,10130,80,,,2,100,,10129,80,,,2
