2402,'DIM',731,,532,46,,,1,106,,6407,46,,,1,100,,6403,46,,,1,99,,6409,46,,,1,71,,6406,46,,,1,29,,540,46,,,1,71,,6412,46,,,1,26,,6416,46,,,1,77,,6417,46,,,1,30,,6410,46,,,1,71,,6413,46,,,1,23,,6418,46,,,1,74,,6408,46,,,1,27,,6395,46,,,1,75,,6415,46,,,1,35,,6398,46,,,1,65,,6419,46,,,1,35,,6411,46,,,1,65,,6396,46,,,1,35,,6414,46,,,1,95,,6399,46,,,1,99,,6397,46,,,1,98,,6405,46,,,1,99,,6400,46,,,1,93,,6401,46,,,1,100,,6404,46,,,1,105,,6402,46,,,1
2402,'SAM',634,,6447,46,,,1,97,,6436,46,,,1,107,,6432,46,,,1,99,,6445,46,,,1,99,,6437,46,,,1,70,,6446,46,,,1,30,,6440,46,,,1,71,,6421,46,,,1,29,,6433,46,,,1,74,,6435,46,,,1,32,,6420,46,,,1,67,,6434,46,,,1,35,,6438,46,,,1,71,,6442,46,,,1,20,,6439,46,,,1,73,,6441,46,,,1,32,,6443,46,,,1,70,,6425,46,,,1,36,,6423,46,,,1,64,,6444,46,,,1,30,,6426,46,,,1,100,,6424,46,,,1,100,,6429,46,,,1,97,,6422,46,,,1,99,,6427,46,,,1,95,,6428,46,,,1,102,,6431,46,,,1,101,,6430,46,,,1
2402,'SEM',559,,6459,46,,,1,84,,6471,46,,,1,79,,6449,46,,,1,20,,6452,46,,,1,69,,6458,46,,,1,25,,6454,46,,,1,71,,6455,46,,,1,29,,6476,46,,,1,69,,6460,46,,,1,30,,6456,46,,,1,70,,6482,46,,,1,30,,6485,46,,,1,70,,6448,46,,,1,30,,6481,46,,,1,70,,6483,46,,,1,30,,6453,46,,,1,71,,6484,46,,,1,30,,6457,46,,,1,72,,6450,46,,,1,32,,6461,46,,,1,67,,6467,46,,,1,20,,6451,46,,,1,22,,6474,46,,,1,56,,6466,46,,,1,17,,6462,46,,,1,12,,6470,46,,,1,16,,6465,46,,,1,59,,6475,46,,,1,19,,6463,46,,,1,19,,6464,46,,,1,58,,6480,46,,,1,54,,6473,46,,,1,99,,6469,46,,,1,142,,6468,46,,,1,56,,6472,46,,,1,144,,6477,46,,,1,58,,6479,46,,,1,90,,6478,46,,,1
2602,'DIM',557,,6683,7,,,2,82,,767,32,,,2,63,,6670,32,,,2,27,,782,32,,,2,30,,6675,32,,,2,71,,6671,32,,,2,71,,6668,32,,,2,30,,6678,32,,,2,70,,6672,32,,,2,25,,6674,32,,,2,25,,6677,32,,,2,60,,6682,32,,,2,20,,6667,32,,,2,20,,6639,32,,,2,60,,6676,32,,,2,20,,6643,32,,,2,20,,6679,32,,,2,60,,6665,32,,,2,23,,6666,32,,,2,18,,6669,32,,,2,60,,6644,32,,,2,18,,6673,32,,,2,22,,6645,32,,,2,60,,6647,32,,,2,20,,6648,32,,,2,20,,6650,32,,,2,62,,6681,32,,,2,17,,6654,32,,,2,21,,6656,32,,,2,63,,6660,32,,,2,42,,6680,32,,,2,70,,6657,32,,,2,30,,6649,32,,,2,69,,6642,32,,,2,30,,6640,32,,,2,70,,6646,32,,,2,29,,6655,32,,,2,70,,6641,32,,,2,29,,6653,32,,,2,70,,6651,32,,,2,30,,6663,32,,,2,69,,6661,32,,,2,30,,6652,32,,,2,69,,6658,32,,,2,30,,6659,32,,,2,85,,6662,32,,,2,78,,6664,32,,,2
2602,'SAM',557,,6729,7,,,2,82,,6714,32,,,2,63,,6717,32,,,2,27,,834,32,,,2,72,,6720,32,,,2,29,,6722,32,,,2,71,,6710,32,,,2,30,,6721,32,,,2,70,,6715,32,,,2,24,,6712,32,,,2,24,,6724,32,,,2,62,,6727,32,,,2,20,,6685,32,,,2,20,,6716,32,,,2,60,,6684,32,,,2,20,,6718,32,,,2,20,,6728,32,,,2,62,,6711,32,,,2,19,,6713,32,,,2,20,,6726,32,,,2,59,,6719,32,,,2,20,,6725,32,,,2,21,,6686,32,,,2,60,,6687,32,,,2,20,,6690,32,,,2,19,,6691,32,,,2,62,,6688,32,,,2,19,,6697,32,,,2,22,,6698,32,,,2,60,,6694,32,,,2,43,,6723,32,,,2,70,,6699,32,,,2,30,,6700,32,,,2,72,,6702,32,,,2,25,,6708,32,,,2,73,,6692,32,,,2,28,,6701,32,,,2,72,,6703,32,,,2,28,,6695,32,,,2,69,,6689,32,,,2,29,,6704,32,,,2,70,,6696,32,,,2,25,,6693,32,,,2,74,,6705,32,,,2,28,,6706,32,,,2,87,,6709,32,,,2,79,,6707,32,,,2
2602,'SEM',516,,6763,32,,,2,32,,6730,32,,,2,56,,6797,7,,,2,10,,6791,32,,,2,25,,11210,32,,,2,14,,6788,32,,,2,60,,6787,32,,,2,25,,6794,32,,,2,19,,6752,32,,,2,53,,6747,32,,,2,13,,6736,32,,,2,15,,6753,32,,,2,14,,6755,32,,,2,55,,6750,32,,,2,22,,6795,32,,,2,18,,6741,32,,,2,57,,6746,32,,,2,23,,6754,32,,,2,20,,6757,32,,,2,60,,6786,32,,,2,20,,6737,32,,,2,20,,6731,32,,,2,60,,6760,32,,,2,21,,6785,32,,,2,20,,6790,32,,,2,60,,6745,32,,,2,20,,6744,32,,,2,20,,6793,32,,,2,60,,6796,32,,,2,20,,6759,32,,,2,19,,6738,32,,,2,60,,6792,32,,,2,18,,6735,32,,,2,6,,6732,32,,,2,4,,6733,32,,,2,6,,6756,32,,,2,16,,6742,32,,,2,56,,6748,32,,,2,16,,6739,32,,,2,17,,6740,32,,,2,8,,6773,32,,,2,48,,6765,32,,,2,8,,6775,32,,,2,8,,6767,32,,,2,8,,6734,32,,,2,8,,6751,32,,,2,6,,6743,32,,,2,9,,6764,32,,,2,52,,6749,32,,,2,9,,6758,32,,,2,20,,6778,32,,,2,18,,6766,32,,,2,60,,6780,32,,,2,19,,6769,32,,,2,19,,6761,32,,,2,60,,6779,32,,,2,20,,6762,32,,,2,20,,6782,32,,,2,60,,6768,32,,,2,20,,6772,32,,,2,30,,6771,32,,,2,75,,6774,32,,,2,79,,6776,32,,,2,29,,6781,32,,,2,64,,6770,32,,,2,35,,6784,32,,,2,65,,6777,32,,,2,40,,6783,32,,,2
6602,'DIM',723,,9636,42,,,1,105,,3688,42,,,1,102,,9644,42,,,1,101,,3696,42,,,1,103,,9632,42,,,1,99,,9645,42,,,1,101,,9642,42,,,1,173,,9634,42,,,1,94,,9643,42,,,1,36,,9633,42,,,1,70,,9639,42,,,1,30,,9631,42,,,1,70,,9646,42,,,1,28,,9637,42,,,1,98,,9640,42,,,1,100,,9638,42,,,1,98,,9635,42,,,1,99,,9641,42,,,1
6602,'SAM',723,,9656,42,,,1,102,,9658,42,,,1,99,,9660,42,,,1,107,,9663,42,,,1,103,,9659,42,,,1,99,,9661,42,,,1,101,,9647,42,,,1,173,,9649,42,,,1,100,,9652,42,,,1,30,,9664,42,,,1,70,,9655,42,,,1,30,,9651,42,,,1,70,,9662,42,,,1,28,,9653,42,,,1,99,,9657,42,,,1,99,,9654,42,,,1,98,,9648,42,,,1,99,,9650,42,,,1
6602,'SEM',704,,9680,42,,,1,103,,9681,42,,,1,101,,9671,42,,,1,105,,9674,42,,,1,100,,9673,42,,,1,106,,9666,42,,,1,100,,9669,42,,,1,100,,9665,42,,,1,32,,9667,42,,,1,92,,9668,42,,,1,96,,9672,42,,,1,104,,9670,42,,,1,98,,9677,42,,,1,98,,9675,42,,,1,99,,9676,42,,,1,98,,9678,42,,,1,71,,9679,42,,,1
22602,'SEM',1549,,10862,32,,,2,57,,10866,32,,,2,15,,10863,32,,,2,17,,10860,32,,,2,182,,10861,32,,,2,19,,10864,32,,,2,20,,10865,32,,,2
