2201,'DIM',646,,6206,43,,,2,100,,6207,43,,,2,104,,6204,43,,,2,100,,6211,43,,,2,100,,6202,43,,,2,101,,6209,43,,,2,99,,6205,43,,,2,103,,6210,43,,,2,95,,6208,43,,,2,97,,6213,43,,,2,104,,6199,43,,,2,103,,6212,43,,,2,98,,6203,43,,,2,101,,6201,43,,,2,100,,6198,43,,,2,100,,6200,43,,,2
2201,'SAM',647,,6225,43,,,2,101,,6216,43,,,2,100,,6226,43,,,2,103,,6227,43,,,2,100,,6228,43,,,2,98,,6229,43,,,2,100,,6230,43,,,2,104,,6215,43,,,2,95,,6218,43,,,2,99,,6214,43,,,2,102,,6219,43,,,2,101,,6221,43,,,2,100,,6224,43,,,2,102,,6217,43,,,2,100,,6222,43,,,2,98,,6220,43,,,2,101,,6223,43,,,2
2201,'SEM',639,,6250,43,,,2,73,,6249,43,,,2,29,,6232,43,,,2,94,,6236,43,,,2,80,,6238,43,,,2,34,,6233,43,,,2,98,,6237,43,,,2,100,,6244,43,,,2,100,,6239,43,,,2,100,,6231,43,,,2,95,,6234,43,,,2,107,,6235,43,,,2,102,,6246,43,,,2,100,,6241,43,,,2,100,,6242,43,,,2,96,,6248,43,,,2,100,,6240,43,,,2,100,,6243,43,,,2,100,,6247,43,,,2,101,,6245,43,,,2
5001,'DIM',547,,8425,50,,,1,100,,8438,50,,,1,101,,8432,50,,,1,101,,8437,50,,,1,101,,8440,50,,,1,66,,8431,50,,,1,32,,8433,50,,,1,68,,8444,50,,,1,39,,8436,50,,,1,68,,8434,50,,,1,77,,8443,50,,,1,24,,8430,50,,,1,35,,8435,50,,,1,62,,8419,50,,,1,33,,8421,50,,,1,71,,8418,50,,,1,34,,8441,50,,,1,66,,8439,50,,,1,76,,8426,50,,,1,41,,8442,50,,,1,61,,8428,50,,,1,97,,8429,50,,,1,101,,8420,50,,,1,99,,8423,50,,,1,100,,8422,50,,,1,59,,8424,50,,,1,100,,8427,50,,,1
5001,'SAM',547,,8452,50,,,1,100,,8445,50,,,1,101,,8462,50,,,1,103,,8466,50,,,1,102,,8458,50,,,1,63,,8468,50,,,1,35,,8471,50,,,1,68,,8460,50,,,1,36,,8467,50,,,1,66,,8469,50,,,1,34,,8461,50,,,1,68,,8463,50,,,1,34,,8470,50,,,1,71,,8448,50,,,1,72,,8464,50,,,1,23,,8447,50,,,1,32,,8465,50,,,1,70,,8453,50,,,1,76,,8455,50,,,1,41,,8446,50,,,1,61,,8454,50,,,1,100,,8456,50,,,1,98,,8449,50,,,1,100,,8450,50,,,1,100,,8457,50,,,1,58,,8451,50,,,1,100,,8459,50,,,1
5001,'SEM',543,,8497,50,,,1,99,,8499,50,,,1,82,,8481,50,,,1,20,,8503,50,,,1,77,,8474,50,,,1,28,,8483,50,,,1,67,,8478,50,,,1,30,,8500,50,,,1,69,,8501,50,,,1,30,,8484,50,,,1,70,,8479,50,,,1,30,,8477,50,,,1,71,,8502,50,,,1,31,,8498,50,,,1,70,,8473,50,,,1,30,,8488,50,,,1,70,,8475,50,,,1,31,,8472,50,,,1,90,,8480,50,,,1,67,,8485,50,,,1,30,,8482,50,,,1,70,,8476,50,,,1,30,,8491,50,,,1,69,,8486,50,,,1,30,,8489,50,,,1,25,,8487,50,,,1,79,,8493,50,,,1,104,,8495,50,,,1,104,,8490,50,,,1,104,,8492,50,,,1,101,,8494,50,,,1,104,,8496,50,,,1,91,,8504,40,,,1
5801,'DIM',547,,8918,58,,,2,101,,8910,58,,,2,91,,2987,58,,,2,103,,8908,58,,,2,100,,8909,58,,,2,99,,8914,58,,,2,100,,8911,58,,,2,101,,8907,58,,,2,100,,8912,58,,,2,100,,8916,58,,,2,98,,8913,58,,,2,109,,8917,58,,,2,94,,8901,58,,,2,102,,8915,58,,,2,97,,8906,58,,,2,100,,8903,58,,,2,99,,8905,58,,,2,100,,8902,58,,,2,98,,8900,58,,,2,109,,8904,58,,,2
5801,'SAM',552,,8935,58,,,2,96,,8931,58,,,2,94,,8933,58,,,2,100,,8936,58,,,2,100,,8921,58,,,2,99,,8923,58,,,2,103,,8934,58,,,2,98,,8926,58,,,2,105,,8932,58,,,2,94,,8919,58,,,2,111,,8920,58,,,2,99,,8938,58,,,2,100,,8937,58,,,2,88,,8928,58,,,2,107,,8925,58,,,2,96,,8922,58,,,2,99,,8924,58,,,2,100,,8929,58,,,2,98,,8930,58,,,2,109,,8927,58,,,2
5801,'SEM',536,,8943,58,,,2,69,,8965,58,,,2,43,,8963,58,,,2,72,,8967,40,,,2,10,,8939,58,,,2,89,,8940,58,,,2,83,,8949,58,,,2,100,,8948,58,,,2,100,,8962,58,,,2,100,,8944,58,,,2,100,,8964,58,,,2,100,,8946,58,,,2,42,,8945,58,,,2,87,,8966,58,,,2,71,,8952,58,,,2,32,,8950,58,,,2,20,,8947,58,,,2,59,,8942,58,,,2,20,,8953,58,,,2,20,,8957,58,,,2,55,,8941,58,,,2,24,,8960,58,,,2,19,,8954,58,,,2,69,,8951,58,,,2,99,,8959,58,,,2,100,,8955,58,,,2,100,,8958,58,,,2,105,,8956,58,,,2,99,,8961,58,,,2
22201,'DIM',1416,,10829,43,,,2,815,,10827,43,,,2,84,,10828,43,,,2
22201,'SAM',1417,,10834,43,,,2,814,,10833,43,,,2,82,,10832,43,,,2,102,,10830,43,,,2,112,,10831,43,,,2
22201,'SEM',720,,10836,43,,,2,10,,10835,43,,,2,682,,10840,43,,,2,106,,10841,43,,,2,101,,10839,43,,,2,102,,10838,43,,,2,90,,10837,43,,,2,621,,10842,43,,,2
32201,'DIM',528,,10973,44,,,2,798,,10975,43,,,2,802,,10974,43,,,2
32201,'SAM',528,,10976,44,,,2,798,,10977,43,,,2
32201,'SEM',529,,10978,44,,,2,18,,10979,44,,,2,69,,10980,44,,,2,711,,10982,43,,,2,798,,10981,43,,,2
