3904,'DIM',854,,1465,66,,,1,101,,7336,66,,,1,95,,7342,66,,,1,54,,7340,66,,,1,35,,7344,66,,,1,68,,7349,66,,,1,34,,7337,66,,,1,71,,7348,66,,,1,31,,7335,66,,,1,69,,7330,66,,,1,36,,7339,66,,,1,65,,7338,66,,,1,28,,7343,66,,,1,67,,7346,66,,,1,35,,7345,66,,,1,70,,7332,66,,,1,29,,7341,66,,,1,70,,7347,66,,,1,39,,7333,66,,,1,85,,7328,66,,,1,99,,7331,66,,,1,97,,7334,66,,,1,99,,7329,66,,,1
3904,'SAM',854,,7364,66,,,1,103,,7363,66,,,1,93,,7365,66,,,1,54,,7369,66,,,1,37,,7366,66,,,1,70,,7361,66,,,1,30,,7368,66,,,1,71,,7370,66,,,1,30,,7360,66,,,1,70,,7359,66,,,1,35,,7362,66,,,1,69,,7350,66,,,1,29,,7351,66,,,1,65,,7367,66,,,1,33,,7354,66,,,1,70,,7371,66,,,1,29,,7355,66,,,1,70,,7357,66,,,1,39,,7352,66,,,1,85,,7356,66,,,1,99,,7358,66,,,1,97,,7353,66,,,1,99,,1475,66,,,1
3904,'SEM',644,,7394,66,,,1,86,,7375,66,,,1,13,,7382,66,,,1,11,,7384,66,,,1,71,,7376,66,,,1,28,,7374,66,,,1,75,,11141,66,,,1,25,,7383,66,,,1,70,,7397,66,,,1,29,,7381,66,,,1,70,,7393,66,,,1,30,,7391,66,,,1,70,,7373,66,,,1,30,,7396,66,,,1,71,,7392,66,,,1,30,,7395,66,,,1,75,,7380,66,,,1,30,,7378,66,,,1,71,,7372,66,,,1,73,,7377,66,,,1,106,,7386,66,,,1,105,,7379,66,,,1,101,,7390,66,,,1,99,,7388,66,,,1,99,,7389,66,,,1,99,,7387,66,,,1
4202,'DIM',522,,7724,97,,,2,80,,7761,97,,,2,28,,7734,97,,,2,72,,7721,97,,,2,30,,7745,97,,,2,70,,7743,97,,,2,33,,7748,97,,,2,71,,7751,97,,,2,32,,7722,97,,,2,74,,7756,97,,,2,31,,7753,97,,,2,70,,7759,97,,,2,15,,7746,97,,,2,19,,7752,97,,,2,62,,7747,97,,,2,20,,7742,97,,,2,21,,1847,97,,,2,61,,7762,97,,,2,22,,7744,97,,,2,18,,7760,97,,,2,63,,7719,97,,,2,20,,7764,97,,,2,18,,7749,97,,,2,62,,7750,97,,,2,19,,7754,97,,,2,21,,7725,97,,,2,60,,7757,97,,,2,17,,7726,97,,,2,23,,7758,97,,,2,60,,7763,97,,,2,19,,7729,97,,,2,25,,7755,97,,,2,74,,7732,97,,,2,74,,7735,97,,,2,29,,7738,97,,,2,69,,7720,97,,,2,32,,7740,97,,,2,70,,7727,97,,,2,28,,7730,97,,,2,67,,7723,97,,,2,28,,7736,97,,,2,71,,7739,97,,,2,26,,7728,97,,,2,30,,7731,97,,,2,68,,7733,97,,,2,29,,7737,97,,,2,79,,7741,97,,,2
4202,'SAM',522,,7767,97,,,2,81,,7765,97,,,2,27,,7781,97,,,2,25,,7803,97,,,2,83,,7794,97,,,2,66,,7788,97,,,2,35,,7776,97,,,2,73,,7804,97,,,2,28,,7792,97,,,2,71,,7795,97,,,2,34,,7799,97,,,2,68,,7789,97,,,2,14,,7811,97,,,2,22,,7806,97,,,2,60,,7787,97,,,2,20,,7810,97,,,2,19,,7797,97,,,2,61,,7783,97,,,2,24,,7807,97,,,2,16,,7790,97,,,2,63,,7812,97,,,2,22,,7791,97,,,2,16,,7793,97,,,2,64,,7784,97,,,2,20,,7798,97,,,2,19,,7809,97,,,2,63,,7796,97,,,2,15,,7800,97,,,2,22,,7769,97,,,2,60,,7808,97,,,2,20,,7805,97,,,2,25,,7777,97,,,2,74,,7801,97,,,2,74,,7802,97,,,2,31,,7782,97,,,2,67,,7766,97,,,2,29,,7770,97,,,2,68,,7772,97,,,2,33,,7774,97,,,2,66,,7775,97,,,2,29,,7768,97,,,2,71,,7771,97,,,2,22,,7773,97,,,2,33,,7778,97,,,2,68,,7779,97,,,2,31,,7780,97,,,2,78,,7785,97,,,2,70,,7786,97,,,2
4202,'SEM',522,,7837,97,,,2,106,,7861,97,,,2,23,,7867,97,,,2,53,,7871,97,,,2,9,,7875,97,,,2,7,,7877,97,,,2,8,,7814,97,,,2,7,,7817,97,,,2,3,,7879,39,,,2,4,,7820,97,,,2,2,,7878,39,,,2,2,,7822,97,,,2,6,,7824,97,,,2,6,,7828,97,,,2,48,,7858,97,,,2,14,,7865,97,,,2,11,,7818,97,,,2,9,,7869,97,,,2,12,,7827,97,,,2,50,,7862,97,,,2,13,,7874,97,,,2,9,,7868,97,,,2,11,,7872,97,,,2,17,,7876,97,,,2,58,,7839,97,,,2,15,,7825,97,,,2,24,,7819,97,,,2,56,,7830,97,,,2,29,,7860,97,,,2,10,,7870,97,,,2,65,,7838,97,,,2,16,,7816,97,,,2,24,,7863,97,,,2,61,,7864,97,,,2,14,,7859,97,,,2,27,,7866,97,,,2,60,,7821,97,,,2,20,,7873,97,,,2,22,,7815,97,,,2,56,,7834,97,,,2,20,,7832,97,,,2,19,,7813,97,,,2,53,,7826,97,,,2,17,,7835,97,,,2,16,,7833,97,,,2,15,,7831,97,,,2,55,,7823,97,,,2,17,,7842,97,,,2,15,,7844,97,,,2,12,,7846,97,,,2,55,,7849,97,,,2,15,,7829,97,,,2,14,,7836,97,,,2,15,,7845,97,,,2,53,,7854,97,,,2,29,,7856,97,,,2,27,,7847,97,,,2,76,,7853,97,,,2,79,,7857,97,,,2,29,,7855,97,,,2,70,,7840,97,,,2,30,,7841,97,,,2,75,,7843,97,,,2,26,,7848,97,,,2,73,,7850,97,,,2,27,,7852,97,,,2,70,,7851,97,,,2
5002,'DIM',631,,8511,49,,,1,100,,8523,49,,,1,102,,8518,49,,,1,101,,8524,49,,,1,102,,8527,49,,,1,64,,8517,49,,,1,32,,8519,49,,,1,68,,8530,49,,,1,39,,8522,49,,,1,68,,8520,49,,,1,38,,8529,49,,,1,64,,8516,49,,,1,36,,8521,49,,,1,61,,8525,49,,,1,34,,8507,49,,,1,71,,8505,49,,,1,34,,8528,49,,,1,66,,8526,49,,,1,35,,8512,49,,,1,101,,8514,49,,,1,98,,8515,49,,,1,99,,8506,49,,,1,100,,8509,49,,,1,100,,8508,49,,,1,96,,8510,49,,,1,100,,8513,49,,,1
5002,'SAM',626,,8536,49,,,1,105,,8544,49,,,1,102,,8547,49,,,1,101,,8551,49,,,1,103,,8542,49,,,1,63,,8553,49,,,1,36,,8556,49,,,1,67,,8545,49,,,1,36,,8552,49,,,1,66,,8554,49,,,1,35,,8546,49,,,1,68,,8548,49,,,1,35,,8555,49,,,1,71,,8532,49,,,1,32,,8549,49,,,1,63,,8531,49,,,1,32,,8550,49,,,1,70,,8537,49,,,1,35,,8539,49,,,1,101,,8538,49,,,1,98,,8540,49,,,1,99,,8533,49,,,1,100,,8534,49,,,1,99,,8541,49,,,1,97,,8535,49,,,1,100,,8543,49,,,1
5002,'SEM',521,,8563,49,,,1,36,,8586,49,,,1,70,,2661,49,,,1,31,,8559,49,,,1,73,,8587,49,,,1,17,,8571,49,,,1,71,,8558,49,,,1,17,,8568,49,,,1,72,,8557,49,,,1,29,,8572,49,,,1,66,,8565,49,,,1,30,,8588,49,,,1,70,,8589,49,,,1,30,,8573,49,,,1,70,,8566,49,,,1,30,,8564,49,,,1,70,,8590,49,,,1,31,,8585,49,,,1,70,,8560,49,,,1,30,,8576,49,,,1,80,,8561,49,,,1,41,,8577,49,,,1,76,,8569,49,,,1,27,,8574,49,,,1,66,,8570,49,,,1,30,,8562,49,,,1,68,,8567,49,,,1,28,,8575,49,,,1,70,,8582,49,,,1,104,,8580,49,,,1,105,,8583,49,,,1,100,,8578,49,,,1,110,,8579,49,,,1,99,,8581,49,,,1,96,,8584,49,,,1
6002,'DIM',708,,9084,28,,,1,100,,9093,28,,,1,101,,9092,28,,,1,101,,9096,28,,,1,100,,9094,28,,,1,102,,9098,28,,,1,100,,9095,28,,,1,100,,9097,28,,,1,100,,9099,28,,,1,99,,9083,28,,,1,99,,9100,28,,,1,100,,9090,28,,,1,98,,9086,28,,,1,101,,9085,28,,,1,100,,9088,28,,,1,100,,9087,28,,,1,100,,9089,28,,,1,98,,9091,28,,,1
6002,'SAM',708,,9114,28,,,1,100,,9113,28,,,1,95,,9116,28,,,1,107,,9112,28,,,1,100,,9110,28,,,1,102,,9118,28,,,1,100,,9117,28,,,1,97,,9111,28,,,1,103,,9115,28,,,1,99,,9102,28,,,1,99,,9106,28,,,1,100,,9107,28,,,1,98,,9101,28,,,1,101,,9105,28,,,1,100,,9103,28,,,1,100,,9109,28,,,1,100,,9108,28,,,1,98,,9104,28,,,1
6002,'SEM',645,,9119,28,,,1,159,,9135,28,,,1,42,,9134,28,,,1,102,,9122,28,,,1,96,,9121,28,,,1,100,,9123,28,,,1,100,,9137,28,,,1,100,,9136,28,,,1,97,,9124,28,,,1,104,,9120,28,,,1,102,,9125,28,,,1,98,,9131,28,,,1,99,,9127,28,,,1,98,,9130,28,,,1,98,,9133,28,,,1,99,,9126,28,,,1,100,,9129,28,,,1,89,,9128,28,,,1,100,,9132,28,,,1
6103,'DIM',737,,9151,5,,,2,101,,9152,5,,,2,99,,3228,5,,,2,101,,9149,5,,,2,100,,9153,5,,,2,105,,9150,5,,,2,97,,9148,5,,,2,103,,9140,5,,,2,101,,9143,5,,,2,100,,9142,5,,,2,100,,9144,5,,,2,94,,9154,5,,,2,100,,9145,5,,,2,99,,9138,5,,,2,100,,9139,5,,,2,100,,9141,5,,,2,100,,9147,5,,,2,100,,9146,5,,,2
6103,'SAM',737,,9163,5,,,2,101,,9170,5,,,2,97,,9172,5,,,2,103,,9167,5,,,2,106,,9171,5,,,2,99,,9155,5,,,2,100,,9168,5,,,2,95,,9157,5,,,2,103,,9169,5,,,2,101,,9161,5,,,2,101,,9156,5,,,2,95,,9165,5,,,2,100,,9158,5,,,2,99,,9164,5,,,2,100,,9159,5,,,2,100,,9162,5,,,2,100,,9160,5,,,2,103,,9166,5,,,2
6103,'SEM',602,,9195,5,,,2,98,,9180,5,,,2,103,,9176,5,,,2,100,,9179,5,,,2,100,,9177,5,,,2,100,,9196,5,,,2,100,,9197,5,,,2,100,,9174,5,,,2,100,,9175,5,,,2,31,,9173,5,,,2,85,,9184,5,,,2,11,,9185,5,,,2,72,,9188,5,,,2,27,,9190,5,,,2,29,,9178,5,,,2,71,,9186,5,,,2,30,,9194,5,,,2,71,,9181,5,,,2,28,,9182,5,,,2,75,,9191,5,,,2,87,,9192,5,,,2,93,,9183,5,,,2,99,,9189,5,,,2,99,,9187,5,,,2,108,,9193,5,,,2
6303,'DIM',748,,9273,28,,,1,100,,9267,28,,,1,103,,9269,28,,,1,94,,9268,28,,,1,106,,9274,28,,,1,95,,9270,28,,,1,103,,9272,28,,,1,103,,9271,28,,,1,98,,9275,28,,,1,102,,9258,28,,,1,105,,9276,28,,,1,93,,9259,28,,,1,99,,9260,28,,,1,100,,9263,28,,,1,100,,9261,28,,,1,100,,9264,28,,,1,99,,9262,28,,,1,100,,9265,28,,,1,99,,9266,28,,,1
6303,'SAM',647,,9289,28,,,1,101,,9283,28,,,1,100,,9292,28,,,1,103,,9291,28,,,1,102,,9293,28,,,1,98,,9295,28,,,1,96,,9290,28,,,1,104,,9296,28,,,1,105,,9279,28,,,1,95,,9294,28,,,1,101,,9277,28,,,1,100,,9280,28,,,1,104,,9278,28,,,1,93,,9281,28,,,1,100,,9284,28,,,1,100,,9282,28,,,1,100,,9285,28,,,1,99,,9286,28,,,1,100,,9288,28,,,1,99,,9287,28,,,1
6303,'SEM',607,,9323,28,,,1,19,,9330,28,,,1,19,,9328,28,,,1,78,,9329,28,,,1,16,,9297,28,,,1,69,,9308,28,,,1,24,,9310,28,,,1,75,,9312,28,,,1,33,,9299,28,,,1,64,,9298,28,,,1,30,,9331,28,,,1,70,,9303,28,,,1,31,,9304,28,,,1,70,,9309,28,,,1,30,,9332,28,,,1,70,,9300,28,,,1,31,,9301,28,,,1,69,,9302,28,,,1,31,,9305,28,,,1,74,,9306,28,,,1,22,,9314,28,,,1,75,,9311,28,,,1,15,,9318,28,,,1,30,,9321,28,,,1,71,,9307,28,,,1,24,,9313,28,,,1,65,,9317,28,,,1,90,,9320,28,,,1,42,,9322,28,,,1,95,,9315,28,,,1,98,,9316,28,,,1,85,,9319,28,,,1,104,,9324,28,,,1,99,,9326,28,,,1,105,,9325,28,,,1,91,,9327,28,,,1
6503,'DIM',714,,9418,5,,,2,101,,9421,5,,,2,100,,9422,5,,,2,96,,9417,5,,,2,104,,9423,5,,,2,102,,9405,5,,,2,99,,9420,5,,,2,94,,9406,5,,,2,107,,9419,5,,,2,98,,9407,5,,,2,102,,9413,5,,,2,102,,9411,5,,,2,96,,9408,5,,,2,100,,9410,5,,,2,100,,9409,5,,,2,100,,9412,5,,,2,99,,9414,5,,,2,99,,9415,5,,,2,100,,9416,5,,,2
6503,'SAM',714,,9435,5,,,2,101,,9436,5,,,2,100,,9441,5,,,2,97,,9439,5,,,2,104,,9443,5,,,2,101,,9438,5,,,2,99,,9437,5,,,2,100,,9424,5,,,2,101,,9442,5,,,2,102,,9440,5,,,2,95,,9444,5,,,2,101,,9430,5,,,2,101,,9426,5,,,2,99,,9433,5,,,2,100,,9425,5,,,2,100,,9427,5,,,2,99,,9432,5,,,2,99,,9428,5,,,2,100,,9429,5,,,2,45,,9431,5,,,2,80,,9434,5,,,2
6503,'SEM',601,,9475,5,,,2,23,,9482,5,,,2,30,,9489,5,,,2,62,,9446,5,,,2,21,,9449,5,,,2,81,,9481,5,,,2,30,,9453,5,,,2,73,,9486,5,,,2,30,,9450,5,,,2,70,,9485,5,,,2,26,,9484,5,,,2,70,,9468,5,,,2,30,,9483,5,,,2,70,,9445,5,,,2,30,,9487,5,,,2,70,,9454,5,,,2,30,,9455,5,,,2,70,,9457,5,,,2,31,,9463,5,,,2,65,,9464,5,,,2,15,,9466,5,,,2,15,,9448,5,,,2,15,,9474,5,,,2,52,,9461,5,,,2,11,,9488,5,,,2,14,,9451,5,,,2,11,,9456,5,,,2,10,,9452,5,,,2,55,,9447,5,,,2,16,,9467,5,,,2,15,,9470,5,,,2,15,,9480,5,,,2,56,,9479,5,,,2,15,,9459,5,,,2,15,,9465,5,,,2,60,,9472,5,,,2,15,,9469,5,,,2,30,,9458,5,,,2,70,,9460,5,,,2,30,,9462,5,,,2,70,,9478,5,,,2,23,,9473,5,,,2,106,,9471,5,,,2,100,,9477,5,,,2,100,,9476,5,,,2
7001,'DIM',655,,9696,5,,,1,100,,9699,5,,,1,101,,9698,5,,,1,100,,9702,5,,,1,65,,9703,5,,,1,30,,9705,5,,,1,64,,9700,5,,,1,41,,9704,5,,,1,60,,9701,5,,,1,37,,9707,5,,,1,71,,9706,5,,,1,32,,9683,5,,,1,61,,9697,5,,,1,38,,9682,5,,,1,60,,9687,5,,,1,34,,9684,5,,,1,76,,9689,5,,,1,33,,9686,5,,,1,75,,9688,5,,,1,70,,9693,5,,,1,54,,9691,5,,,1,100,,9690,5,,,1,100,,9685,5,,,1,101,,9694,5,,,1,98,,9695,5,,,1,98,,9692,5,,,1
7001,'SAM',655,,9728,5,,,1,100,,9726,5,,,1,101,,9731,5,,,1,100,,9727,5,,,1,66,,9733,5,,,1,27,,9732,5,,,1,67,,9730,5,,,1,40,,9708,5,,,1,64,,9709,5,,,1,32,,9729,5,,,1,67,,9711,5,,,1,33,,9725,5,,,1,64,,9710,5,,,1,39,,9713,5,,,1,69,,9714,5,,,1,27,,9717,5,,,1,72,,9712,5,,,1,35,,9718,5,,,1,75,,9719,5,,,1,70,,9722,5,,,1,54,,9721,5,,,1,100,,9723,5,,,1,100,,9720,5,,,1,101,,9716,5,,,1,99,,9715,5,,,1,97,,9724,5,,,1
7001,'SEM',513,,9735,5,,,1,16,,9769,5,,,1,26,,9739,5,,,1,54,,9768,5,,,1,26,,9748,5,,,1,69,,9767,5,,,1,37,,9738,5,,,1,15,,9743,5,,,1,73,,9734,5,,,1,28,,9744,5,,,1,67,,9745,5,,,1,35,,9740,5,,,1,67,,9765,5,,,1,30,,9766,5,,,1,71,,9754,5,,,1,29,,9737,5,,,1,71,,9736,5,,,1,30,,9741,5,,,1,72,,9746,5,,,1,28,,9747,5,,,1,74,,9749,5,,,1,69,,9751,5,,,1,26,,9755,5,,,1,24,,9757,5,,,1,79,,9742,5,,,1,30,,9760,5,,,1,73,,9761,5,,,1,68,,9756,5,,,1,42,,9752,5,,,1,77,,9750,5,,,1,83,,9759,5,,,1,101,,9753,5,,,1,104,,9758,5,,,1,104,,9763,5,,,1,93,,9762,5,,,1,135,,9764,5,,,1
7602,'DIM',607,,10243,5,,,2,97,,10258,5,,,2,100,,10250,5,,,2,100,,10261,5,,,2,30,,10265,5,,,2,70,,10259,5,,,2,29,,10263,5,,,2,70,,10246,5,,,2,31,,10251,5,,,2,70,,10248,5,,,2,31,,10262,5,,,2,70,,10239,5,,,2,30,,10252,5,,,2,69,,10257,5,,,2,30,,10244,5,,,2,71,,4282,5,,,2,30,,10264,5,,,2,70,,10266,5,,,2,30,,10245,5,,,2,75,,10260,5,,,2,25,,10249,5,,,2,70,,10241,5,,,2,99,,10240,5,,,2,100,,10242,5,,,2,100,,10255,5,,,2,100,,10247,5,,,2,101,,10253,5,,,2,100,,10254,5,,,2,100,,10256,5,,,2
7602,'SAM',607,,10286,5,,,2,98,,10283,5,,,2,98,,10291,5,,,2,101,,10284,5,,,2,30,,10277,5,,,2,70,,10288,5,,,2,29,,10293,5,,,2,68,,10292,5,,,2,33,,10285,5,,,2,25,,10270,5,,,2,76,,10281,5,,,2,70,,10289,5,,,2,30,,10290,5,,,2,69,,10295,5,,,2,31,,10282,5,,,2,68,,10287,5,,,2,32,,10267,5,,,2,70,,10294,5,,,2,30,,10296,5,,,2,70,,10272,5,,,2,25,,10271,5,,,2,72,,10275,5,,,2,102,,10279,5,,,2,101,,10276,5,,,2,102,,10268,5,,,2,100,,10269,5,,,2,103,,10273,5,,,2,95,,10278,5,,,2,97,,10274,5,,,2,104,,10280,5,,,2
7602,'SEM',554,,10318,5,,,2,61,,10330,5,,,2,12,,10332,5,,,2,10,,10334,5,,,2,13,,10331,5,,,2,63,,10313,5,,,2,26,,10305,5,,,2,64,,10310,5,,,2,19,,10297,5,,,2,20,,10300,5,,,2,67,,10307,5,,,2,30,,10333,5,,,2,71,,10312,5,,,2,29,,10337,5,,,2,70,,10329,5,,,2,30,,10335,5,,,2,68,,10336,5,,,2,29,,10303,5,,,2,76,,10311,5,,,2,25,,10299,5,,,2,20,,10309,5,,,2,67,,10306,5,,,2,30,,10316,5,,,2,61,,10320,5,,,2,18,,10301,5,,,2,20,,10308,5,,,2,60,,10302,5,,,2,20,,10298,5,,,2,19,,10304,5,,,2,62,,10317,5,,,2,20,,10323,5,,,2,20,,10322,5,,,2,60,,10319,5,,,2,19,,10314,5,,,2,73,,10325,5,,,2,30,,10324,5,,,2,100,,10315,5,,,2,100,,10321,5,,,2,99,,10327,5,,,2,99,,10328,5,,,2,114,,10326,5,,,2
90302,'DIM',830,,11084,3,,,2,99,,11082,3,,,2,95,,11083,3,,,2,100,,11085,3,,,2,104,,11086,3,,,2,94,,11087,3,,,2,101,,11081,3,,,2,104,,11078,3,,,2,104,,11088,3,,,2,95,,11079,3,,,2,102,,11080,3,,,2
90302,'SAM',830,,11094,3,,,2,99,,11098,3,,,2,99,,11095,3,,,2,96,,11093,3,,,2,99,,11092,3,,,2,104,,11089,3,,,2,100,,11096,3,,,2,100,,11097,3,,,2,100,,11099,3,,,2,99,,11090,3,,,2,102,,11091,3,,,2
90302,'SEM',724,,11109,3,,,2,101,,11117,3,,,2,103,,11103,3,,,2,100,,11118,3,,,2,99,,11108,3,,,2,97,,11119,3,,,2,100,,11105,3,,,2,84,,11102,3,,,2,108,,11100,3,,,2,13,,11110,3,,,2,21,,11101,3,,,2,58,,11106,3,,,2,35,,11114,3,,,2,64,,11116,3,,,2,35,,11104,3,,,2,67,,11107,3,,,2,91,,11113,3,,,2,59,,11115,3,,,2,146,,11111,3,,,2,99,,11112,3,,,2
