4201,'DIM',532,,7552,51,,,2,103,,7578,51,,,2,70,,7581,51,,,2,30,,7584,51,,,2,70,,7553,51,,,2,33,,7589,51,,,2,71,,7586,51,,,2,30,,7593,51,,,2,73,,7585,51,,,2,21,,7580,51,,,2,20,,7577,51,,,2,62,,7590,51,,,2,20,,7596,51,,,2,23,,7579,51,,,2,58,,7594,51,,,2,22,,7550,51,,,2,20,,7598,51,,,2,58,,7582,51,,,2,22,,7583,51,,,2,19,,7587,51,,,2,61,,7555,51,,,2,20,,7591,51,,,2,16,,7556,51,,,2,64,,7592,51,,,2,21,,7597,51,,,2,19,,7559,51,,,2,61,,7588,51,,,2,17,,7562,51,,,2,22,,7563,51,,,2,61,,7565,51,,,2,15,,7566,51,,,2,18,,7569,51,,,2,52,,7570,51,,,2,14,,7595,51,,,2,16,,7551,51,,,2,72,,7574,51,,,2,30,,7557,51,,,2,69,,7560,51,,,2,28,,7554,51,,,2,69,,7567,51,,,2,31,,7571,51,,,2,68,,7558,51,,,2,30,,7561,51,,,2,70,,7564,51,,,2,30,,7568,51,,,2,73,,7575,51,,,2,28,,7572,51,,,2,74,,7573,51,,,2,35,,7576,51,,,2
4201,'SAM',529,,7639,51,,,2,106,,7625,51,,,2,74,,7609,51,,,2,32,,7640,51,,,2,66,,7629,51,,,2,30,,7631,51,,,2,73,,7635,51,,,2,29,,7626,51,,,2,73,,7642,51,,,2,21,,7624,51,,,2,20,,7647,51,,,2,60,,7633,51,,,2,21,,7617,51,,,2,24,,7643,51,,,2,56,,7627,51,,,2,22,,7648,51,,,2,22,,7628,51,,,2,56,,7630,51,,,2,24,,7619,51,,,2,20,,7634,51,,,2,59,,7645,51,,,2,23,,7632,51,,,2,14,,7636,51,,,2,63,,7602,51,,,2,21,,7644,51,,,2,20,,7641,51,,,2,62,,7610,51,,,2,18,,7637,51,,,2,21,,7612,51,,,2,62,,7638,51,,,2,14,,7646,51,,,2,15,,7615,51,,,2,56,,7616,51,,,2,12,,7599,51,,,2,16,,7600,51,,,2,69,,7603,51,,,2,28,,7605,51,,,2,74,,7607,51,,,2,28,,7608,51,,,2,69,,7601,51,,,2,30,,7604,51,,,2,24,,7606,51,,,2,74,,7611,51,,,2,29,,7613,51,,,2,73,,7614,51,,,2,77,,7621,51,,,2,23,,7623,51,,,2,75,,7618,51,,,2,31,,7620,51,,,2,71,,7622,51,,,2
4201,'SEM',638,,7711,37,,,2,13,,7654,51,,,2,51,,7717,37,,,2,12,,7662,51,,,2,8,,7701,51,,,2,6,,7671,51,,,2,11,,7718,37,,,2,8,,7705,51,,,2,54,,7707,51,,,2,17,,7710,51,,,2,15,,7651,51,,,2,17,,7659,51,,,2,64,,7655,51,,,2,16,,7664,51,,,2,29,,7699,51,,,2,49,,7706,51,,,2,25,,7697,51,,,2,16,,7652,51,,,2,64,,7702,51,,,2,21,,7703,51,,,2,14,,7698,51,,,2,67,,7704,51,,,2,20,,7700,51,,,2,20,,7708,51,,,2,60,,7653,51,,,2,15,,7670,51,,,2,20,,7668,51,,,2,55,,7650,51,,,2,16,,7661,51,,,2,15,,7672,51,,,2,17,,7669,51,,,2,56,,7667,51,,,2,14,,7657,51,,,2,15,,7666,51,,,2,2,,7676,51,,,2,7,,7709,51,,,2,8,,7679,51,,,2,48,,7683,51,,,2,8,,7686,51,,,2,9,,7689,51,,,2,6,,7658,51,,,2,9,,7712,37,,,2,5,,7649,51,,,2,7,,7713,37,,,2,7,,7663,51,,,2,50,,7681,51,,,2,8,,7656,51,,,2,10,,7692,51,,,2,10,,7660,51,,,2,10,,7665,51,,,2,10,,7685,51,,,2,49,,7673,51,,,2,10,,7682,51,,,2,11,,7687,51,,,2,7,,7677,51,,,2,13,,7680,51,,,2,15,,7691,51,,,2,54,,7684,51,,,2,30,,7696,51,,,2,71,,7694,51,,,2,30,,7674,51,,,2,70,,7675,51,,,2,38,,7678,51,,,2,69,,7688,51,,,2,33,,7714,37,,,2,68,,7690,51,,,2,30,,7715,37,,,2,72,,7693,51,,,2,30,,7716,37,,,2,90,,7695,51,,,2
5201,'DIM',716,,8602,8,,,2,100,,8603,8,,,2,100,,8604,8,,,2,102,,8606,8,,,2,100,,8607,8,,,2,102,,8609,8,,,2,100,,8601,8,,,2,101,,8591,8,,,2,100,,8608,8,,,2,100,,8605,8,,,2,100,,8596,8,,,2,100,,8598,8,,,2,99,,8600,8,,,2,99,,8592,8,,,2,100,,8594,8,,,2,99,,8593,8,,,2,99,,8595,8,,,2,100,,8597,8,,,2,98,,8599,8,,,2
5201,'SAM',718,,8624,8,,,2,100,,8626,8,,,2,98,,8627,8,,,2,102,,8622,8,,,2,102,,8625,8,,,2,102,,8623,8,,,2,100,,8610,8,,,2,100,,8628,8,,,2,99,,8611,8,,,2,101,,8612,8,,,2,100,,8616,8,,,2,99,,8619,8,,,2,101,,8621,8,,,2,99,,8614,8,,,2,100,,8618,8,,,2,97,,8615,8,,,2,99,,8613,8,,,2,100,,8617,8,,,2,98,,8620,8,,,2
5201,'SEM',622,,8645,8,,,2,105,,8647,8,,,2,99,,8632,8,,,2,97,,8636,8,,,2,99,,8644,8,,,2,100,,8646,8,,,2,101,,8629,8,,,2,100,,8630,8,,,2,101,,8631,8,,,2,98,,8633,8,,,2,101,,8637,8,,,2,95,,8638,8,,,2,101,,8639,8,,,2,104,,8641,8,,,2,99,,8643,8,,,2,100,,8635,8,,,2,91,,8634,8,,,2,98,,8642,8,,,2,119,,8640,8,,,2
5801,'DIM',541,,8918,46,,,2,101,,8910,46,,,2,91,,2987,46,,,2,103,,8908,46,,,2,100,,8909,46,,,2,99,,8914,46,,,2,100,,8911,46,,,2,101,,8907,46,,,2,100,,8912,46,,,2,100,,8916,46,,,2,98,,8913,46,,,2,109,,8917,46,,,2,94,,8901,46,,,2,102,,8915,46,,,2,97,,8906,46,,,2,100,,8903,46,,,2,99,,8905,46,,,2,100,,8902,46,,,2,98,,8900,46,,,2,109,,8904,46,,,2
5801,'SAM',546,,8935,46,,,2,96,,8931,46,,,2,94,,8933,46,,,2,100,,8936,46,,,2,100,,8921,46,,,2,99,,8923,46,,,2,103,,8934,46,,,2,98,,8926,46,,,2,105,,8932,46,,,2,94,,8919,46,,,2,111,,8920,46,,,2,99,,8938,46,,,2,100,,8937,46,,,2,88,,8928,46,,,2,107,,8925,46,,,2,96,,8922,46,,,2,99,,8924,46,,,2,100,,8929,46,,,2,98,,8930,46,,,2,109,,8927,46,,,2
5801,'SEM',530,,8943,46,,,2,29,,8965,46,,,2,83,,8963,46,,,2,71,,8967,28,,,2,10,,8939,46,,,2,90,,8940,46,,,2,43,,8949,46,,,2,100,,8948,46,,,2,100,,8962,46,,,2,100,,8944,46,,,2,100,,8964,46,,,2,100,,8946,46,,,2,82,,8945,46,,,2,87,,8966,46,,,2,31,,8952,46,,,2,72,,8950,46,,,2,20,,8947,46,,,2,59,,8942,46,,,2,20,,8953,46,,,2,20,,8957,46,,,2,55,,8941,46,,,2,24,,8960,46,,,2,19,,8954,46,,,2,69,,8951,46,,,2,99,,8959,46,,,2,100,,8955,46,,,2,100,,8958,46,,,2,105,,8956,46,,,2,99,,8961,46,,,2
25201,'SEM',1548,,10880,8,,,2,101,,10881,8,,,2,98,,10883,8,,,2,100,,10882,8,,,2
