1704,'DIM',508,,6036,37,,,1,50,,6039,37,,,1,146,,6042,37,,,1,97,,6035,37,,,1,100,,6029,37,,,1,102,,6034,37,,,1,100,,6037,37,,,1,100,,6041,37,,,1,103,,6038,37,,,1,100,,6043,37,,,1,102,,6045,37,,,1,99,,6033,37,,,1,101,,6040,37,,,1,99,,6025,37,,,1,98,,6044,37,,,1,99,,6028,37,,,1,99,,6026,37,,,1,99,,6027,37,,,1,99,,6030,37,,,1,99,,6032,37,,,1,56,,6031,37,,,1
1704,'SAM',509,,6057,37,,,1,49,,6054,37,,,1,146,,6049,37,,,1,97,,6056,37,,,1,100,,6062,37,,,1,103,,6059,37,,,1,99,,6060,37,,,1,100,,6058,37,,,1,102,,6064,37,,,1,100,,6055,37,,,1,101,,6061,37,,,1,101,,6065,37,,,1,102,,6063,37,,,1,98,,6066,37,,,1,98,,6046,37,,,1,99,,6047,37,,,1,99,,6048,37,,,1,99,,6053,37,,,1,99,,6051,37,,,1,99,,6052,37,,,1,56,,6050,37,,,1
1704,'SEM',521,,6078,37,,,1,103,,6088,37,,,1,20,,6068,37,,,1,62,,6072,37,,,1,16,,6074,37,,,1,25,,6089,37,,,1,74,,6067,37,,,1,101,,6071,37,,,1,84,,6076,37,,,1,99,,6070,37,,,1,101,,6079,37,,,1,100,,6075,37,,,1,100,,6069,37,,,1,102,,6073,37,,,1,103,,6077,37,,,1,98,,6084,37,,,1,101,,6082,37,,,1,98,,6080,37,,,1,98,,6086,37,,,1,100,,6081,37,,,1,98,,6083,37,,,1,100,,6087,37,,,1,99,,6085,37,,,1
2704,'DIM',755,,6871,42,,,2,101,,6872,42,,,2,100,,6874,42,,,2,99,,6869,42,,,2,95,,6870,42,,,2,105,,6873,42,,,2,102,,6868,42,,,2,100,,6867,42,,,2,95,,6861,42,,,2,101,,6862,42,,,2,105,,6866,42,,,2,99,,6860,42,,,2,100,,6859,42,,,2,98,,6865,42,,,2,100,,6863,42,,,2,100,,6864,42,,,2
2704,'SAM',654,,6890,42,,,2,101,,6887,42,,,2,100,,6885,42,,,2,96,,6889,42,,,2,104,,6891,42,,,2,95,,6884,42,,,2,105,,6875,42,,,2,96,,6886,42,,,2,106,,6888,42,,,2,146,,6880,42,,,2,55,,6882,42,,,2,100,,6883,42,,,2,99,,6878,42,,,2,100,,6881,42,,,2,98,,6877,42,,,2,100,,6879,42,,,2,99,,6876,42,,,2
2704,'SEM',619,,6911,42,,,2,29,,6895,42,,,2,74,,6893,42,,,2,24,,6898,42,,,2,64,,6913,42,,,2,29,,6910,42,,,2,79,,6892,42,,,2,40,,6897,42,,,2,96,,6914,42,,,2,150,,6912,42,,,2,55,,6894,42,,,2,90,,6915,42,,,2,101,,6901,42,,,2,105,,6896,42,,,2,79,,6900,42,,,2,80,,6899,42,,,2,16,,6908,42,,,2,27,,6904,42,,,2,73,,6906,42,,,2,73,,6905,42,,,2,100,,6903,42,,,2,45,,6909,42,,,2,99,,6902,42,,,2,100,,6907,42,,,2
3104,'DIM',628,,1107,47,,,1,103,,6985,47,,,1,100,,6984,47,,,1,102,,6989,47,,,1,102,,6992,47,,,1,100,,6993,47,,,1,101,,6990,47,,,1,101,,6986,47,,,1,102,,6988,47,,,1,102,,6976,47,,,1,96,,6987,47,,,1,101,,6991,47,,,1,97,,6979,47,,,1,100,,6978,47,,,1,99,,6980,47,,,1,99,,6977,47,,,1,99,,6983,47,,,1,98,,6982,47,,,1,101,,6981,47,,,1
3104,'SAM',527,,7010,47,,,1,99,,7004,47,,,1,105,,7006,47,,,1,101,,7009,47,,,1,101,,7007,47,,,1,101,,7011,47,,,1,99,,7013,47,,,1,101,,6994,47,,,1,103,,7003,47,,,1,101,,7008,47,,,1,101,,7005,47,,,1,102,,7012,47,,,1,97,,6997,47,,,1,99,,6998,47,,,1,98,,7000,47,,,1,99,,6995,47,,,1,99,,7001,47,,,1,99,,7002,47,,,1,98,,6996,47,,,1,101,,6999,47,,,1
3104,'SEM',458,,7030,47,,,1,71,,1143,47,,,1,85,,7031,47,,,1,22,,7033,47,,,1,23,,7016,47,,,1,74,,7018,47,,,1,72,,7029,47,,,1,30,,7015,47,,,1,70,,7017,47,,,1,31,,7034,47,,,1,100,,7036,47,,,1,100,,7035,47,,,1,100,,7014,47,,,1,100,,7032,47,,,1,100,,7019,47,,,1,104,,7020,47,,,1,102,,7023,47,,,1,101,,7021,47,,,1,97,,7028,47,,,1,97,,7025,47,,,1,101,,7026,47,,,1,99,,7022,47,,,1,99,,7024,47,,,1,105,,7027,47,,,1
3904,'DIM',839,,1465,47,,,1,99,,7336,47,,,1,95,,7342,47,,,1,14,,7340,47,,,1,74,,7344,47,,,1,28,,7349,47,,,1,74,,7337,47,,,1,31,,7348,47,,,1,71,,7335,47,,,1,29,,7330,47,,,1,76,,7339,47,,,1,25,,7338,47,,,1,68,,7343,47,,,1,27,,7346,47,,,1,76,,7345,47,,,1,30,,7332,47,,,1,70,,7341,47,,,1,30,,7347,47,,,1,79,,7333,47,,,1,85,,7328,47,,,1,100,,7331,47,,,1,97,,7334,47,,,1,99,,7329,47,,,1
3904,'SAM',839,,7364,47,,,1,101,,7363,47,,,1,93,,7365,47,,,1,14,,7369,47,,,1,76,,7366,47,,,1,30,,7361,47,,,1,70,,7368,47,,,1,31,,7370,47,,,1,70,,7360,47,,,1,30,,7359,47,,,1,75,,7362,47,,,1,29,,7350,47,,,1,69,,7351,47,,,1,25,,7367,47,,,1,74,,7354,47,,,1,30,,7371,47,,,1,70,,7355,47,,,1,30,,7357,47,,,1,79,,7352,47,,,1,85,,7356,47,,,1,100,,7358,47,,,1,97,,7353,47,,,1,99,,1475,47,,,1
3904,'SEM',628,,7394,47,,,1,81,,7375,47,,,1,12,,7382,47,,,1,10,,7384,47,,,1,74,,7376,47,,,1,28,,7374,47,,,1,77,,11141,47,,,1,25,,7383,47,,,1,70,,7397,47,,,1,29,,7381,47,,,1,70,,7393,47,,,1,30,,7391,47,,,1,70,,7373,47,,,1,30,,7396,47,,,1,70,,7392,47,,,1,30,,7395,47,,,1,75,,11157,47,,,1,30,,7378,47,,,1,70,,7372,47,,,1,33,,7377,47,,,1,106,,7386,47,,,1,107,,7379,47,,,1,102,,7390,47,,,1,100,,7388,47,,,1,99,,7389,47,,,1,99,,7387,47,,,1
4304,'DIM',505,,2049,22,,,1,102,,2043,22,,,1,101,,7958,22,,,1,102,,7959,22,,,1,101,,7960,22,,,1,100,,7953,22,,,1,106,,7954,22,,,1,102,,7961,22,,,1,99,,7964,22,,,1,102,,7962,22,,,1,98,,7965,22,,,1,102,,7963,22,,,1,100,,7948,22,,,1,105,,7952,22,,,1,95,,7957,22,,,1,100,,7956,22,,,1,100,,7950,22,,,1,99,,7949,22,,,1,99,,7951,22,,,1,91,,7955,22,,,1
4304,'SAM',505,,2068,22,,,1,102,,7976,22,,,1,101,,7972,22,,,1,102,,7973,22,,,1,101,,7977,22,,,1,104,,7980,22,,,1,103,,7983,22,,,1,101,,7981,22,,,1,100,,7966,22,,,1,104,,7982,22,,,1,98,,7979,22,,,1,98,,7978,22,,,1,101,,7985,22,,,1,100,,7984,22,,,1,102,,7967,22,,,1,98,,7969,22,,,1,100,,7968,22,,,1,99,,7974,22,,,1,99,,7971,22,,,1,91,,7970,22,,,1,100,,7975,22,,,1
4304,'SEM',525,,8011,22,,,1,32,,8014,22,,,1,76,,7987,22,,,1,20,,7991,22,,,1,60,,7994,22,,,1,21,,8001,22,,,1,23,,8015,22,,,1,67,,8007,22,,,1,33,,7990,22,,,1,70,,7993,22,,,1,73,,7998,22,,,1,28,,7989,22,,,1,30,,7986,22,,,1,70,,8018,22,,,1,30,,8002,22,,,1,70,,7992,22,,,1,30,,8016,22,,,1,70,,8017,22,,,1,30,,7997,22,,,1,71,,7999,22,,,1,71,,7996,22,,,1,31,,7988,22,,,1,72,,8000,22,,,1,26,,7995,22,,,1,30,,8005,22,,,1,97,,8004,22,,,1,95,,8003,22,,,1,99,,8013,22,,,1,100,,8009,22,,,1,99,,8010,22,,,1,100,,8006,22,,,1,110,,8008,22,,,1,62,,8012,22,,,1
7304,'DIM',543,,4008,65,,,1,70,,3997,65,,,1,102,,9957,65,,,1,101,,9963,65,,,1,101,,9958,65,,,1,102,,9960,65,,,1,101,,9956,65,,,1,100,,9959,65,,,1,101,,9961,65,,,1,101,,9950,65,,,1,101,,9955,65,,,1,101,,9962,65,,,1,100,,9964,65,,,1,98,,9948,65,,,1,98,,9949,65,,,1,99,,9946,65,,,1,99,,9951,65,,,1,99,,9953,65,,,1,98,,9947,65,,,1,101,,9952,65,,,1,99,,9954,65,,,1
7304,'SAM',543,,9987,65,,,1,70,,9975,65,,,1,104,,9979,65,,,1,99,,9967,65,,,1,101,,9983,65,,,1,102,,9981,65,,,1,102,,9968,65,,,1,101,,9980,65,,,1,99,,9984,65,,,1,101,,9982,65,,,1,101,,9965,65,,,1,102,,9985,65,,,1,99,,9986,65,,,1,98,,9971,65,,,1,98,,9966,65,,,1,99,,9973,65,,,1,99,,9972,65,,,1,99,,9969,65,,,1,98,,9970,65,,,1,101,,9974,65,,,1,99,,9976,65,,,1,100,,9978,65,,,1,99,,9977,65,,,1
7304,'SEM',507,,10017,65,,,1,44,,10015,65,,,1,81,,10026,65,,,1,18,,10028,65,,,1,66,,10027,65,,,1,12,,9994,65,,,1,12,,10023,65,,,1,13,,10000,65,,,1,61,,10003,65,,,1,16,,10024,65,,,1,15,,9995,65,,,1,66,,9992,65,,,1,29,,9998,65,,,1,82,,10007,65,,,1,29,,9993,65,,,1,70,,9990,65,,,1,30,,10029,65,,,1,70,,10002,65,,,1,35,,9996,65,,,1,66,,10025,65,,,1,30,,9997,65,,,1,70,,10004,65,,,1,30,,10030,65,,,1,72,,9991,65,,,1,82,,10005,65,,,1,13,,9989,65,,,1,19,,9988,65,,,1,75,,9999,65,,,1,15,,10012,65,,,1,25,,10011,65,,,1,73,,10001,65,,,1,74,,10018,65,,,1,23,,10016,65,,,1,32,,10008,65,,,1,66,,10014,65,,,1,31,,10020,65,,,1,71,,10006,65,,,1,27,,10009,65,,,1,70,,10021,65,,,1,29,,10010,65,,,1,70,,10013,65,,,1,100,,10019,65,,,1,94,,10022,65,,,1
7402,'DIM',643,,10092,78,,,2,102,,10096,78,,,2,102,,10095,78,,,2,101,,10097,78,,,2,102,,10099,78,,,2,101,,10088,78,,,2,100,,10093,78,,,2,101,,10094,78,,,2,102,,10098,78,,,2,99,,10100,78,,,2,99,,10101,78,,,2,100,,10085,78,,,2,98,,10087,78,,,2,98,,10089,78,,,2,99,,10091,78,,,2,100,,10090,78,,,2,99,,10086,78,,,2
7402,'SAM',643,,10112,78,,,2,102,,10115,78,,,2,100,,10103,78,,,2,101,,10117,78,,,2,104,,10116,78,,,2,101,,10111,78,,,2,99,,10114,78,,,2,101,,10113,78,,,2,103,,10102,78,,,2,99,,10118,78,,,2,100,,10105,78,,,2,97,,10106,78,,,2,98,,10107,78,,,2,100,,10110,78,,,2,98,,10104,78,,,2,100,,10108,78,,,2,99,,10109,78,,,2
7402,'SEM',606,,10136,78,,,2,48,,10137,78,,,2,56,,10122,78,,,2,47,,10126,78,,,2,96,,10121,78,,,2,98,,10124,78,,,2,98,,10133,78,,,2,100,,10125,78,,,2,100,,10134,78,,,2,100,,10119,78,,,2,100,,10123,78,,,2,106,,10120,78,,,2,99,,10128,78,,,2,101,,10132,78,,,2,96,,10127,78,,,2,98,,10131,78,,,2,99,,10135,78,,,2,99,,10130,78,,,2,100,,10129,78,,,2
