4202,'DIM',526,,7724,105,,,2,80,,7761,105,,,2,30,,7734,105,,,2,72,,7721,105,,,2,30,,7745,105,,,2,70,,7743,105,,,2,33,,7748,105,,,2,72,,7751,105,,,2,32,,7722,105,,,2,74,,7756,105,,,2,31,,7753,105,,,2,70,,7759,105,,,2,15,,7746,105,,,2,19,,7752,105,,,2,62,,7747,105,,,2,20,,7742,105,,,2,21,,1847,105,,,2,61,,7762,105,,,2,23,,7744,105,,,2,18,,7760,105,,,2,63,,7719,105,,,2,20,,7764,105,,,2,58,,7749,105,,,2,22,,7750,105,,,2,18,,7754,105,,,2,61,,7725,105,,,2,20,,7757,105,,,2,17,,7726,105,,,2,63,,7758,105,,,2,20,,7763,105,,,2,19,,7729,105,,,2,64,,7755,105,,,2,34,,7732,105,,,2,74,,7735,105,,,2,29,,7738,105,,,2,69,,7720,105,,,2,32,,7740,105,,,2,70,,7727,105,,,2,28,,7730,105,,,2,67,,7723,105,,,2,27,,7736,105,,,2,71,,7739,105,,,2,26,,7728,105,,,2,70,,7731,105,,,2,28,,7733,105,,,2,29,,7737,105,,,2,78,,7741,105,,,2
4202,'SAM',526,,7767,105,,,2,81,,7765,105,,,2,29,,7781,105,,,2,65,,7803,105,,,2,43,,7794,105,,,2,66,,7788,105,,,2,35,,7776,105,,,2,74,,7804,105,,,2,28,,7792,105,,,2,71,,7795,105,,,2,34,,7799,105,,,2,68,,7789,105,,,2,14,,7811,105,,,2,22,,7806,105,,,2,60,,7787,105,,,2,20,,7810,105,,,2,19,,7797,105,,,2,61,,7783,105,,,2,25,,7807,105,,,2,16,,7790,105,,,2,63,,7812,105,,,2,22,,7791,105,,,2,16,,7793,105,,,2,64,,7784,105,,,2,19,,7798,105,,,2,59,,7809,105,,,2,23,,7796,105,,,2,15,,7800,105,,,2,62,,7769,105,,,2,20,,7808,105,,,2,20,,7805,105,,,2,64,,7777,105,,,2,34,,7801,105,,,2,74,,7802,105,,,2,31,,7782,105,,,2,67,,7766,105,,,2,29,,7770,105,,,2,68,,7772,105,,,2,33,,7774,105,,,2,66,,7775,105,,,2,28,,7768,105,,,2,71,,7771,105,,,2,22,,7773,105,,,2,73,,7778,105,,,2,28,,7779,105,,,2,31,,7780,105,,,2,77,,7785,105,,,2,70,,7786,105,,,2
4202,'SEM',528,,7837,105,,,2,106,,7861,105,,,2,23,,7867,105,,,2,53,,7871,105,,,2,9,,7875,105,,,2,8,,7877,105,,,2,8,,7814,105,,,2,7,,7817,105,,,2,3,,7879,47,,,2,4,,7820,105,,,2,2,,7878,47,,,2,2,,7822,105,,,2,6,,7824,105,,,2,46,,7828,105,,,2,8,,7858,105,,,2,14,,7865,105,,,2,11,,7818,105,,,2,9,,7869,105,,,2,12,,7827,105,,,2,50,,7862,105,,,2,13,,7874,105,,,2,10,,7868,105,,,2,11,,7872,105,,,2,57,,7876,105,,,2,18,,7839,105,,,2,15,,7825,105,,,2,24,,7819,105,,,2,56,,7830,105,,,2,29,,7860,105,,,2,10,,7870,105,,,2,65,,7838,105,,,2,16,,7816,105,,,2,25,,7863,105,,,2,61,,7864,105,,,2,14,,7859,105,,,2,67,,7866,105,,,2,20,,7821,105,,,2,20,,7873,105,,,2,62,,7815,105,,,2,16,,7834,105,,,2,20,,7832,105,,,2,20,,7813,105,,,2,53,,7826,105,,,2,17,,7835,105,,,2,16,,7833,105,,,2,15,,7831,105,,,2,55,,7823,105,,,2,17,,7842,105,,,2,15,,7844,105,,,2,11,,7846,105,,,2,55,,7849,105,,,2,14,,7829,105,,,2,14,,7836,105,,,2,15,,7845,105,,,2,53,,7854,105,,,2,28,,7856,105,,,2,67,,7847,105,,,2,36,,7853,105,,,2,79,,7857,105,,,2,28,,7855,105,,,2,70,,7840,105,,,2,30,,7841,105,,,2,75,,7843,105,,,2,26,,7848,105,,,2,73,,7850,105,,,2,27,,7852,105,,,2,70,,7851,105,,,2
5601,'DIM',658,,8751,42,,,2,100,,8740,42,,,2,101,,2830,42,,,2,71,,8754,42,,,2,70,,8755,42,,,2,31,,8738,42,,,2,70,,8757,42,,,2,30,,8741,42,,,2,70,,8750,42,,,2,31,,8758,42,,,2,70,,8756,42,,,2,30,,8749,42,,,2,71,,8748,42,,,2,30,,8759,42,,,2,70,,8760,42,,,2,30,,8747,42,,,2,70,,8753,42,,,2,30,,8752,42,,,2,70,,8739,42,,,2,30,,8743,42,,,2,72,,8745,42,,,2,98,,8744,42,,,2,98,,8746,42,,,2,99,,8742,42,,,2,100,,8737,42,,,2
5601,'SAM',658,,8773,42,,,2,100,,8771,42,,,2,101,,8768,42,,,2,71,,8772,42,,,2,70,,8775,42,,,2,31,,8780,42,,,2,70,,8769,42,,,2,27,,8776,42,,,2,74,,8781,42,,,2,33,,8770,42,,,2,67,,8778,42,,,2,30,,2863,42,,,2,71,,8779,42,,,2,28,,8783,42,,,2,72,,8763,42,,,2,30,,8782,42,,,2,70,,8784,42,,,2,30,,8774,42,,,2,70,,8777,42,,,2,30,,8761,42,,,2,72,,8764,42,,,2,98,,8766,42,,,2,98,,8762,42,,,2,99,,8765,42,,,2,100,,8767,42,,,2
5601,'SEM',456,,8811,42,,,2,101,,8809,42,,,2,63,,8812,42,,,2,21,,8785,42,,,2,16,,8788,42,,,2,54,,8818,24,,,2,10,,8796,42,,,2,20,,8792,42,,,2,67,,8789,42,,,2,21,,8791,42,,,2,73,,8790,42,,,2,35,,8787,42,,,2,68,,8815,42,,,2,29,,8807,42,,,2,70,,8802,42,,,2,30,,8813,42,,,2,70,,8808,42,,,2,30,,8816,42,,,2,70,,8799,42,,,2,32,,8810,42,,,2,70,,8814,42,,,2,30,,8786,42,,,2,71,,8817,42,,,2,31,,8795,42,,,2,81,,8797,42,,,2,32,,8798,42,,,2,63,,8793,42,,,2,29,,8794,42,,,2,81,,8800,42,,,2,27,,8803,42,,,2,94,,8805,42,,,2,92,,8801,42,,,2,88,,8806,42,,,2,89,,8804,42,,,2
6001,'DIM',757,,9029,26,,,1,101,,9037,26,,,1,100,,9036,26,,,1,142,,9040,26,,,1,104,,9038,26,,,1,107,,9042,26,,,1,100,,9039,26,,,1,101,,9041,26,,,1,100,,9043,26,,,1,98,,9028,26,,,1,96,,9044,26,,,1,96,,9035,26,,,1,57,,9031,26,,,1,98,,9030,26,,,1,98,,9033,26,,,1,100,,9032,26,,,1,100,,9034,26,,,1
6001,'SAM',655,,9048,26,,,1,102,,9058,26,,,1,101,,9057,26,,,1,94,,9060,26,,,1,148,,9056,26,,,1,104,,9054,26,,,1,107,,9062,26,,,1,100,,9061,26,,,1,107,,9055,26,,,1,94,,9059,26,,,1,98,,9046,26,,,1,96,,9050,26,,,1,96,,9051,26,,,1,57,,9045,26,,,1,98,,9049,26,,,1,98,,9047,26,,,1,100,,9053,26,,,1,100,,9052,26,,,1
6001,'SEM',535,,9079,26,,,1,102,,9063,26,,,1,93,,9064,26,,,1,72,,9066,26,,,1,45,,9069,26,,,1,91,,9080,26,,,1,103,,9081,26,,,1,99,,9065,26,,,1,100,,9067,26,,,1,101,,9082,26,,,1,100,,9071,26,,,1,99,,9068,26,,,1,108,,9074,26,,,1,101,,9070,26,,,1,94,,9077,26,,,1,98,,9073,26,,,1,89,,9076,26,,,1,100,,9078,26,,,1,96,,9072,26,,,1,100,,9075,26,,,1
6104,'DIM',647,,9210,45,,,2,100,,9207,45,,,2,102,,9211,45,,,2,100,,9212,45,,,2,102,,9214,45,,,2,101,,9208,45,,,2,102,,9213,45,,,2,146,,9209,45,,,2,59,,9206,45,,,2,143,,9201,45,,,2,100,,9204,45,,,2,100,,9203,45,,,2,53,,9198,45,,,2,98,,9215,45,,,2,95,,9205,45,,,2,100,,9199,45,,,2,99,,9200,45,,,2,100,,9202,45,,,2
6104,'SAM',647,,9228,45,,,2,104,,9226,45,,,2,98,,9223,45,,,2,100,,9231,45,,,2,99,,9233,45,,,2,104,,9227,45,,,2,148,,9232,45,,,2,100,,9216,45,,,2,102,,9229,45,,,2,55,,9218,45,,,2,102,,9230,45,,,2,141,,9221,45,,,2,58,,9217,45,,,2,95,,9225,45,,,2,95,,9219,45,,,2,100,,9224,45,,,2,99,,9220,45,,,2,100,,9222,45,,,2
6104,'SEM',505,,9256,45,,,2,104,,9254,45,,,2,30,,9255,45,,,2,63,,9236,45,,,2,16,,9251,45,,,2,7,,9238,45,,,2,29,,9257,45,,,2,71,,9237,45,,,2,98,,9240,45,,,2,95,,9242,45,,,2,100,,9241,45,,,2,100,,9252,45,,,2,100,,9253,45,,,2,100,,9235,45,,,2,102,,9239,45,,,2,36,,9234,45,,,2,99,,9245,45,,,2,101,,9248,45,,,2,91,,9246,45,,,2,99,,9243,45,,,2,99,,9249,45,,,2,87,,9250,45,,,2,92,,9244,45,,,2,98,,9247,45,,,2
6601,'DIM',606,,9585,53,,,1,101,,9584,53,,,1,103,,9590,53,,,1,102,,9586,53,,,1,31,,9588,53,,,1,72,,9587,53,,,1,30,,3640,53,,,1,75,,9593,53,,,1,30,,9591,53,,,1,70,,9577,53,,,1,101,,9592,53,,,1,100,,9583,53,,,1,100,,9589,53,,,1,100,,9575,53,,,1,100,,9578,53,,,1,100,,9576,53,,,1,98,,9580,53,,,1,97,,9582,53,,,1,100,,9581,53,,,1,99,,9579,53,,,1
6601,'SAM',606,,9602,53,,,1,101,,9605,53,,,1,103,,9599,53,,,1,99,,9601,53,,,1,34,,9603,53,,,1,72,,9604,53,,,1,30,,9609,53,,,1,75,,9613,53,,,1,30,,9610,53,,,1,70,,9608,53,,,1,101,,9611,53,,,1,100,,9594,53,,,1,100,,9607,53,,,1,100,,9606,53,,,1,100,,9612,53,,,1,100,,9596,53,,,1,98,,9597,53,,,1,97,,9600,53,,,1,100,,9598,53,,,1,99,,9595,53,,,1
6601,'SEM',651,,9630,53,,,1,108,,9622,53,,,1,91,,9617,53,,,1,105,,9621,53,,,1,145,,9624,53,,,1,100,,9623,53,,,1,106,,9616,53,,,1,100,,9619,53,,,1,100,,9615,53,,,1,36,,9614,53,,,1,90,,9618,53,,,1,93,,9627,53,,,1,103,,9620,53,,,1,97,,9626,53,,,1,97,,9628,53,,,1,99,,9629,53,,,1,97,,9625,53,,,1
7002,'DIM',609,,9795,53,,,1,40,,9796,53,,,1,90,,3827,76,,,1,101,,9785,76,,,1,100,,9786,76,,,1,102,,9783,76,,,1,67,,9781,76,,,1,34,,9772,76,,,1,72,,9793,76,,,1,29,,9782,76,,,1,67,,9778,76,,,1,33,,9780,76,,,1,70,,9789,76,,,1,31,,9787,76,,,1,70,,9788,76,,,1,30,,9776,76,,,1,71,,9784,76,,,1,24,,9790,76,,,1,78,,9773,76,,,1,33,,9792,76,,,1,73,,9771,76,,,1,33,,9791,76,,,1,95,,9794,76,,,1,94,,9774,76,,,1,95,,9770,76,,,1,97,,9777,76,,,1,99,,9775,76,,,1,103,,9779,76,,,1
7002,'SAM',609,,9823,53,,,1,40,,3875,53,,,1,90,,9814,76,,,1,97,,9812,76,,,1,99,,9817,76,,,1,101,,9816,76,,,1,75,,9810,76,,,1,32,,9813,76,,,1,72,,9809,76,,,1,29,,9802,76,,,1,72,,9815,76,,,1,27,,9807,76,,,1,75,,9820,76,,,1,27,,9798,76,,,1,76,,9808,76,,,1,29,,9819,76,,,1,63,,9811,76,,,1,32,,9822,76,,,1,69,,9821,76,,,1,31,,9818,76,,,1,81,,9797,76,,,1,31,,9804,76,,,1,95,,9806,76,,,1,89,,9805,76,,,1,98,,9799,76,,,1,98,,9800,76,,,1,100,,9801,76,,,1,101,,9803,76,,,1
7002,'SEM',617,,9844,76,,,1,100,,9829,76,,,1,27,,9850,76,,,1,70,,9856,76,,,1,33,,9828,76,,,1,69,,9830,76,,,1,30,,9854,76,,,1,70,,9853,76,,,1,30,,9826,76,,,1,70,,9843,76,,,1,30,,9851,76,,,1,70,,9825,76,,,1,30,,9852,76,,,1,71,,9845,76,,,1,30,,9855,76,,,1,80,,9827,76,,,1,20,,9824,76,,,1,69,,9832,76,,,1,34,,9836,76,,,1,71,,9831,76,,,1,32,,9838,76,,,1,71,,9833,76,,,1,26,,9834,76,,,1,71,,9837,76,,,1,34,,9835,76,,,1,70,,9841,76,,,1,77,,9842,76,,,1,45,,9848,76,,,1,100,,9839,76,,,1,101,,9840,76,,,1,105,,9846,76,,,1,102,,9849,76,,,1,104,,9847,76,,,1
