4604,'DIM',543,,2298,56,,,1,100,,2304,56,,,1,101,,8226,56,,,1,100,,8227,56,,,1,101,,8224,56,,,1,102,,8229,56,,,1,103,,8231,56,,,1,99,,8232,56,,,1,96,,8225,56,,,1,102,,8216,56,,,1,107,,8228,56,,,1,96,,8219,56,,,1,102,,8220,56,,,1,98,,8230,56,,,1,99,,8222,56,,,1,100,,8217,56,,,1,100,,8221,56,,,1,99,,8223,56,,,1,100,,8218,56,,,1
4604,'SAM',543,,8234,56,,,1,100,,2327,56,,,1,101,,8245,56,,,1,100,,8246,56,,,1,101,,8250,56,,,1,102,,8248,56,,,1,103,,8247,56,,,1,101,,8251,56,,,1,97,,8233,56,,,1,102,,8244,56,,,1,105,,8243,56,,,1,97,,8249,56,,,1,99,,8236,56,,,1,99,,8239,56,,,1,99,,8242,56,,,1,100,,8237,56,,,1,100,,8240,56,,,1,95,,8235,56,,,1,100,,8238,56,,,1,103,,8241,56,,,1
4604,'SEM',505,,8283,56,,,1,48,,8278,56,,,1,68,,8280,56,,,1,27,,8252,56,,,1,63,,8258,56,,,1,12,,8260,56,,,1,11,,8263,56,,,1,68,,8253,56,,,1,33,,8266,56,,,1,65,,8261,56,,,1,31,,8267,56,,,1,25,,8262,56,,,1,70,,8255,56,,,1,30,,8264,56,,,1,70,,8272,56,,,1,30,,8281,56,,,1,70,,8282,56,,,1,30,,8284,56,,,1,70,,8279,56,,,1,76,,8254,56,,,1,24,,8257,56,,,1,32,,8256,56,,,1,73,,8270,56,,,1,84,,8259,56,,,1,34,,8273,56,,,1,61,,8265,56,,,1,94,,8268,56,,,1,51,,8276,56,,,1,95,,8269,56,,,1,99,,8277,56,,,1,99,,8271,56,,,1,100,,8274,56,,,1,99,,8275,56,,,1
6002,'DIM',726,,9084,47,,,1,102,,9093,47,,,1,101,,9092,47,,,1,101,,9096,47,,,1,103,,9094,47,,,1,104,,9098,47,,,1,100,,9095,47,,,1,100,,9097,47,,,1,100,,9099,47,,,1,99,,9083,47,,,1,99,,9100,47,,,1,97,,9090,47,,,1,97,,9086,47,,,1,100,,9085,47,,,1,99,,9088,47,,,1,100,,9087,47,,,1,99,,9089,47,,,1,97,,9091,47,,,1
6002,'SAM',726,,9114,47,,,1,102,,9113,47,,,1,95,,9116,47,,,1,107,,9112,47,,,1,103,,9110,47,,,1,104,,9118,47,,,1,100,,9117,47,,,1,97,,9111,47,,,1,103,,9115,47,,,1,99,,9102,47,,,1,99,,9106,47,,,1,97,,9107,47,,,1,97,,9101,47,,,1,100,,9105,47,,,1,99,,9103,47,,,1,100,,9109,47,,,1,99,,9108,47,,,1,97,,9104,47,,,1
6002,'SEM',703,,9119,47,,,1,124,,9135,47,,,1,82,,9134,47,,,1,102,,11229,47,,,1,96,,9121,47,,,1,101,,9123,47,,,1,100,,9137,47,,,1,100,,9136,47,,,1,97,,9124,47,,,1,106,,9120,47,,,1,102,,9125,47,,,1,98,,9131,47,,,1,95,,9127,47,,,1,97,,9130,47,,,1,97,,9133,47,,,1,59,,9126,47,,,1,98,,9129,47,,,1,89,,9128,47,,,1,100,,9132,47,,,1
15104,'DIM',622,,10653,41,,,2,31,,10675,41,,,2,69,,10677,41,,,2,22,,10672,41,,,2,74,,10670,41,,,2,28,,10656,41,,,2,80,,10678,41,,,2,25,,10673,41,,,2,75,,10671,41,,,2,75,,10668,41,,,2,37,,10679,41,,,2,67,,10684,41,,,2,37,,10676,41,,,2,75,,10669,41,,,2,37,,10680,41,,,2,69,,10674,41,,,2,77,,10682,41,,,2,35,,10657,41,,,2,77,,10681,41,,,2,29,,10685,41,,,2,77,,10683,41,,,2,33,,10658,41,,,2,77,,10664,41,,,2,27,,10666,41,,,2,73,,10654,41,,,2,31,,10660,41,,,2,74,,10665,41,,,2,67,,10667,41,,,2,29,,10655,41,,,2,71,,10659,41,,,2,59,,10661,41,,,2,141,,10662,41,,,2,20,,10663,41,,,2
15104,'SAM',622,,10705,41,,,2,31,,10708,41,,,2,69,,10711,41,,,2,23,,10709,41,,,2,73,,10703,41,,,2,28,,10706,41,,,2,80,,10712,41,,,2,25,,10710,41,,,2,75,,10704,41,,,2,31,,10707,41,,,2,81,,10713,41,,,2,67,,10717,41,,,2,37,,10701,41,,,2,74,,10715,41,,,2,38,,10714,41,,,2,69,,10718,41,,,2,79,,10702,41,,,2,32,,10686,41,,,2,78,,10716,41,,,2,29,,10690,41,,,2,77,,10688,41,,,2,32,,10687,41,,,2,78,,10694,41,,,2,27,,10698,41,,,2,73,,10689,41,,,2,31,,10696,41,,,2,74,,10695,41,,,2,67,,10699,41,,,2,32,,10700,41,,,2,68,,10697,41,,,2,59,,10691,41,,,2,141,,10692,41,,,2,20,,10693,41,,,2
15104,'SEM',456,,10769,41,,,2,72,,10736,41,,,2,14,,10766,41,,,2,64,,10773,41,,,2,26,,10776,41,,,2,12,,10780,41,,,2,13,,10723,41,,,2,46,,10724,41,,,2,4,,11241,41,,,2,5,,10729,41,,,2,4,,10731,41,,,2,8,,10719,41,,,2,11,,10775,41,,,2,8,,10737,41,,,2,13,,10767,41,,,2,56,,10774,41,,,2,18,,10720,41,,,2,10,,10732,41,,,2,15,,10721,41,,,2,46,,10739,41,,,2,14,,10728,41,,,2,27,,10735,41,,,2,62,,10738,41,,,2,20,,10734,41,,,2,19,,10768,41,,,2,57,,10761,41,,,2,21,,10771,41,,,2,31,,10770,41,,,2,60,,11240,41,,,2,19,,10777,41,,,2,19,,11198,41,,,2,59,,10722,41,,,2,21,,10730,41,,,2,72,,10779,41,,,2,21,,10781,41,,,2,21,,10743,41,,,2,62,,10733,41,,,2,21,,10746,41,,,2,28,,10748,41,,,2,59,,10726,41,,,2,21,,10725,41,,,2,24,,10741,41,,,2,57,,10744,41,,,2,16,,10740,41,,,2,18,,10749,41,,,2,58,,10750,41,,,2,14,,10755,41,,,2,14,,10752,41,,,2,15,,10753,41,,,2,59,,10742,41,,,2,20,,10762,41,,,2,19,,10765,41,,,2,66,,10760,41,,,2,30,,10764,41,,,2,72,,10745,41,,,2,29,,10747,41,,,2,70,,10751,41,,,2,30,,10754,41,,,2,70,,10756,41,,,2,22,,10757,41,,,2,63,,10759,41,,,2,36,,10758,41,,,2,80,,10763,41,,,2
25104,'SEM',721,,10875,25,,,1,7,,10876,25,,,1,11,,10877,25,,,1,14,,10878,25,,,1,52,,10879,25,,,1,18,,10874,25,,,1
