1704,'DIM',502,,6036,24,,,1,50,,6039,24,,,1,106,,6042,24,,,1,96,,6035,24,,,1,99,,6029,24,,,1,101,,6034,24,,,1,100,,6037,24,,,1,100,,6041,24,,,1,103,,6038,24,,,1,100,,6043,24,,,1,102,,6045,24,,,1,99,,6033,24,,,1,101,,6040,24,,,1,100,,6025,24,,,1,98,,6044,24,,,1,99,,6028,24,,,1,99,,6026,24,,,1,101,,6027,24,,,1,99,,6030,24,,,1,99,,6032,24,,,1,96,,6031,24,,,1
1704,'SAM',503,,6057,24,,,1,49,,6054,24,,,1,106,,6049,24,,,1,96,,6056,24,,,1,99,,6062,24,,,1,102,,6059,24,,,1,99,,6060,24,,,1,100,,6058,24,,,1,102,,6064,24,,,1,100,,6055,24,,,1,101,,6061,24,,,1,101,,6065,24,,,1,142,,6063,24,,,1,59,,6066,24,,,1,98,,6046,24,,,1,99,,6047,24,,,1,99,,6048,24,,,1,101,,6053,24,,,1,99,,6051,24,,,1,99,,6052,24,,,1,96,,6050,24,,,1
1704,'SEM',514,,6078,24,,,1,102,,6088,24,,,1,20,,6068,24,,,1,20,,6072,24,,,1,56,,6074,24,,,1,25,,6089,24,,,1,74,,6067,24,,,1,102,,6071,24,,,1,44,,6076,24,,,1,99,,6070,24,,,1,101,,6079,24,,,1,100,,6075,24,,,1,100,,6069,24,,,1,102,,6073,24,,,1,143,,6077,24,,,1,98,,6084,24,,,1,101,,6082,24,,,1,99,,6080,24,,,1,59,,6086,24,,,1,100,,6081,24,,,1,99,,6083,24,,,1,100,,6087,24,,,1,99,,6085,24,,,1
3104,'DIM',622,,1107,34,,,1,102,,6985,34,,,1,100,,6984,34,,,1,100,,6989,34,,,1,102,,6992,34,,,1,100,,6993,34,,,1,101,,6990,34,,,1,101,,6986,34,,,1,102,,6988,34,,,1,102,,6976,34,,,1,96,,6987,34,,,1,101,,6991,34,,,1,98,,6979,34,,,1,100,,6978,34,,,1,99,,6980,34,,,1,101,,6977,34,,,1,99,,6983,34,,,1,98,,6982,34,,,1,101,,6981,34,,,1
3104,'SAM',521,,7010,34,,,1,99,,7004,34,,,1,104,,7006,34,,,1,101,,7009,34,,,1,99,,7007,34,,,1,101,,7011,34,,,1,99,,7013,34,,,1,101,,6994,34,,,1,103,,7003,34,,,1,101,,7008,34,,,1,101,,7005,34,,,1,102,,7012,34,,,1,97,,6997,34,,,1,100,,6998,34,,,1,98,,7000,34,,,1,99,,6995,34,,,1,101,,7001,34,,,1,99,,7002,34,,,1,98,,6996,34,,,1,101,,6999,34,,,1
3104,'SEM',452,,7030,34,,,1,70,,1143,34,,,1,85,,7031,34,,,1,21,,7033,34,,,1,23,,7016,34,,,1,73,,7018,34,,,1,32,,7029,34,,,1,70,,7015,34,,,1,30,,7017,34,,,1,71,,7034,34,,,1,100,,7036,34,,,1,100,,7035,34,,,1,100,,7014,34,,,1,100,,7032,34,,,1,100,,7019,34,,,1,104,,7020,34,,,1,102,,7023,34,,,1,101,,7021,34,,,1,97,,7028,34,,,1,98,,7025,34,,,1,101,,7026,34,,,1,101,,7022,34,,,1,99,,7024,34,,,1,105,,7027,34,,,1
7304,'DIM',537,,4008,52,,,1,70,,3997,52,,,1,101,,9957,52,,,1,101,,9963,52,,,1,100,,9958,52,,,1,101,,9960,52,,,1,101,,9956,52,,,1,100,,9959,52,,,1,101,,9961,52,,,1,101,,9950,52,,,1,101,,9955,52,,,1,101,,9962,52,,,1,100,,9964,52,,,1,99,,9948,52,,,1,98,,9949,52,,,1,100,,9946,52,,,1,100,,9951,52,,,1,99,,9953,52,,,1,98,,9947,52,,,1,101,,9952,52,,,1,99,,9954,52,,,1
7304,'SAM',537,,9987,52,,,1,70,,9975,52,,,1,103,,9979,52,,,1,99,,9967,52,,,1,100,,9983,52,,,1,101,,9981,52,,,1,102,,9968,52,,,1,101,,9980,52,,,1,99,,9984,52,,,1,101,,9982,52,,,1,101,,9965,52,,,1,102,,9985,52,,,1,99,,9986,52,,,1,99,,9971,52,,,1,98,,9966,52,,,1,100,,9973,52,,,1,100,,9972,52,,,1,99,,9969,52,,,1,98,,9970,52,,,1,101,,9974,52,,,1,99,,9976,52,,,1,100,,9978,52,,,1,99,,9977,52,,,1
7304,'SEM',500,,10017,52,,,1,44,,10015,52,,,1,80,,10026,52,,,1,18,,10028,52,,,1,64,,10027,52,,,1,12,,9994,52,,,1,12,,10023,52,,,1,13,,10000,52,,,1,61,,10003,52,,,1,16,,10024,52,,,1,15,,9995,52,,,1,66,,9992,52,,,1,30,,9998,52,,,1,82,,10007,52,,,1,29,,9993,52,,,1,70,,9990,52,,,1,30,,10029,52,,,1,70,,10002,52,,,1,35,,9996,52,,,1,66,,10025,52,,,1,30,,9997,52,,,1,70,,10004,52,,,1,30,,10030,52,,,1,72,,9991,52,,,1,42,,10005,52,,,1,53,,9989,52,,,1,19,,9988,52,,,1,74,,9999,52,,,1,16,,10012,52,,,1,25,,10011,52,,,1,73,,10001,52,,,1,35,,10018,52,,,1,63,,10016,52,,,1,33,,10008,52,,,1,66,,10014,52,,,1,31,,10020,52,,,1,71,,10006,52,,,1,28,,10009,52,,,1,70,,10021,52,,,1,29,,10010,52,,,1,70,,10013,52,,,1,100,,10019,52,,,1,94,,10022,52,,,1
7402,'DIM',637,,10092,65,,,2,102,,10096,65,,,2,100,,10095,65,,,2,100,,10097,65,,,2,102,,10099,65,,,2,101,,10088,65,,,2,99,,10093,65,,,2,101,,10094,65,,,2,102,,10098,65,,,2,99,,10100,65,,,2,99,,10101,65,,,2,103,,10085,65,,,2,98,,10087,65,,,2,99,,10089,65,,,2,99,,10091,65,,,2,100,,10090,65,,,2,99,,10086,65,,,2
7402,'SAM',637,,10112,65,,,2,102,,10115,65,,,2,98,,10103,65,,,2,100,,10117,65,,,2,104,,10116,65,,,2,101,,10111,65,,,2,98,,10114,65,,,2,101,,10113,65,,,2,103,,10102,65,,,2,99,,10118,65,,,2,100,,10105,65,,,2,100,,10106,65,,,2,98,,10107,65,,,2,101,,10110,65,,,2,98,,10104,65,,,2,100,,10108,65,,,2,99,,10109,65,,,2
7402,'SEM',559,,10136,65,,,2,87,,10137,65,,,2,55,,10122,65,,,2,47,,10126,65,,,2,96,,10121,65,,,2,98,,10124,65,,,2,98,,10133,65,,,2,100,,10125,65,,,2,100,,10134,65,,,2,100,,10119,65,,,2,100,,10123,65,,,2,105,,10120,65,,,2,100,,10128,65,,,2,101,,10132,65,,,2,97,,10127,65,,,2,99,,10131,65,,,2,99,,10135,65,,,2,100,,10130,65,,,2,100,,10129,65,,,2
