2202,'DIM',727,,6257,34,,,2,100,,6258,34,,,2,100,,6259,34,,,2,100,,6263,34,,,2,101,,6265,34,,,2,100,,6262,34,,,2,98,,6266,34,,,2,104,,6256,34,,,2,97,,6260,34,,,2,114,,6261,34,,,2,89,,6264,34,,,2,100,,6251,34,,,2,98,,6254,34,,,2,101,,6255,34,,,2,100,,6252,34,,,2,100,,6253,34,,,2
2202,'SAM',628,,6283,18,,,2,97,,6278,34,,,2,99,,6276,34,,,2,102,,6274,34,,,2,101,,6282,34,,,2,101,,6281,34,,,2,98,,6277,34,,,2,100,,6279,34,,,2,102,,6275,34,,,2,98,,6280,34,,,2,114,,6267,34,,,2,88,,6269,34,,,2,102,,6271,34,,,2,97,,6272,34,,,2,100,,6273,34,,,2,101,,6270,34,,,2,99,,6268,34,,,2
2202,'SEM',610,,6304,34,,,2,14,,6305,34,,,2,105,,6303,34,,,2,27,,6301,34,,,2,74,,6285,34,,,2,100,,6289,34,,,2,70,,6291,34,,,2,30,,6286,34,,,2,100,,6290,34,,,2,100,,6302,34,,,2,100,,6292,34,,,2,100,,6284,34,,,2,101,,6287,34,,,2,102,,6293,34,,,2,21,,6288,34,,,2,84,,6297,34,,,2,93,,6296,34,,,2,100,,6298,34,,,2,100,,6300,34,,,2,100,,6294,34,,,2,105,,6295,34,,,2,95,,6299,34,,,2
5002,'DIM',605,,8511,11,,,1,100,,8523,11,,,1,100,,8518,11,,,1,100,,8524,11,,,1,101,,8527,11,,,1,24,,8517,11,,,1,72,,8519,11,,,1,28,,8530,11,,,1,79,,8522,11,,,1,28,,8520,11,,,1,77,,8529,11,,,1,24,,8516,11,,,1,76,,8521,11,,,1,21,,8525,11,,,1,74,,8507,11,,,1,31,,8505,11,,,1,74,,8528,11,,,1,26,,8526,11,,,1,76,,8512,11,,,1,101,,8514,11,,,1,100,,8515,11,,,1,100,,8506,11,,,1,100,,8509,11,,,1,100,,8508,11,,,1,96,,8510,11,,,1,100,,8513,11,,,1
5002,'SAM',600,,8536,11,,,1,105,,8544,11,,,1,100,,8547,11,,,1,100,,8551,11,,,1,102,,8542,11,,,1,23,,8553,11,,,1,76,,8556,11,,,1,27,,8545,11,,,1,76,,8552,11,,,1,26,,8554,11,,,1,74,,8546,11,,,1,28,,8548,11,,,1,75,,8555,11,,,1,31,,8532,11,,,1,72,,8549,11,,,1,23,,8531,11,,,1,72,,8550,11,,,1,30,,8537,11,,,1,76,,8539,11,,,1,101,,8538,11,,,1,100,,8540,11,,,1,100,,8533,11,,,1,100,,8534,11,,,1,99,,8541,11,,,1,97,,8535,11,,,1,100,,8543,11,,,1
5002,'SEM',456,,8563,11,,,1,75,,8586,11,,,1,28,,2661,11,,,1,69,,8559,11,,,1,29,,8587,11,,,1,52,,8571,11,,,1,34,,8558,11,,,1,59,,8568,11,,,1,32,,8557,11,,,1,69,,8572,11,,,1,27,,8565,11,,,1,70,,8588,11,,,1,30,,8589,11,,,1,70,,8573,11,,,1,30,,8566,11,,,1,70,,8564,11,,,1,30,,8590,11,,,1,71,,8585,11,,,1,30,,8560,11,,,1,70,,8576,11,,,1,39,,8561,11,,,1,77,,8577,11,,,1,36,,8569,11,,,1,67,,8574,11,,,1,30,,8570,11,,,1,70,,8562,11,,,1,29,,8567,11,,,1,70,,8575,11,,,1,31,,8582,11,,,1,104,,8580,11,,,1,105,,8583,11,,,1,141,,8578,11,,,1,112,,8579,11,,,1,101,,8581,11,,,1,96,,8584,11,,,1
5802,'DIM',605,,8984,11,,,2,100,,8981,11,,,2,51,,3051,11,,,2,100,,8975,11,,,2,100,,8976,11,,,2,99,,8980,11,,,2,100,,8977,11,,,2,101,,8974,11,,,2,100,,8978,11,,,2,100,,8982,11,,,2,98,,8979,11,,,2,149,,8983,11,,,2,54,,8968,11,,,2,100,,8970,11,,,2,100,,8973,11,,,2,100,,8971,11,,,2,100,,8972,11,,,2,99,,8969,11,,,2
5802,'SAM',605,,9000,11,,,2,100,,8985,11,,,2,51,,8998,11,,,2,100,,9001,11,,,2,100,,8989,11,,,2,99,,8991,11,,,2,103,,8999,11,,,2,98,,8994,11,,,2,145,,8997,11,,,2,54,,8986,11,,,2,151,,8988,11,,,2,99,,9002,11,,,2,52,,8987,11,,,2,100,,8995,11,,,2,143,,8993,11,,,2,57,,8990,11,,,2,100,,8992,11,,,2,99,,8996,11,,,2
5802,'SEM',524,,9022,11,,,2,26,,9006,11,,,2,76,,9026,11,,,2,13,,9005,11,,,2,18,,9027,3,,,2,48,,9024,11,,,2,30,,9009,11,,,2,18,,9003,11,,,2,82,,9004,11,,,2,82,,9011,11,,,2,100,,9010,11,,,2,100,,9023,11,,,2,100,,9007,11,,,2,100,,9025,11,,,2,101,,9008,11,,,2,25,,9015,11,,,2,70,,9012,11,,,2,106,,9014,11,,,2,30,,9021,11,,,2,100,,9016,11,,,2,100,,9017,11,,,2,87,,9013,11,,,2,99,,9020,11,,,2,100,,9018,11,,,2,100,,9019,11,,,2
22202,'DIM',1441,,10843,23,,,2
22202,'SAM',1441,,10846,23,,,2,895,,10845,23,,,2,103,,10844,23,,,2
22202,'SEM',547,,10853,23,,,2,110,,10847,23,,,2,88,,10848,23,,,2,769,,10849,23,,,2,29,,10850,23,,,2,704,,10852,23,,,2,65,,10851,23,,,2
32202,'SAM',2552,,10983,17,,,2
32202,'SEM',2421,,10984,17,,,2,85,,10985,17,,,2
