1703,'DIM',629,,5976,21,,,1,84,,94,21,,,1,99,,5966,21,,,1,99,,5971,21,,,1,99,,5972,21,,,1,101,,5975,21,,,1,101,,5973,21,,,1,100,,5977,21,,,1,101,,5979,21,,,1,99,,5970,21,,,1,102,,5974,21,,,1,96,,5962,21,,,1,100,,5978,21,,,1,99,,5965,21,,,1,102,,5963,21,,,1,99,,5964,21,,,1,101,,5967,21,,,1,100,,89,21,,,1,102,,5969,21,,,1,120,,5968,21,,,1
1703,'SAM',545,,5991,21,,,1,84,,5983,21,,,1,84,,5990,21,,,1,98,,5996,21,,,1,100,,5993,21,,,1,100,,5994,21,,,1,102,,5992,21,,,1,99,,5998,21,,,1,100,,5989,21,,,1,101,,5995,21,,,1,99,,5999,21,,,1,102,,5997,21,,,1,97,,6000,21,,,1,99,,5980,21,,,1,98,,5981,21,,,1,101,,5982,21,,,1,99,,5988,21,,,1,103,,5986,21,,,1,100,,5987,21,,,1,103,,5984,21,,,1,121,,5985,21,,,1
1703,'SEM',600,,6021,21,,,1,112,,6003,21,,,1,103,,6009,21,,,1,96,,6008,21,,,1,99,,6024,21,,,1,100,,6011,21,,,1,101,,6007,21,,,1,100,,6004,21,,,1,99,,6005,21,,,1,97,,6010,21,,,1,38,,6012,21,,,1,63,,6006,21,,,1,35,,6001,21,,,1,67,,6017,21,,,1,32,,6002,21,,,1,76,,6014,21,,,1,29,,6013,21,,,1,68,,6019,21,,,1,100,,6015,21,,,1,99,,6016,21,,,1,100,,6020,21,,,1,100,,6018,21,,,1,92,,6023,21,,,1,108,,6022,21,,,1
3103,'DIM',643,,6925,23,,,1,99,,6924,23,,,1,99,,6929,23,,,1,99,,6932,23,,,1,99,,6933,23,,,1,101,,6930,23,,,1,100,,6926,23,,,1,102,,6928,23,,,1,101,,6916,23,,,1,96,,6927,23,,,1,101,,6931,23,,,1,101,,6920,23,,,1,98,,6918,23,,,1,100,,6919,23,,,1,102,,6917,23,,,1,100,,6923,23,,,1,100,,6922,23,,,1,100,,6921,23,,,1
3103,'SAM',643,,6946,23,,,1,100,,6949,23,,,1,98,,6947,23,,,1,98,,6950,23,,,1,98,,6952,23,,,1,101,,6934,23,,,1,102,,6944,23,,,1,101,,6948,23,,,1,100,,6945,23,,,1,102,,6951,23,,,1,97,,6937,23,,,1,101,,6938,23,,,1,99,,6941,23,,,1,99,,6935,23,,,1,100,,6942,23,,,1,102,,6943,23,,,1,102,,6936,23,,,1,97,,6940,23,,,1,98,,6939,23,,,1
3103,'SEM',638,,6975,23,,,1,101,,6954,23,,,1,101,,6972,23,,,1,99,,6974,23,,,1,100,,6973,23,,,1,100,,6953,23,,,1,101,,6971,23,,,1,100,,6956,23,,,1,100,,6957,23,,,1,98,,6961,23,,,1,63,,6963,23,,,1,36,,6958,23,,,1,20,,6955,23,,,1,80,,6968,23,,,1,69,,6970,23,,,1,30,,6964,23,,,1,72,,6960,23,,,1,36,,6966,23,,,1,102,,6959,23,,,1,99,,6962,23,,,1,102,,6967,23,,,1,97,,6965,23,,,1,110,,6969,23,,,1
7303,'DIM',658,,9874,21,,,1,99,,9869,21,,,1,99,,9871,21,,,1,99,,9868,21,,,1,101,,9870,21,,,1,99,,9872,21,,,1,102,,9861,21,,,1,99,,9867,21,,,1,100,,9873,21,,,1,100,,9875,21,,,1,101,,9859,21,,,1,100,,9860,21,,,1,97,,9857,21,,,1,102,,9862,21,,,1,100,,9865,21,,,1,100,,9858,21,,,1,100,,9863,21,,,1,101,,9866,21,,,1,146,,9864,21,,,1
7303,'SAM',602,,9890,21,,,1,56,,9877,21,,,1,99,,9894,21,,,1,99,,9892,21,,,1,99,,9879,21,,,1,101,,9891,21,,,1,100,,9895,21,,,1,100,,9893,21,,,1,101,,9876,21,,,1,100,,9896,21,,,1,100,,9897,21,,,1,100,,9882,21,,,1,100,,9878,21,,,1,98,,9884,21,,,1,101,,9883,21,,,1,100,,9880,21,,,1,100,,9881,21,,,1,100,,9885,21,,,1,102,,9886,21,,,1,145,,9888,21,,,1,102,,9887,21,,,1,98,,9889,21,,,1
7303,'SEM',551,,9942,21,,,1,65,,9939,21,,,1,37,,9940,21,,,1,48,,9908,21,,,1,37,,9904,21,,,1,63,,9911,21,,,1,41,,9913,21,,,1,14,,9921,21,,,1,69,,9903,21,,,1,30,,9901,21,,,1,70,,9943,21,,,1,30,,9915,21,,,1,70,,9909,21,,,1,30,,9941,21,,,1,70,,9910,21,,,1,30,,9918,21,,,1,70,,9944,21,,,1,30,,9902,21,,,1,70,,9919,21,,,1,27,,9899,21,,,1,72,,9912,21,,,1,30,,9945,21,,,1,61,,9898,21,,,1,17,,9926,21,,,1,18,,9914,21,,,1,53,,9900,21,,,1,13,,9905,21,,,1,14,,9907,21,,,1,14,,9906,21,,,1,13,,9929,21,,,1,53,,9916,21,,,1,17,,9922,21,,,1,14,,9917,21,,,1,59,,9928,21,,,1,34,,9932,21,,,1,66,,9920,21,,,1,33,,9923,21,,,1,68,,9935,21,,,1,31,,9925,21,,,1,70,,9927,21,,,1,27,,9924,21,,,1,73,,9931,21,,,1,30,,9936,21,,,1,70,,9938,21,,,1,35,,9930,21,,,1,70,,9933,21,,,1,27,,9934,21,,,1,122,,9937,21,,,1
7401,'DIM',728,,10038,21,,,2,98,,10039,21,,,2,100,,10045,21,,,2,99,,10043,21,,,2,101,,10040,21,,,2,100,,10041,21,,,2,102,,10042,21,,,2,100,,10046,21,,,2,100,,10044,21,,,2,99,,10047,21,,,2,100,,10031,21,,,2,98,,10035,21,,,2,100,,10037,21,,,2,101,,10036,21,,,2,101,,10034,21,,,2,99,,10032,21,,,2,100,,10033,21,,,2
7401,'SAM',729,,10058,21,,,2,99,,10056,21,,,2,100,,10061,21,,,2,99,,10064,21,,,2,100,,10059,21,,,2,100,,10062,21,,,2,99,,10057,21,,,2,102,,10063,21,,,2,100,,10060,21,,,2,101,,10050,21,,,2,98,,10048,21,,,2,100,,10054,21,,,2,100,,10055,21,,,2,101,,10053,21,,,2,101,,10049,21,,,2,97,,10051,21,,,2,100,,10052,21,,,2
7401,'SEM',630,,10082,21,,,2,96,,10083,21,,,2,100,,10069,21,,,2,105,,10071,21,,,2,97,,10068,21,,,2,100,,10081,21,,,2,101,,10084,21,,,2,101,,10067,21,,,2,100,,10065,21,,,2,100,,10072,21,,,2,92,,10066,21,,,2,101,,10075,21,,,2,27,,10070,21,,,2,80,,10079,21,,,2,98,,10073,21,,,2,100,,10077,21,,,2,100,,10076,21,,,2,97,,10074,21,,,2,103,,10078,21,,,2,98,,10080,21,,,2
