1704,'DIM',507,,6036,34,,,1,50,,6039,34,,,1,146,,6042,34,,,1,97,,6035,34,,,1,100,,6029,34,,,1,101,,6034,34,,,1,100,,6037,34,,,1,100,,6041,34,,,1,103,,6038,34,,,1,100,,6043,34,,,1,102,,6045,34,,,1,99,,6033,34,,,1,101,,6040,34,,,1,100,,6025,34,,,1,98,,6044,34,,,1,99,,6028,34,,,1,99,,6026,34,,,1,99,,6027,34,,,1,99,,6030,34,,,1,59,,6032,34,,,1,96,,6031,34,,,1
1704,'SAM',508,,6057,34,,,1,49,,6054,34,,,1,146,,6049,34,,,1,97,,6056,34,,,1,100,,6062,34,,,1,102,,6059,34,,,1,99,,6060,34,,,1,100,,6058,34,,,1,102,,6064,34,,,1,100,,6055,34,,,1,101,,6061,34,,,1,101,,6065,34,,,1,102,,6063,34,,,1,99,,6066,34,,,1,98,,6046,34,,,1,99,,6047,34,,,1,99,,6048,34,,,1,99,,6053,34,,,1,99,,6051,34,,,1,59,,6052,34,,,1,96,,6050,34,,,1
1704,'SEM',520,,6078,34,,,1,102,,6088,34,,,1,20,,6068,34,,,1,62,,6072,34,,,1,16,,6074,34,,,1,25,,6089,34,,,1,74,,6067,34,,,1,101,,6071,34,,,1,84,,6076,34,,,1,99,,6070,34,,,1,101,,6079,34,,,1,100,,6075,34,,,1,100,,6069,34,,,1,102,,6073,34,,,1,103,,6077,34,,,1,98,,6084,34,,,1,101,,6082,34,,,1,99,,6080,34,,,1,98,,6086,34,,,1,100,,6081,34,,,1,98,,6083,34,,,1,100,,6087,34,,,1,99,,6085,34,,,1
2704,'DIM',753,,6871,39,,,2,101,,6872,39,,,2,100,,6874,39,,,2,99,,6869,39,,,2,95,,6870,39,,,2,105,,6873,39,,,2,102,,6868,39,,,2,100,,6867,39,,,2,95,,6861,39,,,2,101,,6862,39,,,2,105,,6866,39,,,2,99,,6860,39,,,2,100,,6859,39,,,2,98,,6865,39,,,2,100,,6863,39,,,2,100,,6864,39,,,2
2704,'SAM',653,,6890,39,,,2,100,,6887,39,,,2,100,,6885,39,,,2,96,,6889,39,,,2,104,,6891,39,,,2,95,,6884,39,,,2,105,,6875,39,,,2,96,,6886,39,,,2,106,,6888,39,,,2,146,,6880,39,,,2,55,,6882,39,,,2,100,,6883,39,,,2,99,,6878,39,,,2,100,,6881,39,,,2,98,,6877,39,,,2,100,,6879,39,,,2,99,,6876,39,,,2
2704,'SEM',617,,6911,39,,,2,29,,6895,39,,,2,73,,6893,39,,,2,24,,6898,39,,,2,64,,6913,39,,,2,30,,6910,39,,,2,79,,6892,39,,,2,40,,6897,39,,,2,96,,6914,39,,,2,150,,6912,39,,,2,55,,6894,39,,,2,90,,6915,39,,,2,101,,6901,39,,,2,104,,6896,39,,,2,79,,6900,39,,,2,80,,6899,39,,,2,16,,6908,39,,,2,28,,6904,39,,,2,73,,6906,39,,,2,73,,6905,39,,,2,100,,6903,39,,,2,45,,6909,39,,,2,100,,6902,39,,,2,100,,6907,39,,,2
3104,'DIM',627,,1107,44,,,1,103,,6985,44,,,1,100,,6984,44,,,1,101,,6989,44,,,1,102,,6992,44,,,1,100,,6993,44,,,1,101,,6990,44,,,1,101,,6986,44,,,1,102,,6988,44,,,1,102,,6976,44,,,1,96,,6987,44,,,1,101,,6991,44,,,1,98,,6979,44,,,1,100,,6978,44,,,1,99,,6980,44,,,1,99,,6977,44,,,1,99,,6983,44,,,1,98,,6982,44,,,1,101,,6981,44,,,1
3104,'SAM',526,,7010,44,,,1,99,,7004,44,,,1,105,,7006,44,,,1,101,,7009,44,,,1,100,,7007,44,,,1,101,,7011,44,,,1,99,,7013,44,,,1,101,,6994,44,,,1,103,,7003,44,,,1,101,,7008,44,,,1,101,,7005,44,,,1,102,,7012,44,,,1,97,,6997,44,,,1,100,,6998,44,,,1,98,,7000,44,,,1,99,,6995,44,,,1,99,,7001,44,,,1,99,,7002,44,,,1,98,,6996,44,,,1,101,,6999,44,,,1
3104,'SEM',457,,7030,44,,,1,71,,1143,44,,,1,85,,7031,44,,,1,22,,7033,44,,,1,23,,7016,44,,,1,73,,7018,44,,,1,72,,7029,44,,,1,30,,7015,44,,,1,70,,7017,44,,,1,31,,7034,44,,,1,100,,7036,44,,,1,100,,7035,44,,,1,100,,7014,44,,,1,100,,7032,44,,,1,100,,7019,44,,,1,104,,7020,44,,,1,102,,7023,44,,,1,101,,7021,44,,,1,97,,7028,44,,,1,98,,7025,44,,,1,101,,7026,44,,,1,99,,7022,44,,,1,99,,7024,44,,,1,105,,7027,44,,,1
3904,'DIM',837,,1465,44,,,1,99,,7336,44,,,1,95,,7342,44,,,1,14,,7340,44,,,1,74,,7344,44,,,1,28,,7349,44,,,1,74,,7337,44,,,1,31,,7348,44,,,1,71,,7335,44,,,1,29,,7330,44,,,1,76,,7339,44,,,1,25,,7338,44,,,1,68,,7343,44,,,1,27,,7346,44,,,1,76,,7345,44,,,1,30,,7332,44,,,1,70,,7341,44,,,1,30,,7347,44,,,1,79,,7333,44,,,1,85,,7328,44,,,1,100,,7331,44,,,1,97,,7334,44,,,1,100,,7329,44,,,1
3904,'SAM',837,,7364,44,,,1,101,,7363,44,,,1,93,,7365,44,,,1,14,,7369,44,,,1,76,,7366,44,,,1,30,,7361,44,,,1,70,,7368,44,,,1,31,,7370,44,,,1,70,,7360,44,,,1,30,,7359,44,,,1,75,,7362,44,,,1,29,,7350,44,,,1,69,,7351,44,,,1,25,,7367,44,,,1,74,,7354,44,,,1,30,,7371,44,,,1,70,,7355,44,,,1,30,,7357,44,,,1,79,,7352,44,,,1,85,,7356,44,,,1,100,,7358,44,,,1,97,,7353,44,,,1,100,,1475,44,,,1
3904,'SEM',626,,7394,44,,,1,81,,7375,44,,,1,12,,7382,44,,,1,10,,7384,44,,,1,74,,7376,44,,,1,28,,7374,44,,,1,77,,11141,44,,,1,25,,7383,44,,,1,70,,7397,44,,,1,29,,7381,44,,,1,70,,7393,44,,,1,30,,7391,44,,,1,70,,7373,44,,,1,30,,7396,44,,,1,70,,7392,44,,,1,30,,7395,44,,,1,75,,11190,44,,,1,30,,7378,44,,,1,70,,7372,44,,,1,33,,7377,44,,,1,106,,7386,44,,,1,107,,7379,44,,,1,102,,7390,44,,,1,101,,7388,44,,,1,99,,7389,44,,,1,99,,7387,44,,,1
4304,'DIM',504,,2049,19,,,1,102,,2043,19,,,1,101,,7958,19,,,1,102,,7959,19,,,1,101,,7960,19,,,1,100,,7953,19,,,1,106,,7954,19,,,1,102,,7961,19,,,1,99,,7964,19,,,1,102,,7962,19,,,1,98,,7965,19,,,1,102,,7963,19,,,1,100,,7948,19,,,1,105,,7952,19,,,1,95,,7957,19,,,1,100,,7956,19,,,1,100,,7950,19,,,1,99,,7949,19,,,1,99,,7951,19,,,1,91,,7955,19,,,1
4304,'SAM',504,,2068,19,,,1,102,,7976,19,,,1,101,,7972,19,,,1,102,,7973,19,,,1,101,,7977,19,,,1,104,,7980,19,,,1,103,,7983,19,,,1,101,,7981,19,,,1,100,,7966,19,,,1,104,,7982,19,,,1,98,,7979,19,,,1,98,,7978,19,,,1,101,,7985,19,,,1,100,,7984,19,,,1,102,,7967,19,,,1,98,,7969,19,,,1,100,,7968,19,,,1,99,,7974,19,,,1,99,,7971,19,,,1,91,,7970,19,,,1,100,,7975,19,,,1
4304,'SEM',524,,8011,19,,,1,32,,8014,19,,,1,76,,7987,19,,,1,20,,7991,19,,,1,60,,7994,19,,,1,21,,8001,19,,,1,23,,8015,19,,,1,67,,8007,19,,,1,33,,7990,19,,,1,70,,7993,19,,,1,33,,7998,19,,,1,68,,7989,19,,,1,30,,7986,19,,,1,70,,8018,19,,,1,30,,8002,19,,,1,70,,7992,19,,,1,30,,8016,19,,,1,70,,8017,19,,,1,30,,7997,19,,,1,71,,7999,19,,,1,31,,7996,19,,,1,71,,7988,19,,,1,72,,8000,19,,,1,26,,7995,19,,,1,30,,8005,19,,,1,97,,8004,19,,,1,95,,8003,19,,,1,99,,8013,19,,,1,100,,8009,19,,,1,99,,8010,19,,,1,100,,8006,19,,,1,110,,8008,19,,,1,62,,8012,19,,,1
7304,'DIM',542,,4008,62,,,1,70,,3997,62,,,1,102,,9957,62,,,1,101,,9963,62,,,1,100,,9958,62,,,1,102,,9960,62,,,1,101,,9956,62,,,1,100,,9959,62,,,1,101,,9961,62,,,1,101,,9950,62,,,1,101,,9955,62,,,1,101,,9962,62,,,1,100,,9964,62,,,1,99,,9948,62,,,1,98,,9949,62,,,1,99,,9946,62,,,1,99,,9951,62,,,1,99,,9953,62,,,1,98,,9947,62,,,1,101,,9952,62,,,1,99,,9954,62,,,1
7304,'SAM',542,,9987,62,,,1,70,,9975,62,,,1,104,,9979,62,,,1,99,,9967,62,,,1,100,,9983,62,,,1,102,,9981,62,,,1,102,,9968,62,,,1,101,,9980,62,,,1,99,,9984,62,,,1,101,,9982,62,,,1,101,,9965,62,,,1,102,,9985,62,,,1,99,,9986,62,,,1,99,,9971,62,,,1,98,,9966,62,,,1,99,,9973,62,,,1,99,,9972,62,,,1,99,,9969,62,,,1,98,,9970,62,,,1,101,,9974,62,,,1,99,,9976,62,,,1,100,,9978,62,,,1,99,,9977,62,,,1
7304,'SEM',506,,10017,62,,,1,44,,10015,62,,,1,80,,10026,62,,,1,18,,10028,62,,,1,66,,10027,62,,,1,12,,9994,62,,,1,12,,10023,62,,,1,13,,10000,62,,,1,61,,10003,62,,,1,16,,10024,62,,,1,15,,9995,62,,,1,66,,9992,62,,,1,29,,9998,62,,,1,82,,10007,62,,,1,29,,9993,62,,,1,70,,9990,62,,,1,30,,10029,62,,,1,70,,10002,62,,,1,35,,9996,62,,,1,66,,10025,62,,,1,30,,9997,62,,,1,70,,10004,62,,,1,30,,10030,62,,,1,72,,9991,62,,,1,82,,10005,62,,,1,13,,9989,62,,,1,19,,9988,62,,,1,75,,9999,62,,,1,15,,10012,62,,,1,25,,10011,62,,,1,73,,10001,62,,,1,35,,10018,62,,,1,63,,10016,62,,,1,32,,10008,62,,,1,66,,10014,62,,,1,31,,10020,62,,,1,71,,10006,62,,,1,27,,10009,62,,,1,70,,10021,62,,,1,29,,10010,62,,,1,70,,10013,62,,,1,100,,10019,62,,,1,94,,10022,62,,,1
7402,'DIM',642,,10092,75,,,2,102,,10096,75,,,2,101,,10095,75,,,2,101,,10097,75,,,2,102,,10099,75,,,2,101,,10088,75,,,2,100,,10093,75,,,2,101,,10094,75,,,2,102,,10098,75,,,2,99,,10100,75,,,2,99,,10101,75,,,2,101,,10085,75,,,2,98,,10087,75,,,2,98,,10089,75,,,2,99,,10091,75,,,2,100,,10090,75,,,2,99,,10086,75,,,2
7402,'SAM',642,,10112,75,,,2,102,,10115,75,,,2,99,,10103,75,,,2,101,,10117,75,,,2,104,,10116,75,,,2,101,,10111,75,,,2,99,,10114,75,,,2,101,,10113,75,,,2,103,,10102,75,,,2,99,,10118,75,,,2,100,,10105,75,,,2,98,,10106,75,,,2,98,,10107,75,,,2,100,,10110,75,,,2,98,,10104,75,,,2,100,,10108,75,,,2,99,,10109,75,,,2
7402,'SEM',605,,10136,75,,,2,48,,10137,75,,,2,55,,10122,75,,,2,47,,10126,75,,,2,96,,10121,75,,,2,98,,10124,75,,,2,98,,10133,75,,,2,100,,10125,75,,,2,100,,10134,75,,,2,100,,10119,75,,,2,100,,10123,75,,,2,106,,10120,75,,,2,99,,10128,75,,,2,101,,10132,75,,,2,96,,10127,75,,,2,99,,10131,75,,,2,99,,10135,75,,,2,99,,10130,75,,,2,100,,10129,75,,,2
