3704,'DIM',659,,7202,10,,,2,74,,7205,10,,,2,100,,7211,10,,,2,100,,7208,10,,,2,100,,7206,10,,,2,100,,7201,10,,,2,101,,7207,10,,,2,99,,7203,10,,,2,100,,7204,10,,,2,100,,7210,10,,,2,100,,7199,10,,,2,104,,7209,10,,,2,87,,7200,10,,,2
3704,'SAM',659,,7221,10,,,2,78,,7219,10,,,2,100,,7224,10,,,2,96,,7215,10,,,2,103,,7212,10,,,2,97,,7216,10,,,2,101,,7223,10,,,2,101,,7222,10,,,2,104,,7220,10,,,2,99,,7213,10,,,2,99,,7214,10,,,2,99,,7217,10,,,2,89,,7218,10,,,2
3704,'SEM',545,,7248,10,,,2,78,,7225,10,,,2,98,,7234,10,,,2,80,,7251,10,,,2,37,,11276,10,,,2,76,,7247,10,,,2,29,,7227,10,,,2,96,,11156,10,,,2,100,,7229,10,,,2,100,,7250,10,,,2,100,,7228,10,,,2,103,,7230,10,,,2,78,,7232,10,,,2,20,,7231,10,,,2,14,,7240,10,,,2,57,,7236,10,,,2,20,,7239,10,,,2,9,,7226,10,,,2,19,,7235,10,,,2,60,,7233,10,,,2,94,,7241,10,,,2,100,,7245,10,,,2,101,,7238,10,,,2,99,,7237,10,,,2,100,,7244,10,,,2,100,,7246,10,,,2,96,,7243,10,,,2
6304,'DIM',740,,9342,34,,,1,100,,9348,34,,,1,100,,9343,34,,,1,102,,9345,34,,,1,95,,9344,34,,,1,107,,9349,34,,,1,95,,9346,34,,,1,103,,9347,34,,,1,100,,9336,34,,,1,102,,9350,34,,,1,102,,9334,34,,,1,98,,9341,34,,,1,100,,9335,34,,,1,99,,9337,34,,,1,100,,9339,34,,,1,100,,9338,34,,,1,100,,9340,34,,,1
6304,'SAM',635,,9365,34,,,1,102,,9361,34,,,1,103,,9357,34,,,1,100,,9364,34,,,1,102,,9363,34,,,1,103,,9366,34,,,1,99,,9368,34,,,1,96,,9362,34,,,1,104,,9369,34,,,1,106,,9353,34,,,1,95,,9367,34,,,1,101,,9351,34,,,1,99,,9354,34,,,1,103,,9352,34,,,1,95,,9355,34,,,1,100,,9358,34,,,1,100,,9356,34,,,1,99,,9359,34,,,1,95,,9360,34,,,1
6304,'SEM',457,,9401,34,,,1,151,,9399,34,,,1,22,,9402,34,,,1,79,,9379,34,,,1,9,,9382,34,,,1,35,,9386,34,,,1,66,,9370,34,,,1,19,,9404,34,,,1,67,,9375,34,,,1,29,,9384,34,,,1,70,,9385,34,,,1,30,,9372,34,,,1,24,,9371,34,,,1,70,,9400,34,,,1,30,,9377,34,,,1,71,,9378,34,,,1,71,,9383,34,,,1,30,,9403,34,,,1,70,,9373,34,,,1,31,,9374,34,,,1,71,,9376,34,,,1,38,,9380,34,,,1,6,,9390,34,,,1,71,,9381,34,,,1,22,,9387,34,,,1,74,,9393,34,,,1,14,,9392,34,,,1,29,,9396,34,,,1,72,,9398,34,,,1,79,,9391,34,,,1,94,,9395,34,,,1,40,,9397,34,,,1,90,,9388,34,,,1,99,,9389,34,,,1,93,,9394,34,,,1
6504,'DIM',717,,9501,53,,,2,101,,9500,53,,,2,101,,9504,53,,,2,101,,9505,53,,,2,97,,9499,53,,,2,107,,9506,53,,,2,102,,9491,53,,,2,100,,9503,53,,,2,94,,9492,53,,,2,106,,9502,53,,,2,97,,9493,53,,,2,102,,9498,53,,,2,98,,9507,53,,,2,100,,9494,53,,,2,100,,9496,53,,,2,97,,9495,53,,,2,99,,9497,53,,,2
6504,'SAM',717,,9518,53,,,2,101,,9516,53,,,2,101,,9517,53,,,2,101,,9522,53,,,2,98,,9521,53,,,2,105,,9524,53,,,2,102,,9520,53,,,2,101,,9519,53,,,2,100,,9509,53,,,2,100,,9523,53,,,2,97,,9508,53,,,2,99,,9525,53,,,2,101,,9513,53,,,2,100,,9511,53,,,2,100,,9515,53,,,2,97,,9510,53,,,2,99,,9512,53,,,2,100,,9514,53,,,2
6504,'SEM',533,,9543,53,,,2,89,,9557,53,,,2,16,,9569,53,,,2,16,,9527,53,,,2,5,,9571,38,,,2,51,,9554,53,,,2,5,,9572,38,,,2,4,,9560,53,,,2,4,,9573,38,,,2,4,,9532,53,,,2,3,,9574,38,,,2,7,,11303,53,,,2,8,,9570,53,,,2,8,,9559,53,,,2,54,,9528,53,,,2,21,,9531,53,,,2,10,,9561,53,,,2,13,,9566,53,,,2,56,,9535,53,,,2,24,,9558,53,,,2,69,,9536,53,,,2,31,,9567,53,,,2,69,,9529,53,,,2,30,,9565,53,,,2,73,,9564,53,,,2,26,,9549,53,,,2,79,,9563,53,,,2,21,,9526,53,,,2,30,,9568,53,,,2,70,,9533,53,,,2,30,,9534,53,,,2,77,,9537,53,,,2,67,,9544,53,,,2,31,,9546,53,,,2,16,,9547,53,,,2,71,,9553,53,,,2,16,,9541,53,,,2,67,,9530,53,,,2,36,,9548,53,,,2,72,,9556,53,,,2,27,,9539,53,,,2,72,,9551,53,,,2,44,,9538,53,,,2,70,,9540,53,,,2,30,,9542,53,,,2,61,,9545,53,,,2,36,,9552,53,,,2,100,,9550,53,,,2,101,,9555,53,,,2
7002,'DIM',559,,9795,37,,,1,80,,9796,37,,,1,90,,3827,60,,,1,101,,9785,60,,,1,100,,9786,60,,,1,102,,9783,60,,,1,27,,9781,60,,,1,73,,9772,60,,,1,72,,9793,60,,,1,29,,9782,60,,,1,67,,9778,60,,,1,33,,9780,60,,,1,70,,9789,60,,,1,30,,9787,60,,,1,70,,9788,60,,,1,30,,9776,60,,,1,71,,9784,60,,,1,24,,9790,60,,,1,78,,9773,60,,,1,33,,9792,60,,,1,74,,9771,60,,,1,34,,9791,60,,,1,95,,9794,60,,,1,94,,9774,60,,,1,95,,9770,60,,,1,98,,9777,60,,,1,99,,9775,60,,,1,103,,9779,60,,,1
7002,'SAM',559,,9823,37,,,1,80,,3875,37,,,1,90,,9814,60,,,1,97,,9812,60,,,1,99,,9817,60,,,1,101,,9816,60,,,1,75,,9810,60,,,1,31,,9813,60,,,1,72,,9809,60,,,1,29,,9802,60,,,1,72,,9815,60,,,1,27,,9807,60,,,1,75,,9820,60,,,1,26,,9798,60,,,1,76,,9808,60,,,1,29,,9819,60,,,1,63,,9811,60,,,1,32,,9822,60,,,1,69,,9821,60,,,1,31,,9818,60,,,1,82,,9797,60,,,1,32,,9804,60,,,1,95,,9806,60,,,1,89,,9805,60,,,1,98,,9799,60,,,1,99,,9800,60,,,1,100,,9801,60,,,1,101,,9803,60,,,1
7002,'SEM',604,,9844,60,,,1,100,,9829,60,,,1,27,,9850,60,,,1,70,,9856,60,,,1,33,,9828,60,,,1,69,,9830,60,,,1,30,,9854,60,,,1,70,,9853,60,,,1,30,,9826,60,,,1,70,,9843,60,,,1,30,,9851,60,,,1,70,,9825,60,,,1,30,,9852,60,,,1,71,,9845,60,,,1,30,,9855,60,,,1,80,,9827,60,,,1,20,,9824,60,,,1,68,,9832,60,,,1,33,,9836,60,,,1,71,,9831,60,,,1,32,,9838,60,,,1,71,,9833,60,,,1,28,,9834,60,,,1,71,,9837,60,,,1,35,,9835,60,,,1,71,,9841,60,,,1,38,,9842,60,,,1,85,,9848,60,,,1,100,,9839,60,,,1,103,,9840,60,,,1,105,,9846,60,,,1,102,,9849,60,,,1,104,,9847,60,,,1
7601,'DIM',504,,10168,28,,,2,100,,10145,73,,,2,25,,10156,73,,,2,104,,10142,73,,,2,100,,10158,73,,,2,100,,10150,73,,,2,70,,10163,73,,,2,30,,10161,73,,,2,70,,10166,73,,,2,30,,10159,73,,,2,70,,10164,73,,,2,29,,10146,73,,,2,71,,10151,73,,,2,32,,10149,73,,,2,70,,10162,73,,,2,30,,10138,73,,,2,70,,10152,73,,,2,29,,10157,73,,,2,70,,10143,73,,,2,31,,10147,73,,,2,70,,10165,73,,,2,31,,10167,73,,,2,70,,10144,73,,,2,35,,10160,73,,,2,96,,10140,73,,,2,100,,10139,73,,,2,100,,10141,73,,,2,98,,10155,73,,,2,100,,10148,73,,,2,100,,10153,73,,,2,95,,10154,73,,,2
7601,'SAM',504,,10199,28,,,2,106,,10173,73,,,2,19,,10181,73,,,2,104,,10187,73,,,2,100,,10184,73,,,2,102,,10192,73,,,2,68,,10194,73,,,2,30,,10185,73,,,2,70,,10178,73,,,2,30,,10189,73,,,2,70,,10195,73,,,2,27,,10193,73,,,2,73,,10186,73,,,2,26,,10172,73,,,2,76,,10182,73,,,2,30,,10190,73,,,2,70,,10191,73,,,2,29,,10197,73,,,2,71,,10183,73,,,2,28,,10188,73,,,2,72,,10169,73,,,2,31,,10196,73,,,2,76,,10198,73,,,2,27,,10174,73,,,2,98,,10176,73,,,2,100,,10180,73,,,2,99,,10177,73,,,2,99,,10170,73,,,2,100,,10171,73,,,2,102,,10175,73,,,2,93,,10179,73,,,2
7601,'SEM',525,,10204,73,,,2,89,,10230,73,,,2,20,,10228,73,,,2,22,,10237,73,,,2,52,,10234,73,,,2,9,,10200,73,,,2,13,,10220,73,,,2,19,,10209,73,,,2,52,,10231,73,,,2,18,,10229,73,,,2,25,,10238,73,,,2,59,,10214,73,,,2,19,,10205,73,,,2,20,,10211,73,,,2,75,,10202,73,,,2,25,,10208,73,,,2,70,,10232,73,,,2,30,,10213,73,,,2,70,,10236,73,,,2,30,,10227,73,,,2,70,,10233,73,,,2,30,,10235,73,,,2,70,,10207,73,,,2,35,,10212,73,,,2,67,,10201,73,,,2,29,,10210,73,,,2,64,,10206,73,,,2,34,,10218,73,,,2,61,,10221,73,,,2,30,,10203,73,,,2,27,,10224,73,,,2,68,,10225,73,,,2,30,,10219,73,,,2,73,,10223,73,,,2,77,,10215,73,,,2,98,,10216,73,,,2,99,,10217,73,,,2,100,,10222,73,,,2,103,,10226,73,,,2
