4604,'DIM',542,,2298,55,,,1,100,,2304,55,,,1,101,,8226,55,,,1,100,,8227,55,,,1,101,,8224,55,,,1,102,,8229,55,,,1,103,,8231,55,,,1,99,,8232,55,,,1,96,,8225,55,,,1,102,,8216,55,,,1,107,,8228,55,,,1,96,,8219,55,,,1,102,,8220,55,,,1,98,,8230,55,,,1,99,,8222,55,,,1,100,,8217,55,,,1,100,,8221,55,,,1,99,,8223,55,,,1,100,,8218,55,,,1
4604,'SAM',542,,8234,55,,,1,100,,2327,55,,,1,101,,8245,55,,,1,100,,8246,55,,,1,101,,8250,55,,,1,102,,8248,55,,,1,103,,8247,55,,,1,101,,8251,55,,,1,97,,8233,55,,,1,102,,8244,55,,,1,105,,8243,55,,,1,97,,8249,55,,,1,99,,8236,55,,,1,99,,8239,55,,,1,99,,8242,55,,,1,100,,8237,55,,,1,100,,8240,55,,,1,95,,8235,55,,,1,100,,8238,55,,,1,103,,8241,55,,,1
4604,'SEM',504,,8283,55,,,1,48,,8278,55,,,1,68,,8280,55,,,1,27,,8252,55,,,1,63,,8258,55,,,1,12,,8260,55,,,1,11,,8263,55,,,1,68,,8253,55,,,1,33,,8266,55,,,1,25,,8261,55,,,1,71,,8267,55,,,1,25,,8262,55,,,1,70,,8255,55,,,1,30,,8264,55,,,1,70,,11288,55,,,1,30,,8281,55,,,1,70,,8282,55,,,1,30,,8284,55,,,1,70,,8279,55,,,1,76,,8254,55,,,1,24,,8257,55,,,1,32,,8256,55,,,1,73,,8270,55,,,1,84,,8259,55,,,1,34,,8273,55,,,1,61,,8265,55,,,1,94,,8268,55,,,1,51,,8276,55,,,1,95,,8269,55,,,1,99,,8277,55,,,1,99,,8271,55,,,1,100,,8274,55,,,1,99,,8275,55,,,1
6002,'DIM',725,,9084,46,,,1,102,,9093,46,,,1,101,,9092,46,,,1,101,,9096,46,,,1,103,,9094,46,,,1,104,,9098,46,,,1,100,,9095,46,,,1,100,,9097,46,,,1,100,,9099,46,,,1,99,,9083,46,,,1,99,,9100,46,,,1,97,,9090,46,,,1,97,,9086,46,,,1,100,,9085,46,,,1,99,,9088,46,,,1,100,,9087,46,,,1,99,,9089,46,,,1,97,,9091,46,,,1
6002,'SAM',725,,9114,46,,,1,102,,9113,46,,,1,95,,9116,46,,,1,107,,9112,46,,,1,103,,9110,46,,,1,104,,9118,46,,,1,100,,9117,46,,,1,97,,9111,46,,,1,103,,9115,46,,,1,99,,9102,46,,,1,99,,9106,46,,,1,97,,9107,46,,,1,97,,9101,46,,,1,100,,9105,46,,,1,99,,9103,46,,,1,100,,9109,46,,,1,99,,9108,46,,,1,97,,9104,46,,,1
6002,'SEM',702,,9119,46,,,1,124,,9135,46,,,1,82,,9134,46,,,1,102,,11298,46,,,1,96,,9121,46,,,1,101,,9123,46,,,1,100,,9137,46,,,1,100,,9136,46,,,1,97,,9124,46,,,1,106,,9120,46,,,1,102,,9125,46,,,1,98,,9131,46,,,1,95,,9127,46,,,1,97,,9130,46,,,1,57,,9133,46,,,1,99,,9126,46,,,1,98,,9129,46,,,1,89,,9128,46,,,1,100,,9132,46,,,1
15104,'DIM',621,,10653,40,,,2,31,,10675,40,,,2,69,,10677,40,,,2,22,,10672,40,,,2,74,,10670,40,,,2,28,,10656,40,,,2,80,,10678,40,,,2,25,,10673,40,,,2,75,,10671,40,,,2,75,,10668,40,,,2,37,,10679,40,,,2,67,,10684,40,,,2,37,,10676,40,,,2,75,,10669,40,,,2,37,,10680,40,,,2,69,,10674,40,,,2,37,,10682,40,,,2,75,,10657,40,,,2,77,,10681,40,,,2,29,,10685,40,,,2,77,,10683,40,,,2,33,,10658,40,,,2,77,,10664,40,,,2,27,,10666,40,,,2,73,,10654,40,,,2,31,,10660,40,,,2,74,,10665,40,,,2,27,,10667,40,,,2,69,,10655,40,,,2,31,,10659,40,,,2,99,,10661,40,,,2,101,,10662,40,,,2,60,,10663,40,,,2
15104,'SAM',621,,10705,40,,,2,31,,10708,40,,,2,69,,10711,40,,,2,23,,10709,40,,,2,73,,10703,40,,,2,28,,10706,40,,,2,80,,10712,40,,,2,25,,10710,40,,,2,75,,10704,40,,,2,31,,10707,40,,,2,81,,10713,40,,,2,67,,10717,40,,,2,37,,10701,40,,,2,74,,10715,40,,,2,38,,10714,40,,,2,69,,10718,40,,,2,79,,10702,40,,,2,32,,10686,40,,,2,78,,10716,40,,,2,29,,10690,40,,,2,77,,10688,40,,,2,32,,10687,40,,,2,78,,10694,40,,,2,27,,10698,40,,,2,73,,10689,40,,,2,31,,10696,40,,,2,74,,10695,40,,,2,27,,10699,40,,,2,72,,10700,40,,,2,28,,10697,40,,,2,99,,10691,40,,,2,101,,10692,40,,,2,60,,10693,40,,,2
15104,'SEM',455,,10769,40,,,2,72,,10736,40,,,2,14,,10766,40,,,2,64,,10773,40,,,2,26,,10776,40,,,2,12,,10780,40,,,2,13,,10723,40,,,2,46,,10724,40,,,2,4,,11312,40,,,2,5,,10729,40,,,2,4,,10731,40,,,2,8,,10719,40,,,2,11,,10775,40,,,2,8,,10737,40,,,2,13,,10767,40,,,2,56,,10774,40,,,2,18,,11314,40,,,2,10,,10732,40,,,2,15,,10721,40,,,2,46,,10739,40,,,2,14,,10728,40,,,2,27,,10735,40,,,2,62,,10738,40,,,2,20,,10734,40,,,2,19,,10768,40,,,2,17,,10761,40,,,2,61,,10771,40,,,2,31,,10770,40,,,2,60,,11313,40,,,2,19,,10777,40,,,2,19,,11198,40,,,2,59,,10722,40,,,2,21,,10730,40,,,2,72,,10779,40,,,2,21,,10781,40,,,2,21,,10743,40,,,2,62,,10733,40,,,2,21,,10746,40,,,2,28,,10748,40,,,2,59,,10726,40,,,2,21,,10725,40,,,2,24,,10741,40,,,2,57,,10744,40,,,2,16,,10740,40,,,2,18,,11315,40,,,2,58,,10750,40,,,2,14,,10755,40,,,2,14,,10752,40,,,2,15,,10753,40,,,2,59,,10742,40,,,2,20,,10762,40,,,2,19,,10765,40,,,2,66,,10760,40,,,2,30,,10764,40,,,2,72,,10745,40,,,2,29,,10747,40,,,2,70,,10751,40,,,2,30,,10754,40,,,2,70,,10756,40,,,2,22,,10757,40,,,2,63,,10759,40,,,2,36,,10758,40,,,2,80,,10763,40,,,2
25104,'SEM',720,,10875,24,,,1,7,,10876,24,,,1,11,,10877,24,,,1,14,,10878,24,,,1,52,,10879,24,,,1,18,,10874,24,,,1
