1703,'DIM',632,,5976,28,,,1,84,,94,28,,,1,99,,5966,28,,,1,101,,5971,28,,,1,99,,5972,28,,,1,101,,5975,28,,,1,101,,5973,28,,,1,100,,5977,28,,,1,101,,5979,28,,,1,99,,5970,28,,,1,102,,5974,28,,,1,96,,5962,28,,,1,100,,5978,28,,,1,99,,5965,28,,,1,101,,5963,28,,,1,99,,5964,28,,,1,100,,5967,28,,,1,100,,89,28,,,1,102,,5969,28,,,1,120,,5968,28,,,1
1703,'SAM',548,,5991,28,,,1,84,,5983,28,,,1,84,,5990,28,,,1,98,,5996,28,,,1,102,,5993,28,,,1,100,,5994,28,,,1,102,,5992,28,,,1,99,,5998,28,,,1,100,,5989,28,,,1,101,,5995,28,,,1,99,,5999,28,,,1,102,,5997,28,,,1,97,,6000,28,,,1,99,,5980,28,,,1,98,,5981,28,,,1,100,,5982,28,,,1,99,,5988,28,,,1,102,,5986,28,,,1,100,,5987,28,,,1,103,,5984,28,,,1,121,,5985,28,,,1
1703,'SEM',603,,6021,28,,,1,114,,6003,28,,,1,103,,6009,28,,,1,96,,6008,28,,,1,99,,6024,28,,,1,100,,6011,28,,,1,101,,6007,28,,,1,100,,6004,28,,,1,99,,6005,28,,,1,97,,6010,28,,,1,38,,6012,28,,,1,63,,6006,28,,,1,36,,6001,28,,,1,66,,6017,28,,,1,32,,6002,28,,,1,76,,6014,28,,,1,29,,6013,28,,,1,68,,6019,28,,,1,99,,6015,28,,,1,99,,6016,28,,,1,99,,6020,28,,,1,100,,6018,28,,,1,92,,6023,28,,,1,108,,6022,28,,,1
3103,'DIM',646,,6925,30,,,1,99,,6924,30,,,1,100,,6929,30,,,1,100,,6932,30,,,1,99,,6933,30,,,1,101,,6930,30,,,1,100,,6926,30,,,1,102,,6928,30,,,1,101,,6916,30,,,1,96,,6927,30,,,1,101,,6931,30,,,1,101,,6920,30,,,1,98,,6918,30,,,1,99,,6919,30,,,1,102,,6917,30,,,1,99,,6923,30,,,1,100,,6922,30,,,1,100,,6921,30,,,1
3103,'SAM',646,,6946,30,,,1,100,,6949,30,,,1,99,,6947,30,,,1,99,,6950,30,,,1,98,,6952,30,,,1,101,,6934,30,,,1,102,,6944,30,,,1,101,,6948,30,,,1,100,,6945,30,,,1,102,,6951,30,,,1,97,,6937,30,,,1,101,,6938,30,,,1,99,,6941,30,,,1,98,,6935,30,,,1,100,,6942,30,,,1,101,,6943,30,,,1,102,,6936,30,,,1,97,,6940,30,,,1,98,,6939,30,,,1
3103,'SEM',643,,6975,30,,,1,101,,6954,30,,,1,101,,6972,30,,,1,99,,6974,30,,,1,100,,6973,30,,,1,100,,6953,30,,,1,101,,6971,30,,,1,100,,6956,30,,,1,100,,6957,30,,,1,98,,6961,30,,,1,63,,6963,30,,,1,37,,6958,30,,,1,60,,6955,30,,,1,39,,6968,30,,,1,69,,6970,30,,,1,30,,6964,30,,,1,72,,6960,30,,,1,36,,6966,30,,,1,102,,6959,30,,,1,99,,6962,30,,,1,101,,6967,30,,,1,96,,6965,30,,,1,110,,6969,30,,,1
3903,'DIM',849,,7275,41,,,1,100,,1387,51,,,1,56,,7266,51,,,1,34,,7269,51,,,1,68,,7274,51,,,1,32,,7263,51,,,1,71,,7273,51,,,1,31,,7262,51,,,1,69,,7255,51,,,1,35,,7265,51,,,1,65,,7264,51,,,1,28,,7268,51,,,1,67,,7271,51,,,1,37,,7270,51,,,1,70,,7258,51,,,1,29,,7267,51,,,1,70,,7272,51,,,1,26,,7260,51,,,1,10,,7253,51,,,1,64,,7259,51,,,1,25,,7252,51,,,1,99,,7257,51,,,1,99,,7261,51,,,1,98,,7254,51,,,1,104,,7256,51,,,1
3903,'SAM',849,,7299,41,,,1,100,,7291,51,,,1,56,,7295,51,,,1,34,,7292,51,,,1,70,,7288,51,,,1,30,,7294,51,,,1,71,,7296,51,,,1,28,,7287,51,,,1,72,,7286,51,,,1,34,,7289,51,,,1,67,,7276,51,,,1,31,,7277,51,,,1,65,,7293,51,,,1,35,,7280,51,,,1,70,,7297,51,,,1,29,,7281,51,,,1,70,,7283,51,,,1,26,,7290,51,,,1,11,,7284,51,,,1,63,,7298,51,,,1,25,,7282,51,,,1,101,,7285,51,,,1,97,,7278,51,,,1,98,,1409,51,,,1,104,,7279,51,,,1
3903,'SEM',746,,7304,51,,,1,103,,7310,51,,,1,100,,7309,51,,,1,70,,7305,51,,,1,28,,7324,51,,,1,70,,7303,51,,,1,30,,7327,51,,,1,71,,7325,51,,,1,30,,7326,51,,,1,71,,7302,51,,,1,31,,7308,51,,,1,73,,7300,51,,,1,32,,7306,51,,,1,56,,7313,51,,,1,30,,7314,51,,,1,14,,7315,51,,,1,65,,7320,51,,,1,16,,7301,51,,,1,66,,7307,51,,,1,29,,7322,51,,,1,72,,7312,51,,,1,34,,7311,51,,,1,77,,7319,51,,,1,97,,7321,51,,,1,104,,7317,51,,,1,99,,7316,51,,,1,98,,7318,51,,,1,37,,7323,51,,,1
7303,'DIM',701,,9874,28,,,1,99,,9869,28,,,1,101,,9871,28,,,1,99,,9868,28,,,1,101,,9870,28,,,1,99,,9872,28,,,1,102,,9861,28,,,1,99,,9867,28,,,1,100,,9873,28,,,1,100,,9875,28,,,1,101,,9859,28,,,1,100,,9860,28,,,1,57,,9857,28,,,1,141,,9862,28,,,1,100,,9865,28,,,1,100,,9858,28,,,1,59,,9863,28,,,1,141,,9866,28,,,1,106,,9864,28,,,1
7303,'SAM',605,,9890,28,,,1,96,,9877,28,,,1,99,,9894,28,,,1,101,,9892,28,,,1,99,,9879,28,,,1,101,,9891,28,,,1,100,,9895,28,,,1,100,,9893,28,,,1,101,,9876,28,,,1,100,,9896,28,,,1,100,,9897,28,,,1,100,,9882,28,,,1,100,,9878,28,,,1,98,,9884,28,,,1,100,,9883,28,,,1,100,,9880,28,,,1,100,,9881,28,,,1,59,,9885,28,,,1,142,,9886,28,,,1,105,,9888,28,,,1,102,,9887,28,,,1,98,,9889,28,,,1
7303,'SEM',555,,9942,28,,,1,65,,9939,28,,,1,38,,9940,28,,,1,48,,9908,28,,,1,37,,9904,28,,,1,63,,9911,28,,,1,41,,9913,28,,,1,54,,9921,28,,,1,29,,9903,28,,,1,70,,9901,28,,,1,30,,9943,28,,,1,70,,9915,28,,,1,30,,9909,28,,,1,70,,9941,28,,,1,30,,9910,28,,,1,70,,9918,28,,,1,30,,9944,28,,,1,70,,9902,28,,,1,30,,9919,28,,,1,27,,9899,28,,,1,72,,9912,28,,,1,30,,9945,28,,,1,61,,9898,28,,,1,17,,9926,28,,,1,18,,9914,28,,,1,53,,9900,28,,,1,13,,9905,28,,,1,14,,9907,28,,,1,14,,9906,28,,,1,53,,9929,28,,,1,13,,9916,28,,,1,17,,9922,28,,,1,14,,9917,28,,,1,59,,9928,28,,,1,34,,9932,28,,,1,66,,9920,28,,,1,33,,9923,28,,,1,68,,9935,28,,,1,30,,9925,28,,,1,70,,9927,28,,,1,26,,9924,28,,,1,73,,9931,28,,,1,30,,9936,28,,,1,70,,9938,28,,,1,35,,9930,28,,,1,70,,9933,28,,,1,27,,9934,28,,,1,122,,9937,28,,,1
7401,'DIM',731,,10038,28,,,2,99,,10039,28,,,2,101,,10045,28,,,2,99,,10043,28,,,2,101,,10040,28,,,2,100,,10041,28,,,2,102,,10042,28,,,2,100,,10046,28,,,2,100,,10044,28,,,2,99,,10047,28,,,2,100,,10031,28,,,2,98,,10035,28,,,2,100,,10037,28,,,2,101,,10036,28,,,2,101,,10034,28,,,2,98,,10032,28,,,2,99,,10033,28,,,2
7401,'SAM',732,,10058,28,,,2,100,,10056,28,,,2,101,,10061,28,,,2,99,,10064,28,,,2,100,,10059,28,,,2,100,,10062,28,,,2,99,,10057,28,,,2,102,,10063,28,,,2,100,,10060,28,,,2,101,,10050,28,,,2,98,,10048,28,,,2,100,,10054,28,,,2,100,,10055,28,,,2,101,,10053,28,,,2,101,,10049,28,,,2,96,,10051,28,,,2,99,,10052,28,,,2
7401,'SEM',633,,10082,28,,,2,98,,10083,28,,,2,100,,10069,28,,,2,105,,10071,28,,,2,97,,10068,28,,,2,100,,10081,28,,,2,101,,10084,28,,,2,101,,10067,28,,,2,100,,10065,28,,,2,100,,10072,28,,,2,93,,10066,28,,,2,101,,10075,28,,,2,27,,10070,28,,,2,79,,10079,28,,,2,98,,10073,28,,,2,99,,10077,28,,,2,99,,10076,28,,,2,97,,10074,28,,,2,103,,10078,28,,,2,98,,10080,28,,,2
