2402,'DIM',708,,532,4,,,1,103,,6407,4,,,1,99,,6403,4,,,1,99,,6409,4,,,1,31,,6406,4,,,1,69,,540,4,,,1,31,,6412,4,,,1,66,,6416,4,,,1,37,,6417,4,,,1,70,,6410,4,,,1,31,,6413,4,,,1,63,,6418,4,,,1,34,,6408,4,,,1,67,,6395,4,,,1,35,,6415,4,,,1,75,,6398,4,,,1,25,,6419,4,,,1,75,,6411,4,,,1,25,,6396,4,,,1,75,,6414,4,,,1,95,,6399,4,,,1,100,,6397,4,,,1,99,,6405,4,,,1,100,,6400,4,,,1,95,,6401,4,,,1,100,,6404,4,,,1,105,,6402,4,,,1
2402,'SAM',612,,6447,4,,,1,96,,6436,4,,,1,104,,6432,4,,,1,98,,6445,4,,,1,99,,6437,4,,,1,30,,6446,4,,,1,70,,6440,4,,,1,31,,6421,4,,,1,69,,6433,4,,,1,34,,6435,4,,,1,72,,6420,4,,,1,27,,6434,4,,,1,75,,6438,4,,,1,31,,6442,4,,,1,60,,6439,4,,,1,33,,6441,4,,,1,72,,6443,4,,,1,30,,6425,4,,,1,76,,6423,4,,,1,24,,6444,4,,,1,70,,6426,4,,,1,100,,6424,4,,,1,101,,6429,4,,,1,98,,6422,4,,,1,100,,6427,4,,,1,97,,6428,4,,,1,102,,6431,4,,,1,101,,6430,4,,,1
2402,'SEM',537,,6459,4,,,1,81,,6471,4,,,1,37,,6449,4,,,1,59,,6452,4,,,1,29,,6458,4,,,1,64,,6454,4,,,1,31,,6455,4,,,1,70,,6476,4,,,1,30,,6460,4,,,1,70,,6456,4,,,1,30,,6482,4,,,1,70,,6485,4,,,1,30,,6448,4,,,1,70,,6481,4,,,1,30,,6483,4,,,1,70,,6453,4,,,1,30,,6484,4,,,1,70,,6457,4,,,1,30,,6450,4,,,1,70,,6461,4,,,1,26,,6467,4,,,1,19,,6451,4,,,1,60,,6474,4,,,1,15,,6466,4,,,1,17,,6462,4,,,1,13,,6470,4,,,1,60,,6465,4,,,1,20,,6475,4,,,1,20,,6463,4,,,1,62,,6464,4,,,1,18,,6480,4,,,1,94,,6473,4,,,1,100,,6469,4,,,1,103,,6468,4,,,1,97,,6472,4,,,1,104,,6477,4,,,1,100,,6479,4,,,1,93,,6478,4,,,1
3303,'DIM',642,,7041,4,,,1,170,,7046,4,,,1,130,,7038,4,,,1,172,,7043,4,,,1,128,,7045,4,,,1,170,,7044,4,,,1,130,,7047,4,,,1,176,,7040,4,,,1,124,,7039,4,,,1,170,,7042,4,,,1,130,,7037,4,,,1
3303,'SAM',642,,7052,4,,,1,170,,7056,4,,,1,130,,7055,4,,,1,172,,7048,4,,,1,128,,7057,4,,,1,174,,7058,4,,,1,126,,7054,4,,,1,170,,7049,4,,,1,131,,7053,4,,,1,169,,7051,4,,,1,130,,7050,4,,,1
3303,'SEM',605,,7077,4,,,1,105,,7059,4,,,1,27,,7061,4,,,1,67,,7078,4,,,1,105,,7060,4,,,1,96,,7065,4,,,1,100,,7067,4,,,1,100,,7066,4,,,1,100,,7064,4,,,1,100,,7079,4,,,1,50,,7062,4,,,1,66,,11273,4,,,1,30,,7068,4,,,1,95,,7074,4,,,1,70,,7069,4,,,1,39,,7075,4,,,1,75,,7071,4,,,1,70,,7070,4,,,1,105,,7076,4,,,1,100,,7072,4,,,1,105,,7073,4,,,1
3703,'DIM',624,,7146,4,,,2,35,,7149,4,,,2,100,,7156,4,,,2,100,,7154,4,,,2,99,,7151,4,,,2,100,,7145,4,,,2,101,,7152,4,,,2,99,,7147,4,,,2,100,,7148,4,,,2,100,,7150,4,,,2,100,,7153,4,,,2,144,,7155,4,,,2,47,,7157,4,,,2
3703,'SAM',624,,7165,4,,,2,79,,7162,4,,,2,56,,7169,4,,,2,100,,7160,4,,,2,99,,7158,4,,,2,100,,7161,4,,,2,101,,7167,4,,,2,141,,7166,4,,,2,103,,7164,4,,,2,55,,7159,4,,,2,144,,7163,4,,,2,99,,7168,4,,,2,49,,7170,4,,,2
3703,'SEM',542,,7181,4,,,2,15,,7171,4,,,2,57,,7172,4,,,2,18,,7197,4,,,2,13,,7194,4,,,2,13,,7195,4,,,2,63,,7198,4,,,2,36,,11275,4,,,2,77,,7192,4,,,2,70,,7176,4,,,2,98,,11155,4,,,2,100,,7174,4,,,2,100,,7196,4,,,2,100,,7190,4,,,2,100,,7175,4,,,2,39,,7178,4,,,2,60,,7177,4,,,2,30,,7182,4,,,2,25,,7173,4,,,2,78,,7179,4,,,2,101,,7187,4,,,2,99,,7180,4,,,2,106,,7184,4,,,2,99,,7183,4,,,2,100,,7191,4,,,2,100,,7185,4,,,2,97,,7189,4,,,2,100,,7186,4,,,2
6303,'DIM',731,,9273,4,,,1,100,,9267,4,,,1,101,,9269,4,,,1,94,,9268,4,,,1,106,,9274,4,,,1,94,,9270,4,,,1,103,,9272,4,,,1,103,,9271,4,,,1,99,,9275,4,,,1,102,,9258,4,,,1,105,,9276,4,,,1,94,,9259,4,,,1,99,,9260,4,,,1,101,,9263,4,,,1,100,,9261,4,,,1,100,,9264,4,,,1,100,,9262,4,,,1,100,,9265,4,,,1,100,,9266,4,,,1
6303,'SAM',631,,9289,4,,,1,100,,9283,4,,,1,100,,9292,4,,,1,101,,9291,4,,,1,102,,9293,4,,,1,98,,9295,4,,,1,95,,9290,4,,,1,104,,9296,4,,,1,105,,9279,4,,,1,96,,9294,4,,,1,101,,9277,4,,,1,100,,9280,4,,,1,105,,9278,4,,,1,93,,9281,4,,,1,101,,9284,4,,,1,100,,9282,4,,,1,100,,9285,4,,,1,100,,9286,4,,,1,100,,9288,4,,,1,100,,9287,4,,,1
6303,'SEM',551,,9323,4,,,1,58,,9330,4,,,1,19,,9328,4,,,1,76,,9329,4,,,1,14,,9297,4,,,1,28,,9308,4,,,1,65,,9310,4,,,1,36,,9312,4,,,1,74,,9299,4,,,1,25,,9298,4,,,1,70,,9331,4,,,1,30,,9303,4,,,1,70,,9304,4,,,1,30,,9309,4,,,1,70,,9332,4,,,1,30,,9300,4,,,1,70,,9301,4,,,1,29,,9302,4,,,1,71,,9305,4,,,1,34,,9306,4,,,1,61,,9314,4,,,1,34,,11300,4,,,1,14,,9318,4,,,1,70,,9321,4,,,1,72,,9307,4,,,1,25,,9313,4,,,1,25,,9317,4,,,1,92,,9320,4,,,1,83,,9322,4,,,1,95,,9315,4,,,1,99,,9316,4,,,1,85,,9319,4,,,1,105,,9324,4,,,1,100,,9326,4,,,1,106,,9325,4,,,1,92,,9327,4,,,1
