5504,'SEM',639,,8735,67,4,,2,68,,8736,37,4,,2,8,,8719,67,4,,2,10,,8721,67,4,,2,89,,8734,67,4,,2,34,,8725,67,4,,2,91,,8724,67,4,,2,100,,8723,67,4,,2,100,,8720,67,4,,2,99,,8733,67,4,,2,100,,8718,67,4,,2,100,,8722,67,4,,2,103,,8726,67,4,,2,95,,8727,67,4,,2,84,,8728,67,4,,2,85,,8729,67,4,,2,32,,8730,67,4,,2,97,,8732,67,4,,2,93,,8731,67,4,,2
14401,'DIM',615,,10349,39,4,,2,34,,10350,39,4,,2,97,,10355,39,4,,2,82,,10351,39,4,,2,99,,10354,39,4,,2,77,,10358,39,4,,2,27,,10352,39,4,,2,72,,10363,39,4,,2,39,,10361,39,4,,2,68,,10353,39,4,,2,33,,10364,39,4,,2,79,,10362,39,4,,2,28,,10356,39,4,,2,74,,10357,39,4,,2,79,,10359,39,4,,2,28,,10340,39,4,,2,75,,10339,39,4,,2,39,,10360,39,4,,2,68,,10341,39,4,,2,33,,10345,39,4,,2,105,,10342,39,4,,2,77,,10346,39,4,,2,96,,10347,39,4,,2,100,,10343,39,4,,2,98,,10348,39,4,,2,100,,10344,39,4,,2
14401,'SAM',615,,10376,39,4,,2,34,,10382,39,4,,2,97,,10377,39,4,,2,82,,10383,39,4,,2,99,,10378,39,4,,2,31,,10387,39,4,,2,73,,10390,39,4,,2,72,,10391,39,4,,2,39,,10388,39,4,,2,68,,10379,39,4,,2,33,,10384,39,4,,2,79,,10389,39,4,,2,28,,10380,39,4,,2,74,,10385,39,4,,2,78,,10386,39,4,,2,29,,10381,39,4,,2,75,,10368,39,4,,2,37,,10369,39,4,,2,70,,10392,39,4,,2,33,,10372,39,4,,2,105,,10365,39,4,,2,77,,10373,39,4,,2,96,,10366,39,4,,2,100,,10370,39,4,,2,98,,10367,39,4,,2,100,,10371,39,4,,2,100,,10375,39,4,,2,101,,10374,39,4,,2
14401,'SEM',550,,10423,39,4,,2,77,,10425,39,4,,2,16,,10427,39,4,,2,58,,10399,39,4,,2,4,,10400,39,4,,2,11,,10403,39,4,,2,8,,10405,39,4,,2,6,,10398,39,4,,2,13,,10422,39,4,,2,15,,10410,39,4,,2,57,,10406,39,4,,2,14,,10407,39,4,,2,14,,10428,39,4,,2,60,,10411,39,4,,2,30,,10418,39,4,,2,15,,10424,39,4,,2,69,,10408,39,4,,2,29,,10395,39,4,,2,70,,10404,39,4,,2,36,,10409,39,4,,2,67,,10394,39,4,,2,30,,10396,39,4,,2,76,,10393,39,4,,2,29,,10402,39,4,,2,72,,10412,39,4,,2,79,,10426,39,4,,2,31,,10401,39,4,,2,100,,10397,39,4,,2,85,,10419,39,4,,2,101,,10415,39,4,,2,99,,10421,39,4,,2,92,,10413,39,4,,2,100,,10414,39,4,,2,95,,10417,39,4,,2,108,,11195,39,4,,2,101,,10420,39,4,,2
15104,'DIM',630,,10653,53,4,,2,71,,10675,53,4,,2,31,,10677,53,4,,2,22,,10672,53,4,,2,74,,10670,53,4,,2,28,,10656,53,4,,2,80,,10678,53,4,,2,65,,10673,53,4,,2,35,,10671,53,4,,2,75,,10668,53,4,,2,37,,10679,53,4,,2,68,,10684,53,4,,2,37,,10676,53,4,,2,75,,10669,53,4,,2,77,,10680,53,4,,2,29,,10674,53,4,,2,77,,10682,53,4,,2,35,,10657,53,4,,2,77,,10681,53,4,,2,29,,10685,53,4,,2,77,,10683,53,4,,2,72,,10658,53,4,,2,37,,10664,53,4,,2,67,,10666,53,4,,2,32,,10654,53,4,,2,71,,10660,53,4,,2,34,,10665,53,4,,2,67,,10667,53,4,,2,29,,10655,53,4,,2,71,,10659,53,4,,2,98,,10661,53,4,,2,101,,10662,53,4,,2,20,,10663,53,4,,2
15104,'SAM',630,,10705,53,4,,2,71,,10708,53,4,,2,31,,10711,53,4,,2,23,,10709,53,4,,2,73,,10703,53,4,,2,28,,10706,53,4,,2,80,,10712,53,4,,2,65,,10710,53,4,,2,35,,10704,53,4,,2,71,,10707,53,4,,2,41,,10713,53,4,,2,68,,10717,53,4,,2,37,,10701,53,4,,2,74,,10715,53,4,,2,78,,10714,53,4,,2,29,,10718,53,4,,2,79,,10702,53,4,,2,32,,10686,53,4,,2,78,,10716,53,4,,2,29,,10690,53,4,,2,77,,10688,53,4,,2,71,,10687,53,4,,2,38,,10694,53,4,,2,67,,10698,53,4,,2,32,,10689,53,4,,2,71,,10696,53,4,,2,34,,10695,53,4,,2,67,,10699,53,4,,2,32,,10700,53,4,,2,68,,10697,53,4,,2,98,,10691,53,4,,2,101,,10692,53,4,,2,20,,10693,53,4,,2
15104,'SEM',503,,10769,53,4,,2,32,,10736,53,4,,2,15,,10766,53,4,,2,64,,10773,53,4,,2,27,,10776,53,4,,2,12,,10780,53,4,,2,53,,10723,53,4,,2,6,,10724,53,4,,2,4,,10727,53,4,,2,5,,10729,53,4,,2,5,,10731,53,4,,2,10,,10719,53,4,,2,11,,10775,53,4,,2,8,,10737,53,4,,2,53,,10767,53,4,,2,16,,10774,53,4,,2,17,,10720,53,4,,2,10,,10732,53,4,,2,55,,10721,53,4,,2,6,,10739,53,4,,2,14,,10728,53,4,,2,27,,10735,53,4,,2,62,,10738,53,4,,2,20,,10734,53,4,,2,19,,10768,53,4,,2,57,,10761,53,4,,2,21,,10771,53,4,,2,71,,10770,53,4,,2,20,,10772,53,4,,2,19,,10777,53,4,,2,59,,11198,53,4,,2,19,,10722,53,4,,2,21,,10730,53,4,,2,72,,10779,53,4,,2,21,,10781,53,4,,2,21,,10743,53,4,,2,62,,10733,53,4,,2,21,,10746,53,4,,2,68,,10748,53,4,,2,19,,10726,53,4,,2,21,,10725,53,4,,2,64,,10741,53,4,,2,17,,10744,53,4,,2,16,,10740,53,4,,2,58,,10749,53,4,,2,18,,10750,53,4,,2,14,,10755,53,4,,2,14,,10752,53,4,,2,53,,10753,53,4,,2,19,,10742,53,4,,2,20,,10762,53,4,,2,19,,10765,53,4,,2,66,,10760,53,4,,2,30,,10764,53,4,,2,72,,10745,53,4,,2,28,,10747,53,4,,2,70,,10751,53,4,,2,29,,10754,53,4,,2,70,,10756,53,4,,2,22,,10757,53,4,,2,63,,10759,53,4,,2,36,,10758,53,4,,2,80,,10763,53,4,,2
24401,'SEM',635,,10868,39,4,,2,16,,10867,39,4,,2
25104,'SEM',733,,10875,37,4,,1,7,,10876,37,4,,1,11,,10877,37,4,,1,54,,10878,37,4,,1,12,,10879,37,4,,1,17,,10874,37,4,,1
25504,'DIM',641,,10932,67,4,,2,100,,10935,67,4,,2,103,,10938,67,4,,2,100,,10936,67,4,,2,103,,10939,67,4,,2,100,,10937,67,4,,2,100,,10940,67,4,,2,102,,10933,67,4,,2,100,,10924,67,4,,2,101,,10934,67,4,,2,100,,10925,67,4,,2,102,,10928,67,4,,2,98,,10941,67,4,,2,100,,10930,67,4,,2,98,,10926,67,4,,2,96,,10931,67,4,,2,98,,10927,67,4,,2,98,,10929,67,4,,2
25504,'SAM',641,,10951,67,4,,2,100,,10952,67,4,,2,103,,10955,67,4,,2,100,,10953,67,4,,2,103,,10956,67,4,,2,100,,10954,67,4,,2,100,,10957,67,4,,2,102,,10942,67,4,,2,100,,10958,67,4,,2,101,,10943,67,4,,2,100,,4935,67,4,,2,102,,10944,67,4,,2,98,,10946,67,4,,2,101,,10949,67,4,,2,97,,10947,67,4,,2,96,,10950,67,4,,2,98,,10945,67,4,,2,98,,10948,67,4,,2
25504,'SEM',520,,10959,67,4,,2,27,,10960,67,4,,2,1571,,10964,67,4,,2,97,,10962,67,4,,2,97,,10961,67,4,,2,95,,10963,67,4,,2
71304,'DIM',554,,11173,19,4,,2,66,,11175,19,4,,2,26,,11176,19,4,,2,65,,11177,19,4,,2,25,,11174,19,4,,2
71304,'SAM',554,,11009,19,4,,2,66,,11011,19,4,,2,26,,11012,19,4,,2,65,,11013,19,4,,2,25,,11010,19,4,,2
71304,'SEM',607,,11150,19,4,,2,29,,5052,19,4,,2,77,,5056,19,4,,2,27,,5049,19,4,,2,69,,5053,19,4,,2,30,,11151,19,4,,2,99,,5057,19,4,,2,95,,5848,19,4,,2,100,,11202,19,4,,2,100,,11203,19,4,,2,100,,11182,19,4,,2,100,,11179,19,4,,2,101,,11181,19,4,,2,89,,11017,19,4,,2,104,,5063,19,4,,2,98,,5066,19,4,,2,100,,5064,19,4,,2,99,,5067,19,4,,2,100,,11018,19,4,,2,100,,5060,19,4,,2,100,,5643,19,4,,2,109,,5068,19,4,,2
