1703,'DIM',633,,5976,30,,,1,84,,94,30,,,1,99,,5966,30,,,1,101,,5971,30,,,1,99,,5972,30,,,1,101,,5975,30,,,1,101,,5973,30,,,1,100,,5977,30,,,1,101,,5979,30,,,1,99,,5970,30,,,1,102,,5974,30,,,1,96,,5962,30,,,1,100,,5978,30,,,1,99,,5965,30,,,1,101,,5963,30,,,1,99,,5964,30,,,1,100,,5967,30,,,1,100,,89,30,,,1,102,,5969,30,,,1,119,,5968,30,,,1
1703,'SAM',549,,5991,30,,,1,84,,5983,30,,,1,84,,5990,30,,,1,98,,5996,30,,,1,102,,5993,30,,,1,100,,5994,30,,,1,102,,5992,30,,,1,99,,5998,30,,,1,100,,5989,30,,,1,101,,5995,30,,,1,99,,5999,30,,,1,102,,5997,30,,,1,97,,6000,30,,,1,99,,5980,30,,,1,98,,5981,30,,,1,100,,5982,30,,,1,99,,5988,30,,,1,102,,5986,30,,,1,100,,5987,30,,,1,103,,5984,30,,,1,120,,5985,30,,,1
1703,'SEM',604,,6021,30,,,1,114,,6003,30,,,1,103,,6009,30,,,1,96,,6008,30,,,1,99,,6024,30,,,1,100,,6011,30,,,1,101,,6007,30,,,1,101,,6004,30,,,1,99,,6005,30,,,1,97,,11267,30,,,1,38,,6012,30,,,1,63,,6006,30,,,1,36,,6001,30,,,1,66,,6017,30,,,1,32,,6002,30,,,1,76,,6014,30,,,1,28,,6013,30,,,1,68,,6019,30,,,1,99,,6015,30,,,1,99,,6016,30,,,1,99,,6020,30,,,1,100,,6018,30,,,1,92,,6023,30,,,1,108,,6022,30,,,1
3103,'DIM',647,,6925,32,,,1,99,,6924,32,,,1,100,,6929,32,,,1,100,,6932,32,,,1,100,,6933,32,,,1,101,,6930,32,,,1,100,,6926,32,,,1,102,,6928,32,,,1,101,,6916,32,,,1,96,,6927,32,,,1,101,,6931,32,,,1,100,,6920,32,,,1,98,,6918,32,,,1,99,,6919,32,,,1,102,,6917,32,,,1,99,,6923,32,,,1,100,,6922,32,,,1,100,,6921,32,,,1
3103,'SAM',647,,6946,32,,,1,100,,6949,32,,,1,99,,6947,32,,,1,99,,6950,32,,,1,99,,6952,32,,,1,101,,6934,32,,,1,102,,6944,32,,,1,101,,6948,32,,,1,100,,6945,32,,,1,102,,6951,32,,,1,97,,6937,32,,,1,100,,6938,32,,,1,99,,6941,32,,,1,98,,6935,32,,,1,100,,6942,32,,,1,101,,6943,32,,,1,102,,6936,32,,,1,97,,6940,32,,,1,98,,6939,32,,,1
3103,'SEM',644,,6975,32,,,1,101,,6954,32,,,1,101,,6972,32,,,1,99,,6974,32,,,1,100,,6973,32,,,1,100,,6953,32,,,1,101,,6971,32,,,1,100,,6956,32,,,1,101,,6957,32,,,1,98,,6961,32,,,1,63,,6963,32,,,1,37,,6958,32,,,1,60,,6955,32,,,1,39,,6968,32,,,1,69,,6970,32,,,1,29,,6964,32,,,1,72,,6960,32,,,1,36,,6966,32,,,1,102,,6959,32,,,1,99,,6962,32,,,1,101,,6967,32,,,1,96,,6965,32,,,1,110,,6969,32,,,1
3903,'DIM',850,,7275,43,,,1,100,,1387,53,,,1,56,,7266,53,,,1,34,,7269,53,,,1,68,,7274,53,,,1,32,,7263,53,,,1,71,,7273,53,,,1,31,,7262,53,,,1,69,,7255,53,,,1,36,,7265,53,,,1,65,,7264,53,,,1,28,,7268,53,,,1,67,,7271,53,,,1,37,,7270,53,,,1,70,,7258,53,,,1,29,,7267,53,,,1,70,,7272,53,,,1,26,,7260,53,,,1,10,,7253,53,,,1,64,,7259,53,,,1,25,,7252,53,,,1,99,,7257,53,,,1,98,,7261,53,,,1,98,,7254,53,,,1,104,,7256,53,,,1
3903,'SAM',850,,7299,43,,,1,100,,7291,53,,,1,56,,7295,53,,,1,34,,7292,53,,,1,70,,7288,53,,,1,30,,7294,53,,,1,71,,7296,53,,,1,28,,7287,53,,,1,72,,7286,53,,,1,35,,7289,53,,,1,67,,7276,53,,,1,31,,7277,53,,,1,65,,7293,53,,,1,35,,7280,53,,,1,70,,7297,53,,,1,29,,7281,53,,,1,70,,7283,53,,,1,26,,7290,53,,,1,11,,7284,53,,,1,63,,7298,53,,,1,25,,7282,53,,,1,101,,7285,53,,,1,96,,7278,53,,,1,98,,1409,53,,,1,104,,7279,53,,,1
3903,'SEM',747,,7304,53,,,1,103,,7310,53,,,1,100,,7309,53,,,1,70,,7305,53,,,1,28,,7324,53,,,1,70,,7303,53,,,1,30,,7327,53,,,1,72,,7325,53,,,1,30,,7326,53,,,1,71,,7302,53,,,1,31,,7308,53,,,1,73,,7300,53,,,1,32,,7306,53,,,1,56,,7313,53,,,1,30,,7314,53,,,1,14,,7315,53,,,1,65,,7320,53,,,1,16,,7301,53,,,1,66,,7307,53,,,1,29,,7322,53,,,1,72,,7312,53,,,1,34,,7311,53,,,1,77,,7319,53,,,1,97,,7321,53,,,1,103,,7317,53,,,1,99,,7316,53,,,1,98,,7318,53,,,1,37,,7323,53,,,1
7303,'DIM',702,,9874,30,,,1,99,,9869,30,,,1,101,,9871,30,,,1,99,,9868,30,,,1,101,,9870,30,,,1,99,,9872,30,,,1,103,,9861,30,,,1,99,,9867,30,,,1,100,,9873,30,,,1,100,,9875,30,,,1,101,,9859,30,,,1,100,,9860,30,,,1,96,,9857,30,,,1,101,,9862,30,,,1,100,,9865,30,,,1,100,,9858,30,,,1,99,,9863,30,,,1,101,,9866,30,,,1,106,,9864,30,,,1
7303,'SAM',606,,9890,30,,,1,96,,9877,30,,,1,99,,9894,30,,,1,101,,9892,30,,,1,99,,9879,30,,,1,101,,9891,30,,,1,100,,9895,30,,,1,101,,9893,30,,,1,101,,9876,30,,,1,100,,9896,30,,,1,100,,9897,30,,,1,100,,9882,30,,,1,100,,9878,30,,,1,97,,9884,30,,,1,100,,9883,30,,,1,100,,9880,30,,,1,100,,9881,30,,,1,99,,9885,30,,,1,102,,9886,30,,,1,105,,9888,30,,,1,102,,9887,30,,,1,98,,9889,30,,,1
7303,'SEM',556,,9942,30,,,1,65,,9939,30,,,1,38,,9940,30,,,1,48,,9908,30,,,1,37,,9904,30,,,1,63,,9911,30,,,1,42,,9913,30,,,1,54,,9921,30,,,1,29,,9903,30,,,1,69,,9901,30,,,1,30,,9943,30,,,1,70,,9915,30,,,1,30,,9909,30,,,1,70,,9941,30,,,1,31,,9910,30,,,1,70,,9918,30,,,1,30,,9944,30,,,1,70,,9902,30,,,1,30,,9919,30,,,1,27,,9899,30,,,1,72,,9912,30,,,1,70,,9945,30,,,1,21,,9898,30,,,1,17,,9926,30,,,1,18,,9914,30,,,1,53,,9900,30,,,1,13,,9905,30,,,1,14,,9907,30,,,1,14,,9906,30,,,1,53,,9929,30,,,1,13,,9916,30,,,1,17,,9922,30,,,1,14,,9917,30,,,1,58,,9928,30,,,1,34,,9932,30,,,1,66,,9920,30,,,1,33,,9923,30,,,1,68,,9935,30,,,1,30,,9925,30,,,1,70,,9927,30,,,1,27,,9924,30,,,1,73,,9931,30,,,1,30,,9936,30,,,1,70,,9938,30,,,1,35,,9930,30,,,1,70,,9933,30,,,1,27,,9934,30,,,1,162,,9937,30,,,1
7401,'DIM',732,,10038,30,,,2,99,,10039,30,,,2,101,,10045,30,,,2,100,,10043,30,,,2,101,,10040,30,,,2,100,,10041,30,,,2,102,,10042,30,,,2,100,,10046,30,,,2,100,,10044,30,,,2,98,,10047,30,,,2,100,,10031,30,,,2,98,,10035,30,,,2,100,,10037,30,,,2,101,,10036,30,,,2,101,,10034,30,,,2,98,,10032,30,,,2,99,,10033,30,,,2
7401,'SAM',733,,10058,30,,,2,100,,10056,30,,,2,101,,10061,30,,,2,100,,10064,30,,,2,100,,10059,30,,,2,100,,10062,30,,,2,99,,10057,30,,,2,102,,10063,30,,,2,100,,10060,30,,,2,100,,10050,30,,,2,98,,10048,30,,,2,100,,10054,30,,,2,100,,10055,30,,,2,101,,10053,30,,,2,101,,10049,30,,,2,96,,10051,30,,,2,99,,10052,30,,,2
7401,'SEM',634,,10082,30,,,2,98,,10083,30,,,2,100,,10069,30,,,2,105,,10071,30,,,2,97,,10068,30,,,2,100,,10081,30,,,2,102,,10084,30,,,2,101,,10067,30,,,2,100,,10065,30,,,2,100,,10072,30,,,2,92,,10066,30,,,2,101,,10075,30,,,2,27,,10070,30,,,2,80,,10079,30,,,2,98,,10073,30,,,2,98,,10077,30,,,2,99,,10076,30,,,2,97,,10074,30,,,2,103,,10078,30,,,2,98,,10080,30,,,2
