3602,'SEM',1503,,7136,1,,,2,9,,7139,1,,,2,15,,7141,1,,,2,32,,7137,1,,,2,72,,7138,1,,,2,70,,7143,1,,,2,39,,7140,1,,,2,73,,7142,1,,,2,28,,7144,1,,,2
3904,'DIM',849,,1465,62,,,1,100,,7336,62,,,1,95,,7342,62,,,1,14,,7340,62,,,1,75,,7344,62,,,1,68,,7349,62,,,1,34,,7337,62,,,1,71,,7348,62,,,1,31,,7335,62,,,1,69,,7330,62,,,1,36,,7339,62,,,1,65,,7338,62,,,1,28,,7343,62,,,1,67,,7346,62,,,1,36,,7345,62,,,1,70,,7332,62,,,1,29,,7341,62,,,1,70,,7347,62,,,1,39,,7333,62,,,1,85,,7328,62,,,1,99,,7331,62,,,1,97,,7334,62,,,1,99,,7329,62,,,1
3904,'SAM',849,,7364,62,,,1,102,,7363,62,,,1,93,,7365,62,,,1,14,,7369,62,,,1,77,,7366,62,,,1,70,,7361,62,,,1,30,,7368,62,,,1,71,,7370,62,,,1,30,,7360,62,,,1,70,,7359,62,,,1,35,,7362,62,,,1,69,,7350,62,,,1,29,,7351,62,,,1,65,,7367,62,,,1,34,,7354,62,,,1,70,,7371,62,,,1,29,,7355,62,,,1,70,,7357,62,,,1,39,,7352,62,,,1,85,,7356,62,,,1,99,,7358,62,,,1,97,,7353,62,,,1,99,,1475,62,,,1
3904,'SEM',639,,7394,62,,,1,84,,7375,62,,,1,13,,7382,62,,,1,11,,7384,62,,,1,72,,7376,62,,,1,28,,7374,62,,,1,73,,7385,62,,,1,27,,7383,62,,,1,70,,7397,62,,,1,29,,7381,62,,,1,70,,7393,62,,,1,30,,7391,62,,,1,70,,7373,62,,,1,30,,7396,62,,,1,71,,7392,62,,,1,30,,7395,62,,,1,75,,7380,62,,,1,30,,7378,62,,,1,71,,7372,62,,,1,33,,7377,62,,,1,146,,7386,62,,,1,105,,7379,62,,,1,101,,7390,62,,,1,100,,7388,62,,,1,99,,7389,62,,,1,99,,7387,62,,,1
5002,'DIM',627,,8511,45,,,1,100,,8523,45,,,1,101,,8518,45,,,1,101,,8524,45,,,1,101,,8527,45,,,1,24,,8517,45,,,1,72,,8519,45,,,1,28,,8530,45,,,1,79,,8522,45,,,1,68,,8520,45,,,1,38,,8529,45,,,1,64,,8516,45,,,1,36,,8521,45,,,1,61,,8525,45,,,1,34,,8507,45,,,1,71,,8505,45,,,1,34,,8528,45,,,1,66,,8526,45,,,1,36,,8512,45,,,1,101,,8514,45,,,1,98,,8515,45,,,1,99,,8506,45,,,1,100,,8509,45,,,1,100,,8508,45,,,1,96,,8510,45,,,1,100,,8513,45,,,1
5002,'SAM',622,,8536,45,,,1,105,,8544,45,,,1,101,,8547,45,,,1,101,,8551,45,,,1,102,,8542,45,,,1,23,,8553,45,,,1,76,,8556,45,,,1,27,,8545,45,,,1,76,,8552,45,,,1,26,,8554,45,,,1,75,,8546,45,,,1,68,,8548,45,,,1,35,,8555,45,,,1,71,,8532,45,,,1,32,,8549,45,,,1,63,,8531,45,,,1,32,,8550,45,,,1,70,,8537,45,,,1,36,,8539,45,,,1,101,,8538,45,,,1,98,,8540,45,,,1,99,,8533,45,,,1,100,,8534,45,,,1,99,,8541,45,,,1,97,,8535,45,,,1,100,,8543,45,,,1
5002,'SEM',517,,8563,45,,,1,36,,8586,45,,,1,69,,2661,45,,,1,31,,8559,45,,,1,72,,8587,45,,,1,15,,8571,45,,,1,73,,8558,45,,,1,17,,8568,45,,,1,72,,8557,45,,,1,29,,8572,45,,,1,26,,8565,45,,,1,70,,8588,45,,,1,30,,8589,45,,,1,70,,8573,45,,,1,30,,8566,45,,,1,70,,8564,45,,,1,30,,8590,45,,,1,71,,8585,45,,,1,30,,8560,45,,,1,70,,8576,45,,,1,80,,8561,45,,,1,41,,8577,45,,,1,75,,8569,45,,,1,27,,8574,45,,,1,67,,8570,45,,,1,30,,8562,45,,,1,68,,8567,45,,,1,28,,8575,45,,,1,71,,8582,45,,,1,104,,8580,45,,,1,105,,8583,45,,,1,100,,8578,45,,,1,111,,8579,45,,,1,99,,8581,45,,,1,96,,8584,45,,,1
7001,'DIM',650,,9696,1,,,1,100,,9699,1,,,1,100,,9698,1,,,1,100,,9702,1,,,1,65,,9703,1,,,1,30,,9705,1,,,1,64,,9700,1,,,1,41,,9704,1,,,1,60,,9701,1,,,1,37,,9707,1,,,1,71,,9706,1,,,1,32,,9683,1,,,1,61,,9697,1,,,1,38,,9682,1,,,1,60,,9687,1,,,1,34,,9684,1,,,1,76,,9689,1,,,1,33,,9686,1,,,1,75,,9688,1,,,1,30,,9693,1,,,1,95,,9691,1,,,1,100,,9690,1,,,1,100,,9685,1,,,1,101,,9694,1,,,1,98,,9695,1,,,1,99,,9692,1,,,1
7001,'SAM',650,,9728,1,,,1,100,,9726,1,,,1,100,,9731,1,,,1,100,,9727,1,,,1,66,,9733,1,,,1,27,,9732,1,,,1,67,,9730,1,,,1,40,,9708,1,,,1,64,,9709,1,,,1,32,,9729,1,,,1,67,,9711,1,,,1,33,,9725,1,,,1,64,,9710,1,,,1,39,,9713,1,,,1,69,,9714,1,,,1,27,,9717,1,,,1,72,,9712,1,,,1,35,,9718,1,,,1,75,,9719,1,,,1,30,,9722,1,,,1,95,,9721,1,,,1,100,,9723,1,,,1,100,,9720,1,,,1,101,,9716,1,,,1,99,,9715,1,,,1,98,,9724,1,,,1
7001,'SEM',509,,9735,1,,,1,16,,9769,1,,,1,26,,9739,1,,,1,54,,9768,1,,,1,25,,9748,1,,,1,29,,9767,1,,,1,76,,9738,1,,,1,15,,9743,1,,,1,73,,9734,1,,,1,29,,9744,1,,,1,67,,9745,1,,,1,35,,9740,1,,,1,67,,9765,1,,,1,30,,9766,1,,,1,70,,9754,1,,,1,29,,9737,1,,,1,71,,9736,1,,,1,30,,9741,1,,,1,72,,9746,1,,,1,28,,9747,1,,,1,74,,9749,1,,,1,29,,9751,1,,,1,66,,9755,1,,,1,24,,9757,1,,,1,79,,9742,1,,,1,30,,9760,1,,,1,73,,9761,1,,,1,28,,9756,1,,,1,82,,9752,1,,,1,77,,9750,1,,,1,44,,9759,1,,,1,101,,9753,1,,,1,144,,9758,1,,,1,105,,9763,1,,,1,93,,9762,1,,,1,135,,9764,1,,,1
