1703,'DIM',623,,5976,12,,,1,84,,94,12,,,1,99,,5966,12,,,1,99,,5971,12,,,1,99,,5972,12,,,1,101,,5975,12,,,1,101,,5973,12,,,1,100,,5977,12,,,1,101,,5979,12,,,1,99,,5970,12,,,1,102,,5974,12,,,1,96,,5962,12,,,1,100,,5978,12,,,1,99,,5965,12,,,1,102,,5963,12,,,1,99,,5964,12,,,1,101,,5967,12,,,1,100,,89,12,,,1,102,,5969,12,,,1,120,,5968,12,,,1
1703,'SAM',539,,5991,12,,,1,84,,5983,12,,,1,84,,5990,12,,,1,98,,5996,12,,,1,100,,5993,12,,,1,100,,5994,12,,,1,102,,5992,12,,,1,99,,5998,12,,,1,100,,5989,12,,,1,101,,5995,12,,,1,99,,5999,12,,,1,102,,5997,12,,,1,97,,6000,12,,,1,99,,5980,12,,,1,98,,5981,12,,,1,101,,5982,12,,,1,99,,5988,12,,,1,103,,5986,12,,,1,100,,5987,12,,,1,103,,5984,12,,,1,121,,5985,12,,,1
1703,'SEM',554,,6021,12,,,1,152,,6003,12,,,1,103,,6009,12,,,1,96,,6008,12,,,1,99,,6024,12,,,1,100,,6011,12,,,1,100,,6007,12,,,1,100,,6004,12,,,1,99,,6005,12,,,1,56,,11267,12,,,1,78,,6012,12,,,1,22,,6006,12,,,1,75,,6001,12,,,1,67,,6017,12,,,1,34,,6002,12,,,1,77,,6014,12,,,1,29,,6013,12,,,1,68,,6019,12,,,1,100,,6015,12,,,1,99,,6016,12,,,1,100,,6020,12,,,1,100,,6018,12,,,1,92,,6023,12,,,1,109,,6022,12,,,1
2703,'DIM',901,,6814,12,,,2,100,,6809,12,,,2,55,,6810,12,,,2,144,,6812,12,,,2,101,,6808,12,,,2,100,,6806,12,,,2,56,,6807,12,,,2,148,,6811,12,,,2,98,,6813,12,,,2,100,,6799,12,,,2,100,,6798,12,,,2,98,,6804,12,,,2,100,,6802,12,,,2,100,,6803,12,,,2,102,,6800,12,,,2,100,,6801,12,,,2,100,,6805,12,,,2
2703,'SAM',701,,6828,12,,,2,100,,6825,12,,,2,56,,6830,12,,,2,144,,6832,12,,,2,55,,6824,12,,,2,144,,6815,12,,,2,56,,6826,12,,,2,145,,6829,12,,,2,107,,6827,12,,,2,95,,6831,12,,,2,100,,6833,12,,,2,100,,6818,12,,,2,100,,6821,12,,,2,98,,6817,12,,,2,100,,6819,12,,,2,99,,6816,12,,,2,103,,6822,12,,,2,100,,6820,12,,,2,100,,6823,12,,,2
2703,'SEM',819,,6834,12,,,2,81,,6837,12,,,2,58,,6854,12,,,2,100,,6853,12,,,2,98,,6839,12,,,2,94,,6846,12,,,2,100,,6842,12,,,2,101,,6836,12,,,2,80,,6838,12,,,2,80,,6841,12,,,2,15,,6844,12,,,2,30,,6847,12,,,2,70,,6835,12,,,2,24,,6840,12,,,2,104,,6849,12,,,2,90,,6852,12,,,2,108,,6845,12,,,2,100,,6843,12,,,2,99,,6848,12,,,2,101,,6850,12,,,2,95,,6851,12,,,2
3103,'DIM',637,,6925,14,,,1,99,,6924,14,,,1,99,,6929,14,,,1,99,,6932,14,,,1,99,,6933,14,,,1,101,,6930,14,,,1,100,,6926,14,,,1,102,,6928,14,,,1,101,,6916,14,,,1,96,,6927,14,,,1,101,,6931,14,,,1,101,,6920,14,,,1,98,,6918,14,,,1,100,,6919,14,,,1,102,,6917,14,,,1,100,,6923,14,,,1,100,,6922,14,,,1,100,,6921,14,,,1
3103,'SAM',637,,6946,14,,,1,100,,6949,14,,,1,98,,6947,14,,,1,98,,6950,14,,,1,98,,6952,14,,,1,101,,6934,14,,,1,102,,6944,14,,,1,101,,6948,14,,,1,100,,6945,14,,,1,102,,6951,14,,,1,97,,6937,14,,,1,101,,6938,14,,,1,99,,6941,14,,,1,99,,6935,14,,,1,100,,6942,14,,,1,102,,6943,14,,,1,102,,6936,14,,,1,97,,6940,14,,,1,98,,6939,14,,,1
3103,'SEM',632,,6975,14,,,1,101,,6954,14,,,1,101,,6972,14,,,1,99,,6974,14,,,1,100,,6973,14,,,1,100,,6953,14,,,1,100,,6971,14,,,1,100,,6956,14,,,1,100,,6957,14,,,1,97,,6961,14,,,1,23,,6963,14,,,1,75,,6958,14,,,1,20,,6955,14,,,1,81,,6968,14,,,1,30,,6970,14,,,1,70,,6964,14,,,1,73,,6960,14,,,1,36,,6966,14,,,1,102,,6959,14,,,1,99,,6962,14,,,1,102,,6967,14,,,1,97,,6965,14,,,1,110,,6969,14,,,1
4303,'DIM',636,,7892,12,,,1,101,,7893,12,,,1,100,,7894,12,,,1,100,,7885,12,,,1,106,,7886,12,,,1,103,,7895,12,,,1,99,,7898,12,,,1,102,,7896,12,,,1,97,,7899,12,,,1,100,,7897,12,,,1,102,,7880,12,,,1,105,,7884,12,,,1,93,,7891,12,,,1,100,,7888,12,,,1,100,,7882,12,,,1,99,,7881,12,,,1,100,,7883,12,,,1,94,,7887,12,,,1,99,,7890,12,,,1,100,,7889,12,,,1
4303,'SAM',636,,7906,12,,,1,101,,7907,12,,,1,100,,7911,12,,,1,105,,7914,12,,,1,103,,7917,12,,,1,101,,7915,12,,,1,100,,7900,12,,,1,104,,7916,12,,,1,97,,7913,12,,,1,97,,7912,12,,,1,101,,7919,12,,,1,100,,7918,12,,,1,103,,7901,12,,,1,96,,7903,12,,,1,100,,7902,12,,,1,99,,7909,12,,,1,100,,7905,12,,,1,94,,7904,12,,,1,99,,7910,12,,,1,100,,7908,12,,,1
4303,'SEM',638,,7925,12,,,1,101,,7939,12,,,1,82,,7923,12,,,1,102,,7930,12,,,1,30,,7922,12,,,1,70,,7920,12,,,1,30,,7947,12,,,1,70,,7934,12,,,1,30,,7924,12,,,1,70,,7945,12,,,1,30,,7946,12,,,1,70,,7928,12,,,1,30,,7931,12,,,1,71,,7927,12,,,1,30,,7921,12,,,1,70,,7932,12,,,1,25,,7926,12,,,1,70,,7937,12,,,1,25,,11283,12,,,1,70,,7936,12,,,1,30,,7929,12,,,1,70,,7935,12,,,1,99,,7944,12,,,1,100,,7940,12,,,1,104,,7942,12,,,1,99,,7938,12,,,1,108,,7943,12,,,1,110,,7941,12,,,1
6002,'DIM',657,,9084,12,,,1,99,,9093,12,,,1,100,,9092,12,,,1,101,,9096,12,,,1,100,,9094,12,,,1,101,,9098,12,,,1,100,,9095,12,,,1,100,,9097,12,,,1,100,,9099,12,,,1,99,,9083,12,,,1,100,,9100,12,,,1,100,,9090,12,,,1,99,,9086,12,,,1,101,,9085,12,,,1,100,,9088,12,,,1,100,,9087,12,,,1,100,,9089,12,,,1,99,,9091,12,,,1
6002,'SAM',657,,9114,12,,,1,99,,9113,12,,,1,94,,9116,12,,,1,107,,9112,12,,,1,100,,9110,12,,,1,101,,9118,12,,,1,100,,9117,12,,,1,97,,9111,12,,,1,103,,9115,12,,,1,99,,9102,12,,,1,100,,9106,12,,,1,100,,9107,12,,,1,99,,9101,12,,,1,101,,9105,12,,,1,100,,9103,12,,,1,100,,9109,12,,,1,100,,9108,12,,,1,99,,9104,12,,,1
6002,'SEM',632,,9119,12,,,1,117,,9135,12,,,1,82,,9134,12,,,1,102,,11298,12,,,1,96,,9121,12,,,1,100,,9123,12,,,1,100,,9137,12,,,1,100,,9136,12,,,1,97,,9124,12,,,1,104,,9120,12,,,1,101,,9125,12,,,1,99,,9131,12,,,1,101,,9127,12,,,1,98,,9130,12,,,1,99,,9133,12,,,1,99,,9126,12,,,1,100,,9129,12,,,1,90,,9128,12,,,1,100,,9132,12,,,1
7303,'DIM',652,,9874,12,,,1,99,,9869,12,,,1,99,,9871,12,,,1,99,,9868,12,,,1,101,,9870,12,,,1,99,,9872,12,,,1,102,,9861,12,,,1,99,,9867,12,,,1,100,,9873,12,,,1,100,,9875,12,,,1,101,,9859,12,,,1,100,,9860,12,,,1,97,,9857,12,,,1,102,,9862,12,,,1,100,,9865,12,,,1,100,,9858,12,,,1,100,,9863,12,,,1,101,,9866,12,,,1,106,,9864,12,,,1
7303,'SAM',556,,9890,12,,,1,96,,9877,12,,,1,99,,9894,12,,,1,99,,9892,12,,,1,99,,9879,12,,,1,101,,9891,12,,,1,100,,9895,12,,,1,100,,9893,12,,,1,101,,9876,12,,,1,100,,9896,12,,,1,100,,9897,12,,,1,100,,9882,12,,,1,100,,9878,12,,,1,98,,9884,12,,,1,101,,9883,12,,,1,100,,9880,12,,,1,100,,9881,12,,,1,100,,9885,12,,,1,102,,9886,12,,,1,105,,9888,12,,,1,102,,9887,12,,,1,98,,9889,12,,,1
7303,'SEM',545,,9942,12,,,1,65,,9939,12,,,1,37,,9940,12,,,1,8,,9908,12,,,1,77,,9904,12,,,1,23,,9911,12,,,1,81,,9913,12,,,1,14,,9921,12,,,1,69,,9903,12,,,1,30,,9901,12,,,1,70,,9943,12,,,1,30,,9915,12,,,1,70,,9909,12,,,1,30,,9941,12,,,1,69,,9910,12,,,1,30,,9918,12,,,1,70,,9944,12,,,1,30,,9902,12,,,1,70,,9919,12,,,1,26,,9899,12,,,1,72,,9912,12,,,1,30,,9945,12,,,1,60,,9898,12,,,1,17,,9926,12,,,1,18,,9914,12,,,1,13,,9900,12,,,1,54,,9905,12,,,1,14,,9907,12,,,1,15,,9906,12,,,1,14,,9929,12,,,1,53,,9916,12,,,1,17,,9922,12,,,1,14,,9917,12,,,1,19,,9928,12,,,1,74,,9932,12,,,1,26,,9920,12,,,1,73,,9923,12,,,1,28,,9935,12,,,1,71,,9925,12,,,1,30,,9927,12,,,1,67,,9924,12,,,1,33,,9931,12,,,1,70,,9936,12,,,1,30,,9938,12,,,1,75,,9930,12,,,1,70,,9933,12,,,1,27,,9934,12,,,1,122,,9937,12,,,1
7401,'DIM',722,,10038,12,,,2,98,,10039,12,,,2,100,,10045,12,,,2,99,,10043,12,,,2,101,,10040,12,,,2,100,,10041,12,,,2,102,,10042,12,,,2,100,,10046,12,,,2,100,,10044,12,,,2,99,,10047,12,,,2,100,,10031,12,,,2,98,,10035,12,,,2,100,,10037,12,,,2,101,,10036,12,,,2,101,,10034,12,,,2,99,,10032,12,,,2,100,,10033,12,,,2
7401,'SAM',723,,10058,12,,,2,99,,10056,12,,,2,100,,10061,12,,,2,99,,10064,12,,,2,100,,10059,12,,,2,100,,10062,12,,,2,99,,10057,12,,,2,102,,10063,12,,,2,100,,10060,12,,,2,101,,10050,12,,,2,98,,10048,12,,,2,100,,10054,12,,,2,100,,10055,12,,,2,101,,10053,12,,,2,101,,10049,12,,,2,97,,10051,12,,,2,100,,10052,12,,,2
7401,'SEM',624,,10082,12,,,2,96,,10083,12,,,2,100,,10069,12,,,2,105,,10071,12,,,2,97,,10068,12,,,2,100,,10081,12,,,2,101,,10084,12,,,2,100,,10067,12,,,2,100,,10065,12,,,2,99,,10072,12,,,2,91,,10066,12,,,2,102,,10075,12,,,2,29,,10070,12,,,2,80,,10079,12,,,2,98,,10073,12,,,2,100,,10077,12,,,2,100,,10076,12,,,2,97,,10074,12,,,2,103,,10078,12,,,2,98,,10080,12,,,2
