15104,'DIM',634,,10653,54,4,,2,71,,10675,54,4,,2,31,,10677,54,4,,2,22,,10672,54,4,,2,74,,10670,54,4,,2,69,,10656,54,4,,2,40,,10678,54,4,,2,65,,10673,54,4,,2,35,,10671,54,4,,2,75,,10668,54,4,,2,37,,10679,54,4,,2,69,,10684,54,4,,2,37,,10676,54,4,,2,75,,10669,54,4,,2,77,,10680,54,4,,2,29,,10674,54,4,,2,77,,10682,54,4,,2,35,,10657,54,4,,2,77,,10681,54,4,,2,29,,10685,54,4,,2,77,,10683,54,4,,2,71,,10658,54,4,,2,37,,10664,54,4,,2,67,,10666,54,4,,2,32,,10654,54,4,,2,71,,10660,54,4,,2,33,,10665,54,4,,2,67,,10667,54,4,,2,29,,10655,54,4,,2,71,,10659,54,4,,2,98,,10661,54,4,,2,101,,10662,54,4,,2,20,,10663,54,4,,2
15104,'SAM',634,,10705,54,4,,2,71,,10708,54,4,,2,31,,10711,54,4,,2,23,,10709,54,4,,2,73,,10703,54,4,,2,69,,10706,54,4,,2,40,,10712,54,4,,2,65,,10710,54,4,,2,35,,10704,54,4,,2,71,,10707,54,4,,2,41,,10713,54,4,,2,69,,10717,54,4,,2,37,,10701,54,4,,2,74,,10715,54,4,,2,78,,10714,54,4,,2,29,,10718,54,4,,2,79,,10702,54,4,,2,32,,10686,54,4,,2,78,,10716,54,4,,2,29,,10690,54,4,,2,77,,10688,54,4,,2,70,,10687,54,4,,2,38,,10694,54,4,,2,67,,10698,54,4,,2,32,,10689,54,4,,2,71,,10696,54,4,,2,33,,10695,54,4,,2,67,,10699,54,4,,2,32,,10700,54,4,,2,68,,10697,54,4,,2,98,,10691,54,4,,2,101,,10692,54,4,,2,20,,10693,54,4,,2
15104,'SEM',507,,10769,54,4,,2,32,,10736,54,4,,2,15,,10766,54,4,,2,64,,10773,54,4,,2,27,,10776,54,4,,2,13,,10780,54,4,,2,53,,10723,54,4,,2,6,,10724,54,4,,2,4,,10727,54,4,,2,5,,10729,54,4,,2,5,,10731,54,4,,2,10,,10719,54,4,,2,11,,10775,54,4,,2,48,,10737,54,4,,2,13,,10767,54,4,,2,16,,10774,54,4,,2,17,,10720,54,4,,2,9,,10732,54,4,,2,55,,10721,54,4,,2,6,,10739,54,4,,2,14,,10728,54,4,,2,27,,10735,54,4,,2,62,,10738,54,4,,2,20,,10734,54,4,,2,19,,10768,54,4,,2,57,,10761,54,4,,2,21,,10771,54,4,,2,71,,10770,54,4,,2,20,,10772,54,4,,2,19,,10777,54,4,,2,60,,11163,54,4,,2,19,,10722,54,4,,2,21,,10730,54,4,,2,72,,10779,54,4,,2,21,,10781,54,4,,2,61,,10743,54,4,,2,22,,10733,54,4,,2,21,,10746,54,4,,2,68,,10748,54,4,,2,19,,10726,54,4,,2,21,,10725,54,4,,2,64,,10741,54,4,,2,17,,10744,54,4,,2,16,,10740,54,4,,2,58,,10749,54,4,,2,17,,10750,54,4,,2,14,,10755,54,4,,2,14,,10752,54,4,,2,53,,10753,54,4,,2,19,,10742,54,4,,2,20,,10762,54,4,,2,59,,10765,54,4,,2,26,,10760,54,4,,2,30,,10764,54,4,,2,72,,10745,54,4,,2,28,,10747,54,4,,2,70,,10751,54,4,,2,29,,10754,54,4,,2,70,,10756,54,4,,2,22,,10757,54,4,,2,63,,10759,54,4,,2,36,,10758,54,4,,2,80,,10763,54,4,,2
25104,'SEM',738,,10875,38,4,,1,7,,10876,38,4,,1,11,,10877,38,4,,1,54,,10878,38,4,,1,12,,10879,38,4,,1,17,,10874,38,4,,1
25503,'DIM',805,,10899,1,,,2,100,,10901,1,,,2,98,,10900,1,,,2,100,,10902,1,,,2,100,,10897,1,,,2,100,,10887,1,,,2,101,,10898,1,,,2,100,,10888,1,,,2,101,,10892,1,,,2,100,,10903,1,,,2,103,,10893,1,,,2,97,,10889,1,,,2,100,,10896,1,,,2,100,,10890,1,,,2,100,,10894,1,,,2,100,,10891,1,,,2,100,,10895,1,,,2
25503,'SAM',805,,10915,1,,,2,100,,10917,1,,,2,98,,10916,1,,,2,100,,10918,1,,,2,100,,10904,1,,,2,100,,10919,1,,,2,101,,10905,1,,,2,100,,10920,1,,,2,101,,10906,1,,,2,100,,10909,1,,,2,102,,10913,1,,,2,98,,10910,1,,,2,100,,10914,1,,,2,100,,10907,1,,,2,100,,10911,1,,,2,100,,10908,1,,,2,100,,10912,1,,,2
25503,'SEM',2132,,10921,1,,,2,100,,10922,1,,,2,118,,10923,1,,,2
25504,'DIM',648,,10932,70,4,,2,100,,10935,70,4,,2,104,,10938,70,4,,2,100,,10936,70,4,,2,105,,10939,70,4,,2,100,,10937,70,4,,2,100,,10940,70,4,,2,102,,10933,70,4,,2,100,,10924,70,4,,2,141,,10934,70,4,,2,100,,10925,70,4,,2,102,,10928,70,4,,2,56,,10941,70,4,,2,100,,10930,70,4,,2,98,,10926,70,4,,2,95,,10931,70,4,,2,98,,10927,70,4,,2,98,,10929,70,4,,2
25504,'SAM',648,,10951,70,4,,2,100,,10952,70,4,,2,104,,10955,70,4,,2,100,,10953,70,4,,2,105,,10956,70,4,,2,100,,10954,70,4,,2,100,,10957,70,4,,2,102,,10942,70,4,,2,100,,10958,70,4,,2,141,,10943,70,4,,2,100,,4935,70,4,,2,102,,10944,70,4,,2,56,,10946,70,4,,2,101,,10949,70,4,,2,97,,10947,70,4,,2,95,,10950,70,4,,2,98,,10945,70,4,,2,98,,10948,70,4,,2
25504,'SEM',528,,10959,70,4,,2,28,,10960,70,4,,2,1571,,10964,70,4,,2,97,,10962,70,4,,2,97,,10961,70,4,,2,95,,10963,70,4,,2
