2401,'DIM',647,,6319,12,,,1,98,,444,12,,,1,105,,6318,12,,,1,101,,6315,12,,,1,101,,6321,12,,,1,70,,6317,12,,,1,30,,6324,12,,,1,70,,6323,12,,,1,26,,6326,12,,,1,77,,6327,12,,,1,24,,6320,12,,,1,76,,6306,12,,,1,24,,6328,12,,,1,72,,6322,12,,,1,32,,6307,12,,,1,72,,6325,12,,,1,34,,6310,12,,,1,64,,6329,12,,,1,30,,6308,12,,,1,100,,6311,12,,,1,100,,6312,12,,,1,100,,6309,12,,,1,97,,6316,12,,,1,100,,6313,12,,,1,95,,6314,12,,,1,99,,439,12,,,1
2401,'SAM',617,,6345,12,,,1,30,,6356,12,,,1,98,,6346,12,,,1,106,,6341,12,,,1,100,,6354,12,,,1,100,,6347,12,,,1,70,,6355,12,,,1,30,,6350,12,,,1,71,,6332,12,,,1,30,,6342,12,,,1,73,,6344,12,,,1,32,,6330,12,,,1,67,,6343,12,,,1,35,,6348,12,,,1,71,,6352,12,,,1,23,,6349,12,,,1,70,,6351,12,,,1,31,,6353,12,,,1,69,,6335,12,,,1,36,,6333,12,,,1,94,,6336,12,,,1,100,,6334,12,,,1,100,,6339,12,,,1,97,,6331,12,,,1,100,,6337,12,,,1,95,,6338,12,,,1,101,,6340,12,,,1
2401,'SEM',457,,6362,12,,,1,75,,6386,12,,,1,80,,6370,12,,,1,20,,6358,12,,,1,12,,6361,12,,,1,12,,6379,12,,,1,49,,6368,12,,,1,13,,11271,12,,,1,12,,6388,12,,,1,12,,6392,12,,,1,13,,6360,12,,,1,67,,11270,12,,,1,27,,6364,12,,,1,71,,6365,12,,,1,29,,6383,12,,,1,70,,6371,12,,,1,30,,6366,12,,,1,70,,6389,12,,,1,30,,6394,12,,,1,70,,6357,12,,,1,30,,6387,12,,,1,70,,6390,12,,,1,30,,6363,12,,,1,70,,6393,12,,,1,30,,6367,12,,,1,82,,6359,12,,,1,26,,6372,12,,,1,65,,6375,12,,,1,30,,6373,12,,,1,70,,6374,12,,,1,30,,6378,12,,,1,71,,6382,12,,,1,100,,6385,12,,,1,90,,6381,12,,,1,100,,6377,12,,,1,100,,6376,12,,,1,100,,6380,12,,,1,100,,6384,12,,,1
6601,'DIM',550,,9585,20,,,1,100,,9584,20,,,1,101,,9590,20,,,1,101,,9586,20,,,1,70,,9588,20,,,1,32,,9587,20,,,1,70,,3640,20,,,1,35,,9593,20,,,1,70,,9591,20,,,1,30,,9577,20,,,1,100,,9592,20,,,1,100,,9583,20,,,1,100,,9589,20,,,1,100,,9575,20,,,1,142,,9578,20,,,1,100,,9576,20,,,1,100,,9580,20,,,1,57,,9582,20,,,1,100,,9581,20,,,1,100,,9579,20,,,1
6601,'SAM',550,,9602,20,,,1,100,,9605,20,,,1,101,,9599,20,,,1,98,,9601,20,,,1,73,,9603,20,,,1,32,,9604,20,,,1,70,,9609,20,,,1,35,,9613,20,,,1,70,,9610,20,,,1,30,,9608,20,,,1,100,,9611,20,,,1,100,,9594,20,,,1,100,,9607,20,,,1,100,,9606,20,,,1,142,,9612,20,,,1,100,,9596,20,,,1,100,,9597,20,,,1,57,,9600,20,,,1,100,,9598,20,,,1,100,,9595,20,,,1
6601,'SEM',632,,9630,20,,,1,104,,11304,20,,,1,90,,9617,20,,,1,107,,9621,20,,,1,105,,9624,20,,,1,100,,9623,20,,,1,106,,9616,20,,,1,100,,9619,20,,,1,100,,9615,20,,,1,74,,9614,20,,,1,90,,9618,20,,,1,95,,9627,20,,,1,105,,9620,20,,,1,97,,9626,20,,,1,98,,9628,20,,,1,100,,9629,20,,,1,97,,9625,20,,,1
14401,'DIM',606,,10349,22,,,2,34,,10350,22,,,2,97,,10355,22,,,2,82,,10351,22,,,2,97,,10354,22,,,2,37,,10358,22,,,2,67,,10352,22,,,2,32,,10363,22,,,2,79,,10361,22,,,2,28,,10353,22,,,2,73,,10364,22,,,2,79,,10362,22,,,2,28,,10356,22,,,2,73,,10357,22,,,2,39,,10359,22,,,2,68,,10340,22,,,2,35,,10339,22,,,2,79,,10360,22,,,2,68,,10341,22,,,2,34,,10345,22,,,2,106,,10342,22,,,2,77,,10346,22,,,2,97,,10347,22,,,2,100,,10343,22,,,2,98,,10348,22,,,2,100,,10344,22,,,2
14401,'SAM',606,,10376,22,,,2,34,,10382,22,,,2,97,,10377,22,,,2,82,,10383,22,,,2,97,,10378,22,,,2,31,,10387,22,,,2,73,,10390,22,,,2,32,,10391,22,,,2,79,,10388,22,,,2,28,,10379,22,,,2,73,,10384,22,,,2,79,,10389,22,,,2,28,,10380,22,,,2,73,,10385,22,,,2,38,,10386,22,,,2,69,,10381,22,,,2,35,,10368,22,,,2,77,,10369,22,,,2,70,,10392,22,,,2,34,,10372,22,,,2,106,,10365,22,,,2,77,,10373,22,,,2,97,,10366,22,,,2,100,,10370,22,,,2,98,,10367,22,,,2,100,,10371,22,,,2,100,,10375,22,,,2,101,,10374,22,,,2
14401,'SEM',540,,10423,22,,,2,77,,11310,22,,,2,15,,10427,22,,,2,18,,10399,22,,,2,4,,10400,22,,,2,50,,10403,22,,,2,7,,11308,22,,,2,6,,10398,22,,,2,13,,10422,22,,,2,15,,10410,22,,,2,58,,10406,22,,,2,14,,11309,22,,,2,15,,10428,22,,,2,20,,10411,22,,,2,70,,10418,22,,,2,15,,10424,22,,,2,69,,10408,22,,,2,29,,10395,22,,,2,70,,10404,22,,,2,36,,10409,22,,,2,67,,10394,22,,,2,30,,10396,22,,,2,76,,10393,22,,,2,29,,10402,22,,,2,72,,10412,22,,,2,39,,10426,22,,,2,70,,10401,22,,,2,100,,10397,22,,,2,86,,10419,22,,,2,102,,10415,22,,,2,99,,10421,22,,,2,93,,10413,22,,,2,100,,10414,22,,,2,55,,10417,22,,,2,149,,11195,22,,,2,101,,10420,22,,,2
24401,'SEM',625,,10868,22,,,2,15,,11317,22,,,2
