201,'SAM',2556,,5883,14,,,1,81,,3,14,,,1,85,,5884,14,,,1
201,'SEM',2515,,5885,14,,,1,27,,5886,14,,,1,80,,5887,14,,,1,80,,5888,14,,,1
1704,'DIM',513,,6036,47,,,1,90,,6039,47,,,1,106,,6042,47,,,1,97,,6035,47,,,1,101,,6029,47,,,1,102,,6034,47,,,1,101,,6037,47,,,1,100,,6041,47,,,1,103,,6038,47,,,1,100,,6043,47,,,1,102,,6045,47,,,1,99,,6033,47,,,1,101,,6040,47,,,1,99,,6025,47,,,1,98,,6044,47,,,1,99,,6028,47,,,1,99,,6026,47,,,1,98,,6027,47,,,1,99,,6030,47,,,1,98,,6032,47,,,1,96,,6031,47,,,1
1704,'SAM',514,,6057,47,,,1,89,,6054,47,,,1,106,,6049,47,,,1,97,,6056,47,,,1,101,,6062,47,,,1,103,,6059,47,,,1,100,,6060,47,,,1,100,,6058,47,,,1,102,,6064,47,,,1,100,,6055,47,,,1,101,,6061,47,,,1,101,,6065,47,,,1,102,,6063,47,,,1,98,,6066,47,,,1,98,,6046,47,,,1,99,,6047,47,,,1,99,,6048,47,,,1,98,,6053,47,,,1,99,,6051,47,,,1,98,,6052,47,,,1,96,,6050,47,,,1
1704,'SEM',527,,6078,47,,,1,103,,6088,47,,,1,21,,6068,47,,,1,63,,6072,47,,,1,16,,6074,47,,,1,25,,6089,47,,,1,74,,6067,47,,,1,101,,6071,47,,,1,84,,6076,47,,,1,99,,6070,47,,,1,101,,6079,47,,,1,100,,6075,47,,,1,100,,6069,47,,,1,102,,6073,47,,,1,103,,6077,47,,,1,98,,6084,47,,,1,101,,6082,47,,,1,97,,6080,47,,,1,98,,6086,47,,,1,100,,6081,47,,,1,98,,6083,47,,,1,99,,6087,47,,,1,99,,6085,47,,,1
2704,'DIM',801,,6871,52,,,2,101,,6872,52,,,2,100,,6874,52,,,2,99,,6869,52,,,2,56,,6870,52,,,2,145,,6873,52,,,2,102,,6868,52,,,2,100,,6867,52,,,2,55,,6861,52,,,2,141,,6862,52,,,2,105,,6866,52,,,2,98,,6860,52,,,2,100,,6859,52,,,2,98,,6865,52,,,2,100,,6863,52,,,2,100,,6864,52,,,2
2704,'SAM',700,,6890,52,,,2,101,,6887,52,,,2,100,,6885,52,,,2,56,,6889,52,,,2,144,,6891,52,,,2,56,,6884,52,,,2,145,,6875,52,,,2,56,,6886,52,,,2,146,,6888,52,,,2,106,,6880,52,,,2,95,,6882,52,,,2,100,,6883,52,,,2,98,,6878,52,,,2,100,,6881,52,,,2,98,,6877,52,,,2,100,,6879,52,,,2,99,,6876,52,,,2
2704,'SEM',625,,6911,52,,,2,30,,6895,52,,,2,75,,6893,52,,,2,24,,6898,52,,,2,64,,6913,52,,,2,29,,6910,52,,,2,79,,6892,52,,,2,79,,6897,52,,,2,96,,6914,52,,,2,110,,6912,52,,,2,95,,6894,52,,,2,50,,6915,52,,,2,101,,6901,52,,,2,146,,6896,52,,,2,39,,6900,52,,,2,79,,6899,52,,,2,16,,6908,52,,,2,67,,6904,52,,,2,33,,6906,52,,,2,73,,6905,52,,,2,99,,6903,52,,,2,45,,6909,52,,,2,99,,6902,52,,,2,99,,6907,52,,,2
3104,'DIM',633,,1107,57,,,1,103,,6985,57,,,1,101,,6984,57,,,1,102,,6989,57,,,1,103,,6992,57,,,1,100,,6993,57,,,1,101,,6990,57,,,1,101,,6986,57,,,1,102,,6988,57,,,1,102,,6976,57,,,1,96,,6987,57,,,1,101,,6991,57,,,1,97,,6979,57,,,1,100,,6978,57,,,1,99,,6980,57,,,1,99,,6977,57,,,1,99,,6983,57,,,1,97,,6982,57,,,1,100,,6981,57,,,1
3104,'SAM',532,,7010,57,,,1,99,,7004,57,,,1,105,,7006,57,,,1,102,,7009,57,,,1,101,,7007,57,,,1,102,,7011,57,,,1,99,,7013,57,,,1,101,,6994,57,,,1,103,,7003,57,,,1,101,,7008,57,,,1,101,,7005,57,,,1,102,,7012,57,,,1,97,,6997,57,,,1,99,,6998,57,,,1,98,,7000,57,,,1,99,,6995,57,,,1,99,,7001,57,,,1,99,,7002,57,,,1,97,,6996,57,,,1,100,,6999,57,,,1
3104,'SEM',504,,7030,57,,,1,31,,1143,57,,,1,86,,7031,57,,,1,22,,7033,57,,,1,64,,7016,57,,,1,34,,7018,57,,,1,72,,7029,57,,,1,30,,7015,57,,,1,69,,7017,57,,,1,31,,7034,57,,,1,100,,7036,57,,,1,100,,7035,57,,,1,100,,7014,57,,,1,100,,7032,57,,,1,101,,7019,57,,,1,104,,7020,57,,,1,102,,7023,57,,,1,101,,7021,57,,,1,96,,7028,57,,,1,97,,7025,57,,,1,101,,7026,57,,,1,99,,7022,57,,,1,98,,7024,57,,,1,105,,7027,57,,,1
4304,'DIM',509,,2049,32,,,1,103,,2043,32,,,1,102,,7958,32,,,1,102,,7959,32,,,1,101,,7960,32,,,1,100,,7953,32,,,1,107,,7954,32,,,1,102,,7961,32,,,1,99,,7964,32,,,1,102,,7962,32,,,1,98,,7965,32,,,1,102,,7963,32,,,1,99,,7948,32,,,1,104,,7952,32,,,1,95,,7957,32,,,1,100,,7956,32,,,1,100,,7950,32,,,1,99,,7949,32,,,1,99,,7951,32,,,1,91,,7955,32,,,1
4304,'SAM',509,,2068,32,,,1,103,,7976,32,,,1,102,,7972,32,,,1,102,,7973,32,,,1,101,,7977,32,,,1,104,,7980,32,,,1,104,,7983,32,,,1,101,,7981,32,,,1,100,,7966,32,,,1,104,,7982,32,,,1,98,,7979,32,,,1,98,,7978,32,,,1,100,,7985,32,,,1,99,,7984,32,,,1,102,,7967,32,,,1,98,,7969,32,,,1,100,,7968,32,,,1,99,,7974,32,,,1,99,,7971,32,,,1,91,,7970,32,,,1,100,,7975,32,,,1
4304,'SEM',530,,8011,32,,,1,74,,8014,32,,,1,36,,7987,32,,,1,60,,7991,32,,,1,20,,7994,32,,,1,22,,8001,32,,,1,63,,8015,32,,,1,27,,8007,32,,,1,73,,7990,32,,,1,29,,7993,32,,,1,73,,7998,32,,,1,28,,7989,32,,,1,70,,7986,32,,,1,30,,8018,32,,,1,70,,8002,32,,,1,30,,7992,32,,,1,70,,8016,32,,,1,30,,8017,32,,,1,70,,7997,32,,,1,32,,7999,32,,,1,71,,7996,32,,,1,31,,7988,32,,,1,72,,8000,32,,,1,26,,7995,32,,,1,70,,8005,32,,,1,96,,8004,32,,,1,54,,8003,32,,,1,99,,8013,32,,,1,100,,8009,32,,,1,99,,8010,32,,,1,100,,8006,32,,,1,150,,8008,32,,,1,21,,8012,32,,,1
4804,'DIM',610,,2444,62,,,1,110,,8366,62,,,1,103,,8365,62,,,1,108,,8362,62,,,1,108,,8367,62,,,1,101,,8364,62,,,1,99,,8368,62,,,1,104,,8370,62,,,1,97,,8363,62,,,1,106,,8369,62,,,1,100,,8357,62,,,1,99,,8360,62,,,1,97,,8358,62,,,1,98,,8361,62,,,1,97,,8356,62,,,1,100,,8354,62,,,1,100,,8359,62,,,1,99,,8355,62,,,1
4804,'SAM',609,,8382,62,,,1,113,,8387,62,,,1,102,,8384,62,,,1,107,,8371,62,,,1,108,,8385,62,,,1,101,,8389,62,,,1,100,,8388,62,,,1,97,,8390,62,,,1,107,,8386,62,,,1,102,,8372,62,,,1,100,,8375,62,,,1,99,,8379,62,,,1,97,,8376,62,,,1,98,,8373,62,,,1,97,,8383,62,,,1,100,,8380,62,,,1,100,,8374,62,,,1,99,,8377,62,,,1,92,,8378,62,,,1,26,,8381,62,,,1
4804,'SEM',541,,2475,62,,,1,85,,8411,62,,,1,20,,8413,62,,,1,60,,8393,62,,,1,24,,8404,62,,,1,25,,8407,62,,,1,59,,8399,62,,,1,22,,8416,62,,,1,69,,11221,62,,,1,29,,8397,62,,,1,70,,8396,62,,,1,30,,8412,62,,,1,67,,8417,62,,,1,107,,8414,62,,,1,100,,8415,62,,,1,101,,8391,62,,,1,99,,8401,62,,,1,39,,8398,62,,,1,74,,8395,62,,,1,37,,8392,62,,,1,92,,8402,62,,,1,68,,8409,62,,,1,103,,8400,62,,,1,106,,8406,62,,,1,103,,8405,62,,,1,97,,8403,62,,,1,98,,8410,62,,,1,100,,8408,62,,,1
5802,'DIM',627,,8984,60,,,2,101,,8981,60,,,2,93,,3051,60,,,2,100,,8975,60,,,2,100,,8976,60,,,2,99,,8980,60,,,2,100,,8977,60,,,2,101,,8974,60,,,2,101,,8978,60,,,2,100,,8982,60,,,2,98,,8979,60,,,2,109,,8983,60,,,2,94,,8968,60,,,2,99,,8970,60,,,2,99,,8973,60,,,2,99,,8971,60,,,2,99,,8972,60,,,2,99,,8969,60,,,2
5802,'SAM',627,,9000,60,,,2,101,,8985,60,,,2,93,,8998,60,,,2,100,,9001,60,,,2,100,,8989,60,,,2,99,,8991,60,,,2,103,,8999,60,,,2,98,,8994,60,,,2,106,,8997,60,,,2,94,,8986,60,,,2,111,,8988,60,,,2,99,,9002,60,,,2,92,,8987,60,,,2,99,,8995,60,,,2,102,,8993,60,,,2,96,,8990,60,,,2,99,,8992,60,,,2,99,,8996,60,,,2
5802,'SEM',549,,9022,60,,,2,66,,9006,60,,,2,39,,9026,60,,,2,53,,11228,60,,,2,18,,9027,52,,,2,9,,9024,60,,,2,70,,9009,60,,,2,16,,9003,60,,,2,82,,9004,60,,,2,41,,9011,60,,,2,100,,9010,60,,,2,100,,9023,60,,,2,100,,9007,60,,,2,101,,9025,60,,,2,102,,9008,60,,,2,65,,9015,60,,,2,31,,9012,60,,,2,105,,9014,60,,,2,69,,9021,60,,,2,98,,9016,60,,,2,99,,9017,60,,,2,46,,9013,60,,,2,98,,9020,60,,,2,100,,9018,60,,,2,100,,9019,60,,,2
6001,'DIM',817,,9029,56,,,1,103,,9037,56,,,1,101,,9036,56,,,1,103,,9040,56,,,1,105,,9038,56,,,1,107,,9042,56,,,1,100,,9039,56,,,1,101,,9041,56,,,1,100,,9043,56,,,1,98,,9028,56,,,1,94,,9044,56,,,1,95,,9035,56,,,1,97,,9031,56,,,1,97,,9030,56,,,1,97,,9033,56,,,1,100,,9032,56,,,1,100,,9034,56,,,1
6001,'SAM',712,,9048,56,,,1,105,,9058,56,,,1,103,,9057,56,,,1,95,,9060,56,,,1,109,,9056,56,,,1,105,,9054,56,,,1,107,,9062,56,,,1,100,,9061,56,,,1,107,,9055,56,,,1,94,,9059,56,,,1,98,,9046,56,,,1,94,,9050,56,,,1,95,,9051,56,,,1,97,,9045,56,,,1,97,,9049,56,,,1,97,,9047,56,,,1,100,,9053,56,,,1,100,,9052,56,,,1
6001,'SEM',554,,9079,56,,,1,146,,9063,56,,,1,55,,9064,56,,,1,72,,9066,56,,,1,85,,9069,56,,,1,92,,9080,56,,,1,103,,9081,56,,,1,99,,9065,56,,,1,101,,9067,56,,,1,102,,9082,56,,,1,100,,9071,56,,,1,101,,9068,56,,,1,108,,9074,56,,,1,97,,9070,56,,,1,92,,9077,56,,,1,96,,9073,56,,,1,49,,9076,56,,,1,99,,9078,56,,,1,95,,9072,56,,,1,100,,9075,56,,,1
7001,'DIM',743,,9696,80,,,1,100,,9699,80,,,1,102,,9698,80,,,1,100,,9702,80,,,1,66,,9703,80,,,1,31,,9705,80,,,1,64,,9700,80,,,1,43,,9704,80,,,1,60,,9701,80,,,1,38,,9707,80,,,1,71,,9706,80,,,1,32,,9683,80,,,1,61,,9697,80,,,1,38,,9682,80,,,1,60,,9687,80,,,1,34,,9684,80,,,1,75,,9689,80,,,1,32,,9686,80,,,1,74,,9688,80,,,1,30,,9693,80,,,1,94,,9691,80,,,1,99,,9690,80,,,1,100,,9685,80,,,1,99,,9694,80,,,1,98,,9695,80,,,1,96,,9692,80,,,1
7001,'SAM',743,,9728,80,,,1,100,,9726,80,,,1,102,,9731,80,,,1,100,,9727,80,,,1,67,,9733,80,,,1,28,,9732,80,,,1,67,,9730,80,,,1,42,,9708,80,,,1,64,,9709,80,,,1,33,,9729,80,,,1,67,,9711,80,,,1,33,,9725,80,,,1,64,,9710,80,,,1,39,,9713,80,,,1,69,,9714,80,,,1,27,,9717,80,,,1,71,,9712,80,,,1,34,,9718,80,,,1,74,,9719,80,,,1,30,,9722,80,,,1,94,,9721,80,,,1,99,,9723,80,,,1,100,,9720,80,,,1,99,,9716,80,,,1,99,,9715,80,,,1,95,,9724,80,,,1
7001,'SEM',558,,9735,80,,,1,57,,9769,80,,,1,29,,9739,80,,,1,14,,9768,80,,,1,71,,9748,80,,,1,30,,9767,80,,,1,75,,9738,80,,,1,15,,9743,80,,,1,73,,9734,80,,,1,27,,9744,80,,,1,67,,9745,80,,,1,35,,9740,80,,,1,67,,9765,80,,,1,30,,9766,80,,,1,71,,9754,80,,,1,29,,9737,80,,,1,72,,9736,80,,,1,30,,9741,80,,,1,72,,9746,80,,,1,29,,9747,80,,,1,78,,9749,80,,,1,30,,9751,80,,,1,69,,9755,80,,,1,26,,9757,80,,,1,79,,9742,80,,,1,67,,9760,80,,,1,29,,9761,80,,,1,25,,9756,80,,,1,80,,9752,80,,,1,75,,9750,80,,,1,42,,9759,80,,,1,100,,9753,80,,,1,101,,9758,80,,,1,104,,9763,80,,,1,91,,9762,80,,,1,174,,9764,80,,,1
7304,'DIM',548,,4008,75,,,1,70,,3997,75,,,1,102,,9957,75,,,1,101,,9963,75,,,1,102,,9958,75,,,1,103,,9960,75,,,1,101,,9956,75,,,1,100,,9959,75,,,1,101,,9961,75,,,1,101,,9950,75,,,1,101,,9955,75,,,1,101,,9962,75,,,1,100,,9964,75,,,1,98,,9948,75,,,1,98,,9949,75,,,1,99,,9946,75,,,1,99,,9951,75,,,1,99,,9953,75,,,1,97,,9947,75,,,1,100,,9952,75,,,1,99,,9954,75,,,1
7304,'SAM',548,,9987,75,,,1,70,,9975,75,,,1,104,,9979,75,,,1,99,,9967,75,,,1,102,,9983,75,,,1,103,,9981,75,,,1,102,,9968,75,,,1,101,,9980,75,,,1,99,,9984,75,,,1,101,,9982,75,,,1,101,,9965,75,,,1,102,,9985,75,,,1,99,,9986,75,,,1,98,,9971,75,,,1,98,,9966,75,,,1,99,,9973,75,,,1,99,,9972,75,,,1,99,,9969,75,,,1,97,,9970,75,,,1,100,,9974,75,,,1,99,,9976,75,,,1,100,,9978,75,,,1,99,,9977,75,,,1
7304,'SEM',512,,10017,75,,,1,45,,10015,75,,,1,82,,10026,75,,,1,18,,10028,75,,,1,67,,10027,75,,,1,12,,9994,75,,,1,12,,10023,75,,,1,53,,10000,75,,,1,21,,10003,75,,,1,16,,10024,75,,,1,15,,9995,75,,,1,66,,9992,75,,,1,29,,9998,75,,,1,82,,10007,75,,,1,29,,9993,75,,,1,70,,9990,75,,,1,30,,10029,75,,,1,70,,10002,75,,,1,75,,9996,75,,,1,26,,10025,75,,,1,70,,9997,75,,,1,30,,10004,75,,,1,70,,10030,75,,,1,32,,9991,75,,,1,82,,10005,75,,,1,13,,9989,75,,,1,19,,9988,75,,,1,75,,9999,75,,,1,15,,10012,75,,,1,65,,10011,75,,,1,33,,10001,75,,,1,73,,10018,75,,,1,23,,10016,75,,,1,72,,10008,75,,,1,26,,10014,75,,,1,31,,10020,75,,,1,71,,10006,75,,,1,27,,10009,75,,,1,70,,10021,75,,,1,28,,10010,75,,,1,70,,10013,75,,,1,99,,10019,75,,,1,93,,10022,75,,,1
7402,'DIM',648,,10092,88,,,2,103,,10096,88,,,2,102,,10095,88,,,2,102,,10097,88,,,2,102,,10099,88,,,2,101,,10088,88,,,2,100,,10093,88,,,2,101,,10094,88,,,2,142,,10098,88,,,2,99,,10100,88,,,2,59,,10101,88,,,2,100,,10085,88,,,2,98,,10087,88,,,2,98,,10089,88,,,2,99,,10091,88,,,2,100,,10090,88,,,2,98,,10086,88,,,2
7402,'SAM',648,,10112,88,,,2,103,,10115,88,,,2,100,,10103,88,,,2,102,,10117,88,,,2,104,,10116,88,,,2,101,,10111,88,,,2,99,,10114,88,,,2,101,,10113,88,,,2,143,,10102,88,,,2,99,,10118,88,,,2,100,,10105,88,,,2,57,,10106,88,,,2,98,,10107,88,,,2,100,,10110,88,,,2,98,,10104,88,,,2,100,,10108,88,,,2,98,,10109,88,,,2
7402,'SEM',613,,10136,88,,,2,89,,10137,88,,,2,16,,10122,88,,,2,87,,10126,88,,,2,96,,10121,88,,,2,58,,10124,88,,,2,98,,10133,88,,,2,100,,10125,88,,,2,100,,10134,88,,,2,100,,10119,88,,,2,100,,10123,88,,,2,147,,10120,88,,,2,98,,10128,88,,,2,100,,10132,88,,,2,56,,10127,88,,,2,97,,10131,88,,,2,99,,10135,88,,,2,99,,10130,88,,,2,100,,10129,88,,,2
34504,'SEM',2528,,10995,37,,,1,117,,10994,37,,,1
