1703,'DIM',636,,5976,36,,,1,84,,94,36,,,1,100,,5966,36,,,1,101,,5971,36,,,1,99,,5972,36,,,1,102,,5975,36,,,1,101,,5973,36,,,1,100,,5977,36,,,1,101,,5979,36,,,1,99,,5970,36,,,1,102,,5974,36,,,1,96,,5962,36,,,1,99,,5978,36,,,1,99,,5965,36,,,1,101,,5963,36,,,1,99,,5964,36,,,1,100,,5967,36,,,1,100,,89,36,,,1,102,,5969,36,,,1,118,,5968,36,,,1
1703,'SAM',552,,5991,36,,,1,84,,5983,36,,,1,84,,5990,36,,,1,99,,5996,36,,,1,102,,5993,36,,,1,100,,5994,36,,,1,103,,5992,36,,,1,99,,5998,36,,,1,100,,5989,36,,,1,101,,5995,36,,,1,99,,5999,36,,,1,102,,5997,36,,,1,97,,6000,36,,,1,98,,5980,36,,,1,98,,5981,36,,,1,100,,5982,36,,,1,99,,5988,36,,,1,102,,5986,36,,,1,100,,5987,36,,,1,103,,5984,36,,,1,119,,5985,36,,,1
1703,'SEM',607,,6021,36,,,1,115,,6003,36,,,1,103,,6009,36,,,1,96,,6008,36,,,1,99,,6024,36,,,1,101,,6011,36,,,1,101,,6007,36,,,1,101,,6004,36,,,1,99,,6005,36,,,1,97,,11267,36,,,1,38,,6012,36,,,1,63,,6006,36,,,1,36,,6001,36,,,1,66,,6017,36,,,1,32,,6002,36,,,1,76,,6014,36,,,1,28,,6013,36,,,1,68,,6019,36,,,1,98,,6015,36,,,1,99,,6016,36,,,1,99,,6020,36,,,1,100,,6018,36,,,1,91,,6023,36,,,1,108,,6022,36,,,1
3103,'DIM',650,,6925,38,,,1,100,,6924,38,,,1,100,,6929,38,,,1,101,,6932,38,,,1,100,,6933,38,,,1,101,,6930,38,,,1,100,,6926,38,,,1,102,,6928,38,,,1,101,,6916,38,,,1,96,,6927,38,,,1,101,,6931,38,,,1,100,,6920,38,,,1,98,,6918,38,,,1,98,,6919,38,,,1,102,,6917,38,,,1,99,,6923,38,,,1,100,,6922,38,,,1,100,,6921,38,,,1
3103,'SAM',650,,6946,38,,,1,101,,6949,38,,,1,99,,6947,38,,,1,100,,6950,38,,,1,99,,6952,38,,,1,101,,6934,38,,,1,102,,6944,38,,,1,101,,6948,38,,,1,100,,6945,38,,,1,102,,6951,38,,,1,97,,6937,38,,,1,100,,6938,38,,,1,99,,6941,38,,,1,97,,6935,38,,,1,100,,6942,38,,,1,101,,6943,38,,,1,102,,6936,38,,,1,97,,6940,38,,,1,98,,6939,38,,,1
3103,'SEM',648,,6975,38,,,1,101,,6954,38,,,1,101,,6972,38,,,1,99,,6974,38,,,1,100,,6973,38,,,1,101,,6953,38,,,1,101,,6971,38,,,1,100,,6956,38,,,1,101,,6957,38,,,1,98,,6961,38,,,1,63,,6963,38,,,1,37,,6958,38,,,1,60,,6955,38,,,1,39,,6968,38,,,1,69,,6970,38,,,1,29,,6964,38,,,1,72,,6960,38,,,1,36,,6966,38,,,1,101,,6959,38,,,1,99,,6962,38,,,1,101,,6967,38,,,1,96,,6965,38,,,1,149,,6969,38,,,1
3903,'DIM',854,,7275,49,,,1,100,,1387,59,,,1,56,,7266,59,,,1,34,,7269,59,,,1,68,,7274,59,,,1,32,,7263,59,,,1,71,,7273,59,,,1,31,,7262,59,,,1,69,,7255,59,,,1,36,,7265,59,,,1,65,,7264,59,,,1,28,,7268,59,,,1,67,,7271,59,,,1,37,,7270,59,,,1,70,,7258,59,,,1,29,,7267,59,,,1,70,,7272,59,,,1,26,,7260,59,,,1,10,,7253,59,,,1,64,,7259,59,,,1,25,,7252,59,,,1,99,,7257,59,,,1,98,,7261,59,,,1,98,,7254,59,,,1,104,,7256,59,,,1
3903,'SAM',854,,7299,49,,,1,100,,7291,59,,,1,56,,7295,59,,,1,34,,7292,59,,,1,70,,7288,59,,,1,30,,7294,59,,,1,71,,7296,59,,,1,28,,7287,59,,,1,72,,7286,59,,,1,35,,7289,59,,,1,67,,7276,59,,,1,31,,7277,59,,,1,65,,7293,59,,,1,35,,7280,59,,,1,70,,7297,59,,,1,29,,7281,59,,,1,70,,7283,59,,,1,26,,7290,59,,,1,11,,7284,59,,,1,63,,7298,59,,,1,25,,7282,59,,,1,101,,7285,59,,,1,96,,7278,59,,,1,98,,1409,59,,,1,104,,7279,59,,,1
3903,'SEM',751,,7304,59,,,1,103,,7310,59,,,1,100,,7309,59,,,1,70,,7305,59,,,1,28,,7324,59,,,1,70,,7303,59,,,1,30,,7327,59,,,1,72,,7325,59,,,1,30,,7326,59,,,1,71,,7302,59,,,1,31,,7308,59,,,1,73,,7300,59,,,1,72,,7306,59,,,1,16,,7313,59,,,1,31,,7314,59,,,1,54,,7315,59,,,1,25,,7320,59,,,1,16,,7301,59,,,1,66,,7307,59,,,1,29,,7322,59,,,1,72,,7312,59,,,1,33,,7311,59,,,1,77,,7319,59,,,1,97,,7321,59,,,1,103,,7317,59,,,1,99,,7316,59,,,1,98,,7318,59,,,1,36,,7323,59,,,1
4503,'DIM',658,,8030,37,,,1,100,,2117,37,,,1,101,,2115,37,,,1,99,,8029,37,,,1,101,,8031,37,,,1,98,,8028,37,,,1,146,,8034,37,,,1,100,,8020,37,,,1,56,,8033,37,,,1,146,,8019,37,,,1,50,,8032,37,,,1,100,,8022,37,,,1,99,,8026,37,,,1,100,,8021,37,,,1,99,,8027,37,,,1,100,,8025,37,,,1,100,,8024,37,,,1,149,,8023,37,,,1
4503,'SAM',658,,8044,37,,,1,100,,8047,37,,,1,101,,8049,37,,,1,99,,8050,37,,,1,101,,8035,37,,,1,100,,8048,37,,,1,144,,8045,37,,,1,102,,8046,37,,,1,99,,8052,37,,,1,96,,8040,37,,,1,55,,8051,37,,,1,100,,8037,37,,,1,99,,8038,37,,,1,100,,8036,37,,,1,99,,8042,37,,,1,100,,8039,37,,,1,102,,8043,37,,,1,147,,8041,37,,,1
4503,'SEM',649,,8063,37,,,1,60,,8075,37,,,1,35,,8053,37,,,1,65,,8057,37,,,1,23,,8055,37,,,1,84,,8079,37,,,1,31,,8061,37,,,1,101,,8077,37,,,1,100,,11284,37,,,1,96,,8078,37,,,1,100,,8064,37,,,1,78,,8058,37,,,1,84,,8060,37,,,1,17,,8059,37,,,1,25,,8068,37,,,1,70,,8062,37,,,1,17,,8054,37,,,1,73,,8056,37,,,1,18,,8066,37,,,1,13,,8073,37,,,1,77,,8074,37,,,1,36,,8071,37,,,1,99,,8070,37,,,1,99,,8065,37,,,1,102,,8067,37,,,1,97,,8069,37,,,1,94,,8072,37,,,1
7303,'DIM',705,,9874,36,,,1,99,,9869,36,,,1,102,,9871,36,,,1,99,,9868,36,,,1,101,,9870,36,,,1,99,,9872,36,,,1,103,,9861,36,,,1,99,,9867,36,,,1,100,,9873,36,,,1,100,,9875,36,,,1,101,,9859,36,,,1,100,,9860,36,,,1,96,,9857,36,,,1,101,,9862,36,,,1,100,,9865,36,,,1,100,,9858,36,,,1,98,,9863,36,,,1,101,,9866,36,,,1,106,,9864,36,,,1
7303,'SAM',609,,9890,36,,,1,96,,9877,36,,,1,99,,9894,36,,,1,102,,9892,36,,,1,99,,9879,36,,,1,101,,9891,36,,,1,100,,9895,36,,,1,101,,9893,36,,,1,101,,9876,36,,,1,100,,9896,36,,,1,100,,9897,36,,,1,100,,9882,36,,,1,100,,9878,36,,,1,97,,9884,36,,,1,100,,9883,36,,,1,100,,9880,36,,,1,100,,9881,36,,,1,98,,9885,36,,,1,102,,9886,36,,,1,105,,9888,36,,,1,102,,9887,36,,,1,98,,9889,36,,,1
7303,'SEM',600,,9942,36,,,1,25,,9939,36,,,1,78,,9940,36,,,1,8,,9908,36,,,1,37,,9904,36,,,1,63,,9911,36,,,1,42,,9913,36,,,1,54,,9921,36,,,1,29,,9903,36,,,1,69,,9901,36,,,1,30,,9943,36,,,1,70,,9915,36,,,1,30,,9909,36,,,1,70,,9941,36,,,1,31,,9910,36,,,1,70,,9918,36,,,1,30,,9944,36,,,1,70,,9902,36,,,1,30,,9919,36,,,1,68,,9899,36,,,1,32,,9912,36,,,1,71,,9945,36,,,1,21,,9898,36,,,1,17,,9926,36,,,1,58,,9914,36,,,1,13,,9900,36,,,1,12,,9905,36,,,1,14,,9907,36,,,1,14,,9906,36,,,1,52,,9929,36,,,1,13,,9916,36,,,1,17,,9922,36,,,1,14,,9917,36,,,1,58,,9928,36,,,1,34,,9932,36,,,1,66,,9920,36,,,1,33,,9923,36,,,1,68,,9935,36,,,1,30,,9925,36,,,1,70,,9927,36,,,1,26,,9924,36,,,1,73,,9931,36,,,1,30,,9936,36,,,1,70,,9938,36,,,1,35,,9930,36,,,1,70,,9933,36,,,1,27,,9934,36,,,1,162,,9937,36,,,1
