4503,'DIM',638,,8030,4,,,1,100,,2117,4,,,1,101,,2115,4,,,1,98,,8029,4,,,1,101,,8031,4,,,1,98,,8028,4,,,1,106,,8034,4,,,1,99,,8020,4,,,1,96,,8033,4,,,1,106,,8019,4,,,1,90,,8032,4,,,1,100,,8022,4,,,1,100,,8026,4,,,1,100,,8021,4,,,1,100,,8027,4,,,1,100,,8025,4,,,1,100,,8024,4,,,1,109,,8023,4,,,1
4503,'SAM',638,,8044,4,,,1,100,,8047,4,,,1,101,,8049,4,,,1,98,,8050,4,,,1,101,,8035,4,,,1,100,,8048,4,,,1,104,,8045,4,,,1,101,,8046,4,,,1,99,,8052,4,,,1,96,,8040,4,,,1,95,,8051,4,,,1,100,,8037,4,,,1,100,,8038,4,,,1,100,,8036,4,,,1,100,,8042,4,,,1,100,,8039,4,,,1,102,,8043,4,,,1,107,,8041,4,,,1
4503,'SEM',624,,8063,4,,,1,20,,8075,4,,,1,74,,8053,4,,,1,25,,8057,4,,,1,64,,8055,4,,,1,44,,8079,4,,,1,72,,8061,4,,,1,101,,8077,4,,,1,100,,11218,4,,,1,95,,8078,4,,,1,100,,8064,4,,,1,38,,8058,4,,,1,82,,8060,4,,,1,17,,8059,4,,,1,64,,8068,4,,,1,26,,8062,4,,,1,57,,8054,4,,,1,33,,8056,4,,,1,19,,8066,4,,,1,54,,8073,4,,,1,40,,8074,4,,,1,78,,8071,4,,,1,101,,8070,4,,,1,100,,8065,4,,,1,102,,8067,4,,,1,98,,8069,4,,,1,94,,8072,4,,,1
5001,'DIM',529,,8425,14,,,1,100,,8438,14,,,1,100,,8432,14,,,1,101,,8437,14,,,1,101,,8440,14,,,1,26,,8431,14,,,1,72,,8433,14,,,1,28,,8444,14,,,1,78,,8436,14,,,1,68,,8434,14,,,1,37,,8443,14,,,1,64,,8430,14,,,1,35,,8435,14,,,1,62,,8419,14,,,1,33,,8421,14,,,1,70,,8418,14,,,1,34,,8441,14,,,1,66,,8439,14,,,1,36,,8426,14,,,1,81,,8442,14,,,1,21,,8428,14,,,1,97,,8429,14,,,1,102,,8420,14,,,1,99,,8423,14,,,1,100,,8422,14,,,1,99,,8424,14,,,1,100,,8427,14,,,1
5001,'SAM',529,,8452,14,,,1,100,,8445,14,,,1,100,,8462,14,,,1,103,,8466,14,,,1,102,,8458,14,,,1,23,,8468,14,,,1,75,,8471,14,,,1,68,,8460,14,,,1,35,,8467,14,,,1,66,,8469,14,,,1,34,,8461,14,,,1,68,,8463,14,,,1,34,,8470,14,,,1,71,,8448,14,,,1,32,,8464,14,,,1,62,,8447,14,,,1,32,,8465,14,,,1,70,,8453,14,,,1,36,,8455,14,,,1,81,,8446,14,,,1,21,,8454,14,,,1,100,,8456,14,,,1,99,,8449,14,,,1,100,,8450,14,,,1,100,,8457,14,,,1,98,,8451,14,,,1,100,,8459,14,,,1
5001,'SEM',523,,8497,14,,,1,98,,8499,14,,,1,38,,8481,14,,,1,60,,8503,14,,,1,40,,8474,14,,,1,68,,11222,14,,,1,27,,8478,14,,,1,70,,8500,14,,,1,30,,8501,14,,,1,70,,8484,14,,,1,30,,8479,14,,,1,70,,8477,14,,,1,30,,8502,14,,,1,71,,8498,14,,,1,30,,8473,14,,,1,70,,8488,14,,,1,30,,8475,14,,,1,70,,8472,14,,,1,87,,8480,14,,,1,27,,8485,14,,,1,70,,8482,14,,,1,30,,8476,14,,,1,70,,8491,14,,,1,32,,8486,14,,,1,71,,8489,14,,,1,25,,8487,14,,,1,79,,8493,14,,,1,104,,8495,14,,,1,104,,8490,14,,,1,104,,8492,14,,,1,104,,8494,14,,,1,105,,8496,14,,,1,91,,8504,4,,,1
6001,'DIM',807,,9029,38,,,1,103,,9037,38,,,1,100,,9036,38,,,1,103,,9040,38,,,1,104,,9038,38,,,1,107,,9042,38,,,1,100,,9039,38,,,1,101,,9041,38,,,1,100,,9043,38,,,1,98,,9028,38,,,1,95,,9044,38,,,1,95,,9035,38,,,1,97,,9031,38,,,1,97,,9030,38,,,1,98,,9033,38,,,1,100,,9032,38,,,1,100,,9034,38,,,1
6001,'SAM',703,,9048,38,,,1,104,,9058,38,,,1,103,,9057,38,,,1,94,,9060,38,,,1,109,,9056,38,,,1,104,,9054,38,,,1,107,,9062,38,,,1,100,,9061,38,,,1,107,,9055,38,,,1,94,,9059,38,,,1,98,,9046,38,,,1,95,,9050,38,,,1,95,,9051,38,,,1,97,,9045,38,,,1,97,,9049,38,,,1,98,,9047,38,,,1,100,,9053,38,,,1,100,,9052,38,,,1
6001,'SEM',544,,9079,38,,,1,103,,9063,38,,,1,95,,9064,38,,,1,72,,9066,38,,,1,45,,9069,38,,,1,92,,9080,38,,,1,103,,9081,38,,,1,99,,9065,38,,,1,100,,9067,38,,,1,102,,9082,38,,,1,100,,9071,38,,,1,99,,9068,38,,,1,148,,9074,38,,,1,100,,9070,38,,,1,53,,9077,38,,,1,97,,9073,38,,,1,89,,9076,38,,,1,99,,9078,38,,,1,95,,9072,38,,,1,100,,9075,38,,,1
34503,'SEM',444,,10992,23,,,1,100,,10993,23,,,1
