1703,'DIM',640,,5976,48,,,1,84,,94,48,,,1,100,,5966,48,,,1,101,,5971,48,,,1,99,,5972,48,,,1,102,,5975,48,,,1,101,,5973,48,,,1,101,,5977,48,,,1,101,,5979,48,,,1,99,,5970,48,,,1,102,,5974,48,,,1,96,,5962,48,,,1,99,,5978,48,,,1,99,,5965,48,,,1,101,,5963,48,,,1,98,,5964,48,,,1,100,,5967,48,,,1,100,,89,48,,,1,102,,5969,48,,,1,118,,5968,48,,,1
1703,'SAM',556,,5991,48,,,1,84,,5983,48,,,1,84,,5990,48,,,1,99,,5996,48,,,1,102,,5993,48,,,1,100,,5994,48,,,1,103,,5992,48,,,1,99,,5998,48,,,1,101,,5989,48,,,1,101,,5995,48,,,1,99,,5999,48,,,1,102,,5997,48,,,1,97,,6000,48,,,1,98,,5980,48,,,1,98,,5981,48,,,1,100,,5982,48,,,1,98,,5988,48,,,1,102,,5986,48,,,1,100,,5987,48,,,1,103,,5984,48,,,1,119,,5985,48,,,1
1703,'SEM',611,,6021,48,,,1,115,,6003,48,,,1,104,,6009,48,,,1,95,,6008,48,,,1,99,,6024,48,,,1,101,,6011,48,,,1,102,,6007,48,,,1,101,,6004,48,,,1,99,,6005,48,,,1,97,,11267,48,,,1,79,,6012,48,,,1,24,,6006,48,,,1,76,,6001,48,,,1,26,,6017,48,,,1,72,,6002,48,,,1,35,,6014,48,,,1,67,,6013,48,,,1,28,,6019,48,,,1,98,,6015,48,,,1,99,,6016,48,,,1,99,,6020,48,,,1,99,,6018,48,,,1,91,,6023,48,,,1,108,,6022,48,,,1
3903,'DIM',858,,7275,61,,,1,100,,1387,71,,,1,56,,7266,71,,,1,34,,7269,71,,,1,68,,7274,71,,,1,32,,7263,71,,,1,71,,7273,71,,,1,31,,7262,71,,,1,69,,7255,71,,,1,36,,7265,71,,,1,65,,7264,71,,,1,28,,7268,71,,,1,67,,7271,71,,,1,37,,7270,71,,,1,70,,7258,71,,,1,29,,7267,71,,,1,70,,7272,71,,,1,26,,7260,71,,,1,10,,7253,71,,,1,64,,7259,71,,,1,25,,7252,71,,,1,99,,7257,71,,,1,98,,7261,71,,,1,98,,7254,71,,,1,104,,7256,71,,,1
3903,'SAM',858,,7299,61,,,1,100,,7291,71,,,1,56,,7295,71,,,1,34,,7292,71,,,1,70,,7288,71,,,1,30,,7294,71,,,1,71,,7296,71,,,1,28,,7287,71,,,1,72,,7286,71,,,1,35,,7289,71,,,1,67,,7276,71,,,1,31,,7277,71,,,1,65,,7293,71,,,1,35,,7280,71,,,1,70,,7297,71,,,1,29,,7281,71,,,1,70,,7283,71,,,1,26,,7290,71,,,1,11,,7284,71,,,1,63,,7298,71,,,1,25,,7282,71,,,1,101,,7285,71,,,1,96,,7278,71,,,1,98,,1409,71,,,1,104,,7279,71,,,1
3903,'SEM',755,,7304,71,,,1,103,,7310,71,,,1,100,,7309,71,,,1,70,,7305,71,,,1,28,,7324,71,,,1,70,,7303,71,,,1,30,,7327,71,,,1,72,,7325,71,,,1,30,,7326,71,,,1,71,,7302,71,,,1,71,,7308,71,,,1,33,,7300,71,,,1,73,,7306,71,,,1,16,,7313,71,,,1,32,,7314,71,,,1,54,,7315,71,,,1,25,,7320,71,,,1,16,,7301,71,,,1,66,,7307,71,,,1,29,,7322,71,,,1,72,,7312,71,,,1,32,,7311,71,,,1,77,,7319,71,,,1,96,,7321,71,,,1,103,,7317,71,,,1,99,,7316,71,,,1,98,,7318,71,,,1,36,,7323,71,,,1
4503,'DIM',702,,8030,49,,,1,100,,2117,49,,,1,101,,2115,49,,,1,99,,8029,49,,,1,101,,8031,49,,,1,98,,8028,49,,,1,106,,8034,49,,,1,100,,8020,49,,,1,96,,8033,49,,,1,106,,8019,49,,,1,50,,8032,49,,,1,100,,8022,49,,,1,99,,8026,49,,,1,100,,8021,49,,,1,99,,8027,49,,,1,100,,8025,49,,,1,100,,8024,49,,,1,149,,8023,49,,,1
4503,'SAM',702,,8044,49,,,1,100,,8047,49,,,1,101,,8049,49,,,1,99,,8050,49,,,1,101,,8035,49,,,1,100,,8048,49,,,1,104,,8045,49,,,1,102,,8046,49,,,1,99,,8052,49,,,1,96,,8040,49,,,1,55,,8051,49,,,1,100,,8037,49,,,1,99,,8038,49,,,1,100,,8036,49,,,1,99,,8042,49,,,1,100,,8039,49,,,1,102,,8043,49,,,1,147,,8041,49,,,1
4503,'SEM',653,,8063,49,,,1,60,,8075,49,,,1,35,,8053,49,,,1,65,,8057,49,,,1,23,,8055,49,,,1,84,,8079,49,,,1,31,,8061,49,,,1,101,,8077,49,,,1,100,,11284,49,,,1,96,,8078,49,,,1,100,,8064,49,,,1,78,,8058,49,,,1,85,,8060,49,,,1,17,,8059,49,,,1,26,,8068,49,,,1,71,,8062,49,,,1,17,,8054,49,,,1,73,,8056,49,,,1,18,,8066,49,,,1,12,,8073,49,,,1,76,,8074,49,,,1,36,,8071,49,,,1,98,,8070,49,,,1,99,,8065,49,,,1,102,,8067,49,,,1,97,,8069,49,,,1,94,,8072,49,,,1
7401,'DIM',742,,10038,50,,,2,99,,10039,50,,,2,101,,10045,50,,,2,100,,10043,50,,,2,101,,10040,50,,,2,100,,10041,50,,,2,102,,10042,50,,,2,100,,10046,50,,,2,100,,10044,50,,,2,98,,10047,50,,,2,100,,10031,50,,,2,98,,10035,50,,,2,100,,10037,50,,,2,101,,10036,50,,,2,101,,10034,50,,,2,98,,10032,50,,,2,99,,10033,50,,,2
7401,'SAM',743,,10058,50,,,2,100,,10056,50,,,2,101,,10061,50,,,2,100,,10064,50,,,2,100,,10059,50,,,2,100,,10062,50,,,2,99,,10057,50,,,2,102,,10063,50,,,2,100,,10060,50,,,2,100,,10050,50,,,2,98,,10048,50,,,2,100,,10054,50,,,2,100,,10055,50,,,2,101,,10053,50,,,2,101,,10049,50,,,2,96,,10051,50,,,2,99,,10052,50,,,2
7401,'SEM',644,,10082,50,,,2,98,,10083,50,,,2,100,,10069,50,,,2,105,,10071,50,,,2,97,,10068,50,,,2,100,,10081,50,,,2,102,,10084,50,,,2,101,,10067,50,,,2,100,,10065,50,,,2,101,,10072,50,,,2,94,,10066,50,,,2,100,,10075,50,,,2,67,,10070,50,,,2,39,,10079,50,,,2,97,,10073,50,,,2,98,,10077,50,,,2,99,,10076,50,,,2,97,,10074,50,,,2,103,,10078,50,,,2,98,,10080,50,,,2
