3703,'DIM',643,,7146,39,,,2,75,,7149,39,,,2,101,,7156,39,,,2,100,,7154,39,,,2,100,,7151,39,,,2,100,,7145,39,,,2,101,,7152,39,,,2,99,,7147,39,,,2,100,,7148,39,,,2,100,,7150,39,,,2,100,,7153,39,,,2,104,,7155,39,,,2,87,,7157,39,,,2
3703,'SAM',643,,7165,39,,,2,79,,7162,39,,,2,97,,7169,39,,,2,100,,7160,39,,,2,100,,7158,39,,,2,100,,7161,39,,,2,101,,7167,39,,,2,101,,7166,39,,,2,103,,7164,39,,,2,95,,7159,39,,,2,104,,7163,39,,,2,99,,7168,39,,,2,89,,7170,39,,,2
3703,'SEM',603,,7181,39,,,2,15,,7171,39,,,2,19,,7172,39,,,2,18,,7197,39,,,2,53,,7194,39,,,2,13,,7195,39,,,2,24,,7198,39,,,2,77,,7193,39,,,2,36,,7192,39,,,2,68,,7176,39,,,2,97,,11155,39,,,2,100,,7174,39,,,2,100,,7196,39,,,2,100,,7190,39,,,2,101,,7175,39,,,2,80,,7178,39,,,2,20,,7177,39,,,2,31,,7182,39,,,2,65,,7173,39,,,2,38,,7179,39,,,2,100,,7187,39,,,2,97,,7180,39,,,2,145,,7184,39,,,2,58,,7183,39,,,2,100,,7191,39,,,2,100,,7185,39,,,2,97,,7189,39,,,2,98,,7186,39,,,2
6303,'DIM',758,,9273,37,,,1,101,,9267,37,,,1,143,,9269,37,,,1,55,,9268,37,,,1,146,,9274,37,,,1,55,,9270,37,,,1,143,,9272,37,,,1,103,,9271,37,,,1,98,,9275,37,,,1,102,,9258,37,,,1,105,,9276,37,,,1,92,,9259,37,,,1,58,,9260,37,,,1,100,,9263,37,,,1,100,,9261,37,,,1,100,,9264,37,,,1,99,,9262,37,,,1,100,,9265,37,,,1,98,,9266,37,,,1
6303,'SAM',657,,9289,37,,,1,101,,9283,37,,,1,101,,9292,37,,,1,143,,9291,37,,,1,103,,9293,37,,,1,98,,9295,37,,,1,56,,9290,37,,,1,144,,9296,37,,,1,105,,9279,37,,,1,95,,9294,37,,,1,101,,9277,37,,,1,100,,9280,37,,,1,103,,9278,37,,,1,52,,9281,37,,,1,100,,9284,37,,,1,100,,9282,37,,,1,100,,9285,37,,,1,99,,9286,37,,,1,100,,9288,37,,,1,98,,9287,37,,,1
6303,'SEM',520,,9333,1,,,1,99,,9323,37,,,1,19,,9330,37,,,1,19,,9328,37,,,1,79,,9329,37,,,1,16,,9297,37,,,1,68,,9308,37,,,1,23,,9310,37,,,1,75,,9312,37,,,1,33,,9299,37,,,1,64,,9298,37,,,1,30,,9331,37,,,1,70,,9303,37,,,1,31,,9304,37,,,1,71,,9309,37,,,1,30,,9332,37,,,1,70,,9300,37,,,1,31,,9301,37,,,1,69,,9302,37,,,1,31,,9305,37,,,1,75,,9306,37,,,1,22,,9314,37,,,1,75,,9311,37,,,1,15,,9318,37,,,1,70,,9321,37,,,1,31,,9307,37,,,1,23,,9313,37,,,1,65,,9317,37,,,1,89,,9320,37,,,1,41,,9322,37,,,1,95,,9315,37,,,1,98,,9316,37,,,1,84,,9319,37,,,1,104,,9324,37,,,1,99,,9326,37,,,1,105,,9325,37,,,1,91,,9327,37,,,1
6503,'DIM',719,,9418,13,,,2,101,,9421,13,,,2,100,,9422,13,,,2,96,,9417,13,,,2,104,,9423,13,,,2,102,,9405,13,,,2,100,,9420,13,,,2,94,,9406,13,,,2,107,,9419,13,,,2,98,,9407,13,,,2,102,,9413,13,,,2,102,,9411,13,,,2,96,,9408,13,,,2,100,,9410,13,,,2,99,,9409,13,,,2,100,,9412,13,,,2,99,,9414,13,,,2,99,,9415,13,,,2,100,,9416,13,,,2
6503,'SAM',719,,9435,13,,,2,101,,9436,13,,,2,100,,9441,13,,,2,97,,9439,13,,,2,104,,9443,13,,,2,101,,9438,13,,,2,100,,9437,13,,,2,100,,9424,13,,,2,101,,9442,13,,,2,102,,9440,13,,,2,95,,9444,13,,,2,101,,9430,13,,,2,101,,9426,13,,,2,99,,9433,13,,,2,99,,9425,13,,,2,100,,9427,13,,,2,99,,9432,13,,,2,99,,9428,13,,,2,100,,9429,13,,,2,85,,9431,13,,,2,40,,9434,13,,,2
6503,'SEM',509,,9490,1,,,2,97,,9475,13,,,2,24,,9482,13,,,2,71,,9489,13,,,2,22,,9446,13,,,2,21,,9449,13,,,2,81,,9481,13,,,2,30,,9453,13,,,2,72,,9486,13,,,2,30,,9450,13,,,2,70,,9485,13,,,2,26,,9484,13,,,2,70,,9468,13,,,2,30,,9483,13,,,2,70,,9445,13,,,2,30,,9487,13,,,2,70,,9454,13,,,2,31,,9455,13,,,2,70,,9457,13,,,2,31,,9463,13,,,2,65,,9464,13,,,2,15,,9466,13,,,2,15,,9448,13,,,2,55,,9474,13,,,2,12,,9461,13,,,2,11,,9488,13,,,2,14,,9451,13,,,2,11,,9456,13,,,2,50,,9452,13,,,2,15,,9447,13,,,2,15,,9467,13,,,2,15,,9470,13,,,2,55,,9480,13,,,2,16,,9479,13,,,2,15,,9459,13,,,2,14,,9465,13,,,2,60,,9472,13,,,2,15,,9469,13,,,2,30,,9458,13,,,2,70,,9460,13,,,2,30,,9462,13,,,2,70,,9478,13,,,2,23,,9473,13,,,2,106,,9471,13,,,2,100,,9477,13,,,2,100,,9476,13,,,2
7001,'DIM',713,,9696,29,,,1,100,,9699,29,,,1,102,,9698,29,,,1,100,,9702,29,,,1,25,,9703,29,,,1,71,,9705,29,,,1,24,,9700,29,,,1,82,,9704,29,,,1,20,,9701,29,,,1,78,,9707,29,,,1,31,,9706,29,,,1,72,,9683,29,,,1,21,,9697,29,,,1,78,,9682,29,,,1,20,,9687,29,,,1,74,,9684,29,,,1,35,,9689,29,,,1,73,,9686,29,,,1,34,,9688,29,,,1,70,,9693,29,,,1,94,,9691,29,,,1,99,,9690,29,,,1,100,,9685,29,,,1,100,,9694,29,,,1,98,,9695,29,,,1,97,,9692,29,,,1
7001,'SAM',713,,9728,29,,,1,100,,9726,29,,,1,102,,9731,29,,,1,100,,9727,29,,,1,26,,9733,29,,,1,68,,9732,29,,,1,27,,9730,29,,,1,81,,9708,29,,,1,24,,9709,29,,,1,73,,9729,29,,,1,27,,9711,29,,,1,73,,9725,29,,,1,24,,9710,29,,,1,79,,9713,29,,,1,29,,9714,29,,,1,67,,9717,29,,,1,31,,9712,29,,,1,75,,9718,29,,,1,34,,9719,29,,,1,70,,9722,29,,,1,94,,9721,29,,,1,99,,9723,29,,,1,100,,9720,29,,,1,100,,9716,29,,,1,99,,9715,29,,,1,96,,9724,29,,,1
7001,'SEM',528,,9735,29,,,1,16,,9769,29,,,1,67,,9739,29,,,1,14,,9768,29,,,1,29,,9748,29,,,1,69,,9767,29,,,1,77,,9738,29,,,1,15,,9743,29,,,1,34,,9734,29,,,1,68,,9744,29,,,1,27,,9745,29,,,1,75,,9740,29,,,1,27,,9765,29,,,1,70,,9766,29,,,1,31,,9754,29,,,1,69,,9737,29,,,1,32,,9736,29,,,1,70,,9741,29,,,1,32,,9746,29,,,1,69,,9747,29,,,1,34,,9749,29,,,1,70,,9751,29,,,1,28,,9755,29,,,1,64,,9757,29,,,1,40,,9742,29,,,1,70,,9760,29,,,1,31,,9761,29,,,1,66,,9756,29,,,1,81,,9752,29,,,1,35,,9750,29,,,1,83,,9759,29,,,1,101,,9753,29,,,1,102,,9758,29,,,1,104,,9763,29,,,1,91,,9762,29,,,1,134,,9764,29,,,1
7602,'DIM',612,,10243,13,,,2,97,,10258,13,,,2,100,,10250,13,,,2,100,,10261,13,,,2,30,,10265,13,,,2,70,,10259,13,,,2,29,,10263,13,,,2,70,,10246,13,,,2,31,,10251,13,,,2,71,,10248,13,,,2,31,,10262,13,,,2,70,,10239,13,,,2,30,,10252,13,,,2,69,,10257,13,,,2,30,,10244,13,,,2,71,,4282,13,,,2,30,,10264,13,,,2,70,,10266,13,,,2,30,,10245,13,,,2,75,,10260,13,,,2,25,,10249,13,,,2,70,,10241,13,,,2,99,,10240,13,,,2,100,,10242,13,,,2,100,,10255,13,,,2,100,,10247,13,,,2,100,,10253,13,,,2,100,,10254,13,,,2,100,,10256,13,,,2
7602,'SAM',612,,10286,13,,,2,98,,10283,13,,,2,98,,10291,13,,,2,101,,10284,13,,,2,30,,10277,13,,,2,70,,10288,13,,,2,29,,10293,13,,,2,68,,10292,13,,,2,33,,10285,13,,,2,66,,10270,13,,,2,36,,10281,13,,,2,70,,10289,13,,,2,30,,10290,13,,,2,69,,10295,13,,,2,31,,10282,13,,,2,68,,10287,13,,,2,32,,10267,13,,,2,70,,10294,13,,,2,30,,10296,13,,,2,70,,10272,13,,,2,25,,10271,13,,,2,72,,10275,13,,,2,102,,10279,13,,,2,101,,10276,13,,,2,102,,10268,13,,,2,100,,10269,13,,,2,102,,10273,13,,,2,95,,10278,13,,,2,97,,10274,13,,,2,104,,10280,13,,,2
7602,'SEM',559,,10318,13,,,2,61,,10330,13,,,2,13,,10332,13,,,2,10,,10334,13,,,2,13,,10331,13,,,2,63,,10313,13,,,2,26,,10305,13,,,2,64,,10310,13,,,2,19,,10297,13,,,2,20,,10300,13,,,2,67,,10307,13,,,2,30,,10333,13,,,2,71,,10312,13,,,2,29,,10337,13,,,2,70,,10329,13,,,2,30,,10335,13,,,2,68,,10336,13,,,2,29,,10303,13,,,2,76,,10311,13,,,2,25,,10299,13,,,2,60,,10309,13,,,2,28,,10306,13,,,2,70,,10316,13,,,2,21,,10320,13,,,2,18,,10301,13,,,2,60,,10308,13,,,2,20,,10302,13,,,2,20,,10298,13,,,2,19,,10304,13,,,2,61,,10317,13,,,2,20,,10323,13,,,2,60,,10322,13,,,2,20,,10319,13,,,2,19,,10314,13,,,2,72,,10325,13,,,2,30,,10324,13,,,2,100,,10315,13,,,2,100,,10321,13,,,2,99,,10327,13,,,2,99,,10328,13,,,2,114,,10326,13,,,2
