2402,'DIM',725,,532,36,,,1,105,,6407,36,,,1,100,,6403,36,,,1,99,,6409,36,,,1,71,,6406,36,,,1,29,,540,36,,,1,71,,6412,36,,,1,26,,6416,36,,,1,77,,6417,36,,,1,30,,6410,36,,,1,71,,6413,36,,,1,23,,6418,36,,,1,74,,6408,36,,,1,27,,6395,36,,,1,75,,6415,36,,,1,35,,6398,36,,,1,65,,6419,36,,,1,35,,6411,36,,,1,65,,6396,36,,,1,35,,6414,36,,,1,95,,6399,36,,,1,99,,6397,36,,,1,98,,6405,36,,,1,100,,6400,36,,,1,93,,6401,36,,,1,100,,6404,36,,,1,105,,6402,36,,,1
2402,'SAM',628,,6447,36,,,1,97,,6436,36,,,1,106,,6432,36,,,1,99,,6445,36,,,1,99,,6437,36,,,1,30,,6446,36,,,1,70,,6440,36,,,1,71,,6421,36,,,1,29,,6433,36,,,1,74,,6435,36,,,1,32,,6420,36,,,1,67,,6434,36,,,1,35,,6438,36,,,1,71,,6442,36,,,1,20,,6439,36,,,1,73,,6441,36,,,1,32,,6443,36,,,1,70,,6425,36,,,1,36,,6423,36,,,1,64,,6444,36,,,1,30,,6426,36,,,1,100,,6424,36,,,1,100,,6429,36,,,1,97,,6422,36,,,1,100,,6427,36,,,1,95,,6428,36,,,1,102,,6431,36,,,1,101,,6430,36,,,1
2402,'SEM',553,,6459,36,,,1,82,,6471,36,,,1,79,,6449,36,,,1,20,,6452,36,,,1,69,,6458,36,,,1,25,,6454,36,,,1,31,,6455,36,,,1,69,,6476,36,,,1,30,,6460,36,,,1,70,,6456,36,,,1,30,,6482,36,,,1,70,,6485,36,,,1,30,,6448,36,,,1,70,,6481,36,,,1,30,,6483,36,,,1,70,,6453,36,,,1,30,,6484,36,,,1,70,,6457,36,,,1,72,,6450,36,,,1,32,,6461,36,,,1,27,,6467,36,,,1,60,,6451,36,,,1,22,,6474,36,,,1,16,,6466,36,,,1,57,,6462,36,,,1,12,,6470,36,,,1,16,,6465,36,,,1,59,,6475,36,,,1,19,,6463,36,,,1,20,,6464,36,,,1,18,,6480,36,,,1,94,,6473,36,,,1,99,,6469,36,,,1,102,,6468,36,,,1,96,,6472,36,,,1,104,,6477,36,,,1,100,,6479,36,,,1,90,,6478,36,,,1
6602,'DIM',717,,9636,32,,,1,105,,3688,32,,,1,101,,9644,32,,,1,101,,3696,32,,,1,103,,9632,32,,,1,99,,9645,32,,,1,101,,9642,32,,,1,173,,9634,32,,,1,54,,9643,32,,,1,76,,9633,32,,,1,70,,9639,32,,,1,30,,9631,32,,,1,70,,9646,32,,,1,28,,9637,32,,,1,98,,9640,32,,,1,100,,9638,32,,,1,98,,9635,32,,,1,100,,9641,32,,,1
6602,'SAM',717,,9656,32,,,1,102,,9658,32,,,1,98,,9660,32,,,1,107,,9663,32,,,1,103,,9659,32,,,1,99,,9661,32,,,1,101,,9647,32,,,1,173,,9649,32,,,1,100,,9652,32,,,1,30,,9664,32,,,1,70,,9655,32,,,1,30,,9651,32,,,1,70,,9662,32,,,1,28,,9653,32,,,1,99,,9657,32,,,1,99,,9654,32,,,1,98,,9648,32,,,1,100,,9650,32,,,1
6602,'SEM',657,,9680,32,,,1,143,,9681,32,,,1,101,,9671,32,,,1,105,,9674,32,,,1,100,,9673,32,,,1,106,,9666,32,,,1,100,,9669,32,,,1,100,,9665,32,,,1,32,,9667,32,,,1,92,,9668,32,,,1,96,,9672,32,,,1,104,,9670,32,,,1,98,,9677,32,,,1,98,,9675,32,,,1,99,,9676,32,,,1,99,,9678,32,,,1,71,,9679,32,,,1
14402,'DIM',740,,10440,20,,,2,98,,10442,20,,,2,85,,10447,20,,,2,99,,10452,20,,,2,79,,10450,20,,,2,27,,10441,20,,,2,72,,10453,20,,,2,40,,10451,20,,,2,68,,10444,20,,,2,33,,10454,20,,,2,79,,10443,20,,,2,28,,10445,20,,,2,75,,10446,20,,,2,79,,10448,20,,,2,28,,10430,20,,,2,74,,10429,20,,,2,39,,10449,20,,,2,67,,10431,20,,,2,34,,10435,20,,,2,100,,10437,20,,,2,86,,10432,20,,,2,97,,10438,20,,,2,97,,10433,20,,,2,97,,10439,20,,,2,103,,10434,20,,,2,97,,10436,20,,,2
14402,'SAM',740,,10471,20,,,2,98,,10466,20,,,2,85,,10472,20,,,2,99,,10467,20,,,2,79,,10477,20,,,2,27,,10480,20,,,2,72,,10473,20,,,2,40,,10478,20,,,2,68,,10468,20,,,2,33,,10474,20,,,2,79,,10479,20,,,2,28,,10469,20,,,2,75,,10475,20,,,2,79,,10476,20,,,2,28,,10470,20,,,2,74,,10457,20,,,2,37,,10458,20,,,2,69,,10481,20,,,2,34,,10461,20,,,2,100,,10455,20,,,2,86,,10459,20,,,2,97,,10456,20,,,2,97,,10460,20,,,2,97,,10465,20,,,2,103,,10464,20,,,2,97,,10462,20,,,2,100,,10463,20,,,2
14402,'SEM',547,,10516,20,,,2,91,,10502,20,,,2,100,,10519,20,,,2,111,,10495,20,,,2,85,,10483,20,,,2,68,,10496,20,,,2,31,,10511,20,,,2,75,,10494,20,,,2,27,,10486,20,,,2,70,,10492,20,,,2,36,,10497,20,,,2,69,,10485,20,,,2,32,,10487,20,,,2,79,,10484,20,,,2,30,,10491,20,,,2,76,,10500,20,,,2,23,,10517,20,,,2,58,,10518,20,,,2,9,,10506,20,,,2,7,,10507,20,,,2,21,,10490,20,,,2,13,,10499,20,,,2,53,,10503,20,,,2,17,,10482,20,,,2,8,,10488,20,,,2,11,,10489,20,,,2,59,,10493,20,,,2,13,,10512,20,,,2,20,,10498,20,,,2,15,,10504,20,,,2,64,,10508,20,,,2,95,,10515,20,,,2,89,,10501,20,,,2,57,,10505,20,,,2,142,,10510,20,,,2,51,,10509,20,,,2,150,,10513,20,,,2,112,,10514,20,,,2
24402,'SEM',1633,,10870,18,,,2,20,,10869,18,,,2
