1704,'DIM',459,,6036,18,,,1,90,,6039,18,,,1,105,,6042,18,,,1,96,,6035,18,,,1,99,,6029,18,,,1,100,,6034,18,,,1,100,,6037,18,,,1,100,,6041,18,,,1,103,,6038,18,,,1,100,,6043,18,,,1,102,,6045,18,,,1,99,,6033,18,,,1,101,,6040,18,,,1,101,,6025,18,,,1,98,,6044,18,,,1,99,,6028,18,,,1,99,,6026,18,,,1,102,,6027,18,,,1,99,,6030,18,,,1,99,,6032,18,,,1,96,,6031,18,,,1
1704,'SAM',500,,6057,18,,,1,49,,6054,18,,,1,105,,6049,18,,,1,96,,6056,18,,,1,99,,6062,18,,,1,101,,6059,18,,,1,99,,6060,18,,,1,100,,6058,18,,,1,102,,6064,18,,,1,100,,6055,18,,,1,101,,6061,18,,,1,101,,6065,18,,,1,102,,6063,18,,,1,100,,6066,18,,,1,98,,6046,18,,,1,99,,6047,18,,,1,99,,6048,18,,,1,102,,6053,18,,,1,99,,6051,18,,,1,99,,6052,18,,,1,96,,6050,18,,,1
1704,'SEM',510,,6078,18,,,1,102,,6088,18,,,1,20,,6068,18,,,1,20,,6072,18,,,1,56,,6074,18,,,1,25,,6089,18,,,1,73,,6067,18,,,1,102,,6071,18,,,1,45,,6076,18,,,1,99,,6070,18,,,1,101,,6079,18,,,1,100,,6075,18,,,1,100,,6069,18,,,1,101,,6073,18,,,1,103,,6077,18,,,1,98,,6084,18,,,1,102,,6082,18,,,1,99,,6080,18,,,1,99,,6086,18,,,1,100,,6081,18,,,1,99,,6083,18,,,1,101,,6087,18,,,1,99,,6085,18,,,1
3104,'DIM',619,,1107,28,,,1,101,,6985,28,,,1,100,,6984,28,,,1,100,,6989,28,,,1,102,,6992,28,,,1,100,,6993,28,,,1,101,,6990,28,,,1,101,,6986,28,,,1,102,,6988,28,,,1,102,,6976,28,,,1,96,,6987,28,,,1,101,,6991,28,,,1,98,,6979,28,,,1,100,,6978,28,,,1,99,,6980,28,,,1,101,,6977,28,,,1,100,,6983,28,,,1,98,,6982,28,,,1,101,,6981,28,,,1
3104,'SAM',519,,7010,28,,,1,98,,7004,28,,,1,103,,7006,28,,,1,101,,7009,28,,,1,99,,7007,28,,,1,101,,7011,28,,,1,99,,7013,28,,,1,101,,6994,28,,,1,103,,7003,28,,,1,101,,7008,28,,,1,101,,7005,28,,,1,102,,7012,28,,,1,97,,6997,28,,,1,100,,6998,28,,,1,98,,7000,28,,,1,99,,6995,28,,,1,101,,7001,28,,,1,100,,7002,28,,,1,98,,6996,28,,,1,101,,6999,28,,,1
3104,'SEM',450,,7030,28,,,1,69,,1143,28,,,1,84,,7031,28,,,1,21,,7033,28,,,1,23,,7016,28,,,1,73,,7018,28,,,1,32,,7029,28,,,1,70,,7015,28,,,1,30,,7017,28,,,1,71,,7034,28,,,1,100,,7036,28,,,1,100,,7035,28,,,1,100,,7014,28,,,1,100,,7032,28,,,1,100,,7019,28,,,1,103,,7020,28,,,1,102,,7023,28,,,1,101,,7021,28,,,1,98,,7028,28,,,1,98,,7025,28,,,1,101,,7026,28,,,1,101,,7022,28,,,1,99,,7024,28,,,1,106,,7027,28,,,1
3904,'DIM',820,,1465,18,,,1,99,,7336,18,,,1,95,,7342,18,,,1,14,,7340,18,,,1,74,,7344,18,,,1,28,,7349,18,,,1,74,,7337,18,,,1,30,,7348,18,,,1,71,,7335,18,,,1,29,,7330,18,,,1,76,,7339,18,,,1,25,,7338,18,,,1,68,,7343,18,,,1,27,,7346,18,,,1,77,,7345,18,,,1,30,,7332,18,,,1,70,,7341,18,,,1,30,,7347,18,,,1,80,,7333,18,,,1,85,,7328,18,,,1,100,,7331,18,,,1,57,,7334,18,,,1,100,,7329,18,,,1
3904,'SAM',820,,7364,18,,,1,101,,7363,18,,,1,93,,7365,18,,,1,14,,7369,18,,,1,76,,7366,18,,,1,30,,7361,18,,,1,70,,7368,18,,,1,30,,7370,18,,,1,70,,7360,18,,,1,30,,7359,18,,,1,75,,7362,18,,,1,29,,7350,18,,,1,69,,7351,18,,,1,25,,7367,18,,,1,75,,7354,18,,,1,30,,7371,18,,,1,70,,7355,18,,,1,30,,7357,18,,,1,80,,7352,18,,,1,85,,7356,18,,,1,100,,7358,18,,,1,57,,7353,18,,,1,100,,1475,18,,,1
3904,'SEM',609,,7394,18,,,1,39,,7375,18,,,1,52,,7382,18,,,1,10,,7384,18,,,1,33,,7376,18,,,1,69,,7374,18,,,1,35,,7385,18,,,1,67,,7383,18,,,1,30,,7397,18,,,1,69,,7381,18,,,1,30,,7393,18,,,1,70,,7391,18,,,1,30,,7373,18,,,1,70,,7396,18,,,1,30,,7392,18,,,1,70,,7395,18,,,1,35,,7380,18,,,1,70,,7378,18,,,1,30,,7372,18,,,1,73,,7377,18,,,1,106,,7386,18,,,1,107,,7379,18,,,1,104,,7390,18,,,1,102,,7388,18,,,1,99,,7389,18,,,1,99,,7387,18,,,1
4504,'DIM',617,,2173,18,,,1,100,,8090,18,,,1,99,,2174,18,,,1,101,,8092,18,,,1,99,,8089,18,,,1,101,,8091,18,,,1,98,,8088,18,,,1,106,,8095,18,,,1,100,,8082,18,,,1,96,,8094,18,,,1,106,,8080,18,,,1,90,,8093,18,,,1,100,,8081,18,,,1,100,,8086,18,,,1,100,,8083,18,,,1,100,,8087,18,,,1,100,,8085,18,,,1,100,,8084,18,,,1
4504,'SAM',611,,8106,18,,,1,106,,8104,18,,,1,99,,8108,18,,,1,101,,8110,18,,,1,99,,8111,18,,,1,101,,8096,18,,,1,100,,8109,18,,,1,104,,8105,18,,,1,102,,8107,18,,,1,99,,8113,18,,,1,96,,8100,18,,,1,95,,8112,18,,,1,100,,8101,18,,,1,100,,8098,18,,,1,100,,8097,18,,,1,100,,8102,18,,,1,100,,8099,18,,,1,100,,8103,18,,,1
4504,'SEM',531,,8137,18,,,1,18,,8141,18,,,1,78,,8136,18,,,1,26,,8117,18,,,1,50,,8121,18,,,1,13,,8125,18,,,1,14,,8126,18,,,1,26,,8114,18,,,1,52,,8124,18,,,1,46,,8115,18,,,1,152,,8122,18,,,1,108,,8138,18,,,1,96,,8139,18,,,1,94,,8140,18,,,1,101,,8127,18,,,1,44,,8118,18,,,1,78,,8120,18,,,1,18,,8119,18,,,1,68,,8129,18,,,1,38,,8123,18,,,1,83,,8116,18,,,1,73,,8135,18,,,1,108,,8133,18,,,1,102,,8132,18,,,1,103,,8128,18,,,1,94,,8130,18,,,1,95,,8131,18,,,1,95,,8134,18,,,1
7304,'DIM',534,,4008,46,,,1,70,,3997,46,,,1,101,,9957,46,,,1,100,,9963,46,,,1,100,,9958,46,,,1,101,,9960,46,,,1,101,,9956,46,,,1,100,,9959,46,,,1,101,,9961,46,,,1,101,,9950,46,,,1,101,,9955,46,,,1,101,,9962,46,,,1,100,,9964,46,,,1,99,,9948,46,,,1,98,,9949,46,,,1,100,,9946,46,,,1,100,,9951,46,,,1,99,,9953,46,,,1,99,,9947,46,,,1,101,,9952,46,,,1,99,,9954,46,,,1
7304,'SAM',534,,9987,46,,,1,70,,9975,46,,,1,103,,9979,46,,,1,98,,9967,46,,,1,100,,9983,46,,,1,101,,9981,46,,,1,102,,9968,46,,,1,101,,9980,46,,,1,99,,9984,46,,,1,101,,9982,46,,,1,101,,9965,46,,,1,102,,9985,46,,,1,99,,9986,46,,,1,99,,9971,46,,,1,98,,9966,46,,,1,100,,9973,46,,,1,100,,9972,46,,,1,99,,9969,46,,,1,99,,9970,46,,,1,101,,9974,46,,,1,99,,9976,46,,,1,100,,9978,46,,,1,99,,9977,46,,,1
7304,'SEM',456,,10017,46,,,1,84,,10015,46,,,1,80,,10026,46,,,1,18,,10028,46,,,1,64,,10027,46,,,1,12,,9994,46,,,1,12,,10023,46,,,1,13,,10000,46,,,1,61,,10003,46,,,1,16,,10024,46,,,1,15,,9995,46,,,1,26,,9992,46,,,1,70,,9998,46,,,1,82,,10007,46,,,1,29,,9993,46,,,1,70,,9990,46,,,1,30,,10029,46,,,1,70,,10002,46,,,1,35,,9996,46,,,1,66,,10025,46,,,1,30,,9997,46,,,1,70,,10004,46,,,1,30,,10030,46,,,1,71,,9991,46,,,1,41,,10005,46,,,1,53,,9989,46,,,1,19,,9988,46,,,1,34,,9999,46,,,1,57,,10012,46,,,1,25,,10011,46,,,1,74,,10001,46,,,1,35,,10018,46,,,1,63,,10016,46,,,1,33,,10008,46,,,1,66,,10014,46,,,1,31,,10020,46,,,1,71,,10006,46,,,1,28,,10009,46,,,1,70,,10021,46,,,1,30,,10010,46,,,1,70,,10013,46,,,1,100,,10019,46,,,1,94,,10022,46,,,1
